0.49 4 4 1
2.89 2 4 1
4.09 1 4 1
5.29 1 4 1
6.49 3 4 1
7.09 4 4 1
7.69 4 4 1
10.09 3 4 1
11.59 1 4 1
12.49 3 4 1
14.29 4 4 1
14.89 2 4 1
14.89 1 4 1
16.09 4 4 1
17.29 1 4 1
17.89 1 4 1
18.49 4 4 1
19.09 1 4 1
19.39 2 4 1
19.69 3 4 1
19.99 4 4 1
21.19 4 4 1
22.39 1 4 1
22.99 2 4 1
23.59 3 4 1
24.49 4 4 1
24.79 3 4 1
25.69 1 4 1
26.29 1 4 1
26.89 2 4 1
28.39 4 4 1
29.29 3 4 1
29.59 2 4 1
31.69 2 4 1
31.99 3 4 1
34.09 4 4 1
34.39 3 4 1
35.29 2 4 1
35.89 3 4 1
36.49 2 4 1
37.689 4 4 1
38.289 3 4 1
38.589 2 4 1
38.889 1 4 1
39.189 2 4 1
40.389 1 4 1
41.289 3 4 1
41.589 4 4 1
43.089 2 4 1
43.689 3 4 1
44.889 2 4 1
45.489 1 4 1
46.089 4 4 1
46.089 3 4 1
48.489 3 4 1
48.489 4 4 1
50.289 2 4 1
50.889 4 4 1
50.889 3 4 1
53.289 4 4 1
53.589 3 4 1
54.489 2 4 1
55.689 3 4 1
55.989 4 4 1
58.089 3 4 1
58.239 4 4 1
58.389 1 4 1
59.589 3 4 1
60.489 2 4 1
60.789 4 4 1
61.989 3 4 1
62.889 4 4 1
63.189 3 4 1
64.089 3 4 1
65.289 4 4 1
66.789 1 4 1
67.389 3 4 1
67.689 2 4 1
67.989 2 4 1
70.089 3 4 1
70.389 4 4 1
70.989 1 4 1
72.489 2 4 1
72.789 3 4 1
73.689 1 4 1
74.889 1 4 1
74.964 3 4 1
77.289 1 4 1
77.339 2 4 1
77.401 3 4 1
77.589 1 4 1
79.689 1 4 1
82.089 1 4 1
83.289 2 4 1
83.889 2 4 1
84.489 3 4 1
85.089 3 4 1
85.689 4 4 1
86.289 1 4 1
86.889 1 4 1
86.889 2 4 1
87.189 1 4 1
88.089 3 4 1
88.389 2 4 1
88.689 1 4 1
89.289 3 4 1
89.289 2 4 1
90.489 4 4 1
91.689 3 4 1
91.689 2 4 1
92.889 3 4 1
93.489 2 4 1
94.089 3 4 1
96.489 2 4 1
98.889 3 4 1
100.089 1 4 1
101.289 1 4 1
101.889 2 4 1
102.489 1 4 1
103.089 2 4 1
103.689 2 4 1
104.289 2 4 1
104.889 2 4 1
105.489 4 4 1
106.089 3 4 1
107.289 1 4 1
107.889 2 4 1
108.489 4 4 1
108.789 3 4 1
109.689 4 4 1
110.289 4 4 1
110.889 2 4 1
111.489 2 4 1
112.089 3 4 1
112.689 2 4 1
113.289 2 4 1
113.589 1 4 1
115.689 2 4 1
118.088 1 4 1
118.388 3 4 1
119.288 4 4 1
120.488 2 4 1
121.088 1 4 1
121.688 3 4 1
122.288 2 4 1
122.888 2 4 1
123.488 3 4 1
124.088 1 4 1
124.088 2 4 1
125.288 4 4 1
126.788 2 4 1
127.088 2 4 1
127.688 2 4 1
127.688 4 4 1
129.488 1 4 1
130.088 4 4 1
130.688 1 4 1
131.288 3 4 1
131.888 2 4 1
132.488 4 4 1
134.288 2 4 1
134.588 3 4 1
134.888 4 4 1
134.888 1 4 1
136.688 2 4 1
136.988 3 4 1
137.288 2 4 1
137.288 4 4 1
139.088 4 4 1
139.688 3 4 1
140.288 2 4 1
140.888 2 4 1
141.488 2 4 1
142.088 2 4 1
142.688 1 4 1
143.288 4 4 1
143.888 2 4 1
144.188 3 4 1
144.488 4 4 108
145.688 3 4 1
145.988 1 4 1
146.288 2 4 1
146.588 3 4 1
146.888 4 4 108
148.088 1 4 1
148.688 2 4 1
149.288 3 4 1
149.888 2 4 1
150.488 1 4 1
150.488 4 4 1
151.088 2 4 1
151.088 3 4 1
151.688 3 4 1
152.888 1 4 1
154.238 2 4 1
154.388 3 4 1
155.288 3 4 1
155.588 4 4 1
156.488 2 4 1
156.788 3 4 1
157.988 1 4 1
158.888 3 4 1
160.088 4 4 1
160.688 4 4 1
161.288 2 4 1
162.788 1 4 1
163.688 2 4 1
164.588 4 4 1
165.188 4 4 1
166.088 1 4 1
167.288 4 4 1
168.488 2 4 1
169.688 4 4 1
170.288 3 4 1
170.888 2 4 1
