1.365 3 4 1
3.104 1 4 1
4.843 4 4 1
6.148 4 4 1
6.582 4 4 1
8.104 3 4 1
8.322 4 4 1
10.061 4 4 1
11.583 4 4 1
11.8 4 4 1
13.54 4 4 1
14.409 1 4 1
15.279 1 4 1
16.149 4 4 1
17.018 4 4 1
17.888 4 4 1
18.757 4 4 1
19.627 4 4 1
20.497 4 4 1
21.366 4 4 1
22.236 4 4 1
23.106 4 4 1
23.867 4 4 1
24.736 4 4 1
25.497 4 4 1
25.715 3 4 1
26.584 1 4 1
27.454 4 4 1
28.324 1 4 52.08
28.758 2 4 52.2
29.193 3 4 1
29.628 2 4 1
30.063 1 4 1
30.498 1 4 1
30.933 1 4 1
31.367 4 4 1
31.802 3 4 1
32.237 1 4 1
32.672 3 4 1
33.107 2 4 1
33.541 2 4 1
33.976 1 4 1
34.411 2 4 1
34.846 3 4 1
35.281 2 4 1
35.716 1 4 1
36.15 2 4 1
36.585 2 4 1
37.02 1 4 1
37.455 4 4 1
37.89 4 4 1
38.324 1 4 1
38.759 4 4 1
39.194 3 4 1
39.629 1 4 1
40.064 2 4 1
40.499 1 4 1
40.933 4 4 1
41.368 2 4 1
41.803 4 4 52.2
42.238 1 4 52.2
42.673 3 4 52.2
43.108 2 4 104.28
43.542 4 4 1
43.977 4 4 1
44.412 3 4 52.2
44.847 4 4 104.28
45.282 2 4 1
45.716 1 4 1
46.151 2 4 1
46.586 3 4 104.4
47.456 2 4 1
47.891 4 4 1
48.108 1 4 1
48.325 4 4 1
48.543 2 4 1
48.76 3 4 1
49.195 1 4 1
50.065 2 4 1
50.5 2 4 104.28
50.934 4 4 1
51.369 4 4 1
51.804 4 4 104.4
52.239 2 4 1
52.674 1 4 104.28
53.543 2 4 104.4
53.978 3 4 1
54.413 3 4 1
54.848 1 4 1
55.283 1 4 52.08
55.717 2 4 52.2
56.152 3 4 52.2
56.587 1 4 1
57.022 3 4 104.28
57.457 1 4 1
57.891 4 4 52.2
58.326 1 4 1
58.761 2 4 104.4
59.196 1 4 1
59.631 1 4 52.2
60.066 2 4 1
60.5 2 4 156.6
62.24 4 4 104.28
62.675 3 4 1
63.109 2 4 52.2
63.544 3 4 1
63.979 1 4 1
64.414 2 4 104.28
64.849 1 4 1
65.283 1 4 1
65.718 3 4 52.2
66.153 4 4 52.2
66.588 1 4 1
66.588 3 4 78.24
67.023 1 4 1
67.24 4 4 1
67.458 2 4 182.52
69.197 2 4 1
69.632 1 4 1
70.067 2 4 52.08
70.501 4 4 52.2
70.936 1 4 52.2
71.371 3 4 1
71.588 3 4 1
71.806 2 4 52.2
71.806 4 4 1
72.458 4 4 1
72.675 1 4 1
72.893 3 4 52.2
73.328 4 4 26.04
73.545 1 4 78.24
74.197 3 4 130.44
74.415 1 4 1
74.415 2 4 1
75.284 2 4 104.4
75.284 4 4 1
76.154 1 4 104.4
76.154 3 4 1
77.024 2 4 1
77.458 3 4 1
77.676 2 4 1
77.893 2 4 182.64
77.893 4 4 1
77.893 1 4 1
78.546 3 4 1
78.763 1 4 1
79.415 3 4 1
79.633 2 4 1
79.633 4 4 52.08
80.067 3 4 52.2
80.285 1 4 1
80.502 2 4 104.4
81.154 3 4 1
81.372 1 4 104.4
81.372 3 4 1
82.242 3 4 104.28
82.242 4 4 1
83.111 2 4 1
83.111 1 4 104.4
83.981 4 4 104.28
84.561 2 4 1
84.85 1 4 1
85.068 2 4 1
85.285 3 4 1
85.72 3 4 52.2
86.372 1 4 1
86.59 2 4 1
87.025 4 4 1
87.459 3 4 52.2
87.894 1 4 1
88.329 3 4 1
88.764 2 4 1
89.199 3 4 52.2
89.634 1 4 1
89.851 2 4 1
90.068 2 4 1
90.286 3 4 1
90.503 2 4 1
90.721 1 4 1
90.938 3 4 52.2
91.373 4 4 1
91.59 3 4 1
91.808 2 4 1
92.025 3 4 1
92.242 2 4 1
92.677 3 4 52.2
93.112 1 4 1
93.329 3 4 1
93.547 2 4 1
93.764 2 4 1
93.982 3 4 1
94.199 1 4 1
94.417 1 4 52.08
94.417 2 4 1
94.851 3 4 1
95.286 2 4 1
95.721 4 4 1
96.156 3 4 52.2
96.591 1 4 1
96.808 2 4 1
97.025 3 4 1
97.243 2 4 1
97.678 2 4 1
97.895 1 4 52.2
98.33 4 4 1
98.547 3 4 1
98.765 2 4 1
98.982 2 4 1
99.2 3 4 1
99.417 2 4 1
99.634 1 4 52.2
100.069 3 4 1
100.287 2 4 1
100.504 3 4 1
100.939 2 4 1
101.374 3 4 52.2
101.809 4 4 1
102.243 2 4 1
102.678 3 4 1
103.113 2 4 52.2
103.765 3 4 1
103.983 2 4 1
104.2 3 4 1
104.417 2 4 1
104.635 4 4 1
104.852 1 4 52.2
105.287 2 4 1
105.722 4 4 1
105.939 2 4 1
106.157 3 4 1
106.374 2 4 1
106.592 2 4 52.08
107.026 4 4 1
107.461 3 4 1
107.679 2 4 1
107.896 2 4 1
108.331 2 4 52.2
108.766 4 4 1
109.201 3 4 1
109.635 3 4 1
110.07 2 4 52.2
110.505 3 4 1
110.722 2 4 1
110.94 1 4 1
111.157 2 4 1
111.375 4 4 1
111.592 3 4 1
111.809 1 4 104.4
112.679 3 4 1
113.549 4 4 1
114.418 1 4 1
115.288 1 4 1
115.723 4 4 1
116.158 1 4 1
117.027 4 4 1
117.462 1 4 1
117.897 1 4 1
118.332 4 4 1
118.767 4 4 1
119.201 2 4 1
119.636 1 4 1
120.506 4 4 1
121.376 4 4 1
122.028 4 4 1
122.245 2 4 1
123.115 4 4 1
123.984 1 4 1
124.854 4 4 1
125.289 1 4 1
125.724 4 4 52.2
126.159 2 4 52.08
126.593 1 4 1
126.593 3 4 156.6
127.028 1 4 1
127.463 1 4 1
127.898 1 4 1
128.333 1 4 104.28
128.767 4 4 1
129.202 2 4 104.4
129.637 1 4 1
130.072 4 4 104.4
130.942 3 4 52.08
131.376 1 4 1
131.594 1 4 1
131.811 3 4 104.4
132.681 2 4 169.56
133.551 1 4 1
134.42 3 4 1
134.855 4 4 1
135.29 4 4 156.48
136.159 2 4 1
136.594 1 4 1
137.029 3 4 156.6
138.334 4 4 1
138.768 2 4 52.2
139.203 1 4 52.2
139.638 4 4 104.4
140.073 2 4 52.2
140.508 1 4 1
140.943 3 4 52.08
141.377 1 4 1
141.812 4 4 1
142.247 3 4 1
142.682 4 4 1
143.117 3 4 52.08
143.551 4 4 52.2
143.986 2 4 1
144.421 4 4 52.2
144.856 3 4 1
145.291 2 4 1
145.508 3 4 1
145.726 1 4 1
145.943 2 4 1
146.16 4 4 1
147.465 2 4 1
147.9 2 4 104.28
148.334 3 4 1
148.769 1 4 52.2
149.204 4 4 104.4
149.639 2 4 1
150.074 3 4 104.28
150.509 1 4 1
150.943 1 4 1
151.378 3 4 1
151.813 3 4 1
152.248 4 4 1
152.683 2 4 104.28
153.118 3 4 1
153.552 3 4 52.2
153.987 4 4 52.2
154.422 3 4 78.24
155.074 2 4 78.24
155.292 1 4 1
155.726 4 4 1
156.161 1 4 104.4
156.596 4 4 1
157.031 2 4 52.2
157.466 4 4 1
157.683 3 4 1
157.901 2 4 156.48
159.205 4 4 1
159.64 1 4 156.48
160.944 2 4 1
161.379 3 4 52.2
161.814 2 4 52.2
162.249 1 4 1
162.249 3 4 52.2
162.684 1 4 1
163.118 4 4 104.4
163.553 1 4 1
163.988 2 4 52.2
164.423 1 4 1
164.64 4 4 1
164.858 3 4 156.48
166.597 1 4 104.4
167.032 2 4 1
167.467 4 4 52.08
167.901 1 4 52.2
168.336 3 4 78.36
168.989 4 4 1
169.206 1 4 104.4
169.206 2 4 1
170.076 2 4 17.4
170.076 3 4 1
170.728 4 4 26.04
170.945 3 4 52.2
171.38 2 4 52.2
171.597 1 4 1
171.815 3 4 104.4
171.815 4 4 1
172.685 1 4 1
172.685 4 4 104.28
173.554 1 4 104.4
173.554 3 4 1
174.424 3 4 1
174.859 2 4 1
175.076 1 4 1
175.293 2 4 1
175.293 3 4 78.36
175.946 2 4 130.44
176.163 4 4 1
177.033 1 4 1
177.033 4 4 52.2
177.468 2 4 52.08
177.902 3 4 78.36
178.555 2 4 26.04
178.772 1 4 1
178.772 4 4 104.4
179.642 1 4 1
179.642 2 4 104.28
180.511 1 4 104.4
180.511 4 4 1
181.381 3 4 52.2
181.816 1 4 1
182.033 2 4 1
182.251 1 4 1
182.468 2 4 1
182.685 3 4 1
183.12 4 4 52.2
183.772 3 4 1
183.99 2 4 1
184.207 4 4 1
184.425 3 4 1
184.86 1 4 52.08
185.729 3 4 1
185.947 2 4 1
186.381 3 4 104.4
187.251 2 4 1
187.468 4 4 1
187.686 2 4 1
187.903 3 4 1
188.121 2 4 1
188.338 1 4 52.2
188.99 2 4 1
189.208 2 4 1
189.425 3 4 1
189.643 2 4 1
189.86 3 4 79.92
190.526 1 4 1
190.961 4 4 1
191.395 3 4 1
191.83 3 4 52.2
192.265 2 4 1
192.483 1 4 1
192.917 3 4 1
193.352 2 4 99.48
193.57 3 4 1
194.439 4 4 1
194.657 3 4 1
194.874 2 4 1
195.091 3 4 1
195.744 1 4 1
195.961 3 4 1
196.179 2 4 1
196.396 2 4 1
196.613 3 4 1
196.831 2 4 1
197.048 2 4 78.24
197.7 4 4 1
197.918 3 4 1
198.135 2 4 1
198.353 2 4 1
198.57 3 4 1
198.787 1 4 78.36
199.44 2 4 1
199.875 2 4 1
200.092 4 4 1
200.309 2 4 78.36
200.527 3 4 1
200.962 4 4 1
201.179 3 4 1
201.396 2 4 1
201.614 1 4 1
202.062 3 4 1
202.266 3 4 26.04
202.918 2 4 1
203.149 3 4 1
203.353 2 4 1
203.584 3 4 1
203.801 2 4 1
204.019 1 4 78.24
204.671 2 4 1
204.875 4 4 1
205.106 2 4 1
205.323 3 4 1
205.541 2 4 1
205.758 1 4 78.24
206.41 3 4 1
206.628 2 4 1
206.845 3 4 1
207.063 4 4 1
207.497 2 4 78.36
208.367 4 4 1
208.802 3 4 1
209.019 2 4 1
209.237 2 4 104.28
210.106 3 4 1
