1.974 2 4 1
3.293 1 4 1
4.941 4 4 1
5.271 3 4 1
5.600 3 4 1
5.930 2 4 1
7.249 1 4 1
8.567 4 4 1
10.216 2 4 1
10.545 3 4 1
10.875 3 4 1
11.205 1 4 79.08
12.523 4 4 1
13.183 2 4 1
13.842 2 4 1
15.490 3 4 1
15.820 3 4 1
16.480 4 4 1
17.798 1 4 1
19.117 4 4 1
20.765 3 4 1
21.754 1 4 1
22.414 3 4 1
23.073 4 4 158.28
24.392 2 4 158.16
25.710 3 4 178.08
27.194 4 4 138.48
28.348 1 4 316.44
30.985 2 4 158.28
32.304 4 4 138.48
34.941 2 4 98.88
36.260 4 4 1
36.919 3 4 1
37.579 2 4 79.08
38.238 3 4 1
38.897 1 4 79.2
39.557 2 4 1
40.216 1 4 79.08
40.875 4 4 1
41.535 4 4 1
42.194 2 4 1
42.853 4 4 79.2
43.842 3 4 39.6
44.172 4 4 1
44.831 1 4 1
45.491 2 4 1
46.150 1 4 1
46.809 1 4 1
47.469 3 4 1
48.128 2 4 1
48.458 3 4 1
48.788 4 4 1
49.447 1 4 1
50.106 4 4 1
50.766 3 4 1
51.095 3 4 1
51.425 1 4 1
52.084 4 4 1
52.744 1 4 1
53.733 3 4 1
54.392 4 4 39.6
54.722 1 4 1
55.381 4 4 1
55.711 2 4 1
56.040 2 4 1
56.370 4 4 1
56.700 3 4 1
57.359 1 4 1
58.018 1 4 1
58.678 3 4 1
59.007 1 4 1
59.337 2 4 1
59.996 1 4 1
60.656 4 4 1
60.985 2 4 1
61.315 3 4 1
61.645 1 4 1
61.974 4 4 1
62.634 2 4 1
63.293 3 4 1
63.953 2 4 1
64.282 1 4 1
65.271 1 4 1
65.931 4 4 1
66.590 2 4 1
67.249 1 4 1
67.909 2 4 61.8
68.568 2 4 39.6
69.227 4 4 79.2
69.887 2 4 1
70.546 1 4 1
71.205 3 4 1
71.865 3 4 118.68
72.854 1 4 1
73.183 1 4 99
74.502 1 4 1
75.491 1 4 1
75.821 4 4 79.08
76.480 3 4 79.08
77.139 1 4 79.2
77.799 2 4 1
78.458 2 4 79.2
79.777 4 4 98.88
81.096 1 4 79.08
81.755 2 4 1
82.414 4 4 118.68
83.733 2 4 1
84.392 3 4 1
84.722 3 4 1
85.052 1 4 79.08
86.370 4 4 79.2
87.030 2 4 1
87.689 2 4 96.48
89.008 4 4 32.88
89.667 1 4 1
90.326 2 4 118.68
91.645 1 4 79.08
92.304 3 4 1
92.964 3 4 158.28
94.283 4 4 1
94.942 3 4 1
95.272 2 4 1
95.601 1 4 118.68
96.920 2 4 98.88
98.239 4 4 118.68
99.557 1 4 89.04
100.876 1 4 79.08
102.195 4 4 79.08
102.854 1 4 1
103.513 4 4 118.68
104.832 1 4 39.6
105.162 2 4 39.48
105.491 3 4 79.2
106.151 1 4 79.08
107.469 1 4 1
108.129 3 4 1
108.788 2 4 1
109.448 1 4 1
110.107 4 4 1
110.766 3 4 1
111.281 2 4 1
111.755 1 4 1
112.085 1 4 1
112.744 4 4 38.4
113.404 3 4 1
114.063 3 4 1
114.393 2 4 1
114.722 2 4 1
115.382 4 4 1
116.041 1 4 1
116.700 1 4 1
117.689 2 4 39.6
118.678 2 4 1
119.008 3 4 1
119.338 2 4 1
119.667 4 4 1
119.997 1 4 1
120.656 4 4 1
121.316 1 4 1
121.975 2 4 1
122.305 3 4 1
122.634 4 4 1
123.294 1 4 1
123.953 2 4 1
124.283 3 4 1
124.613 1 4 1
125.272 4 4 1
125.931 3 4 1
126.591 1 4 1
127.250 1 4 1
127.580 4 4 1
127.909 3 4 39.6
128.239 1 4 1
128.569 1 4 151.56
129.887 1 4 79.2
130.547 3 4 39.48
131.206 2 4 79.08
131.865 1 4 79.2
132.525 2 4 79.08
133.184 3 4 79.08
133.843 4 4 118.68
135.162 1 4 79.08
136.481 3 4 79.08
137.140 2 4 79.08
137.799 3 4 79.2
138.459 4 4 1
139.118 4 4 79.08
139.777 1 4 158.28
141.096 3 4 79.2
141.756 2 4 79.08
142.415 4 4 237.36
144.393 1 4 79.08
145.052 3 4 79.2
145.712 4 4 79.08
146.371 2 4 1
147.030 4 4 197.88
149.833 3 4 1
152.305 3 4 138.48
153.624 2 4 79.08
154.942 2 4 79.2
156.261 3 4 81.6
157.580 2 4 79.08
158.899 4 4 79.08
160.217 3 4 79.2
161.536 2 4 98.88
162.855 1 4 1
163.514 3 4 1
163.844 3 4 1
164.173 1 4 108.84
165.492 4 4 1
166.151 1 4 1
166.811 2 4 79.08
167.470 4 4 1
168.129 1 4 1
168.789 2 4 1
169.448 2 4 89.04
170.767 1 4 39.6
171.426 1 4 1
171.756 3 4 1
172.086 3 4 1
172.415 2 4 1
172.745 2 4 1
173.075 2 4 39.48
173.404 1 4 1
174.064 4 4 1
174.723 2 4 1
175.053 2 4 1
175.382 4 4 1
176.042 3 4 1
176.701 4 4 1
177.360 3 4 1
177.690 3 4 1
178.020 1 4 1
178.679 1 4 1
179.338 2 4 1
179.998 2 4 1
180.657 2 4 1
180.987 1 4 39.48
181.316 4 4 1
181.976 4 4 1
182.305 3 4 1
182.635 2 4 1
182.965 1 4 1
183.294 2 4 1
183.954 4 4 1
184.613 2 4 1
185.602 4 4 1
185.932 3 4 1
186.591 1 4 1
187.251 4 4 1
187.910 2 4 1
188.569 4 4 1
189.229 1 4 1
189.888 3 4 1
190.877 1 4 1
191.207 2 4 1
191.536 2 4 1
191.866 3 4 1
194.586 3 4 1
195.987 1 4 1
197.058 2 4 1
198.047 4 4 1
