0.427 2 4 1
1.308 1 4 1
2.162 3 4 1
3.021 4 4 1
3.879 3 4 101.52
4.725 4 4 1
5.57 1 4 142.68
6.416 3 4 1
7.261 3 4 1
8.107 1 4 1
8.952 2 4 1
9.797 3 4 1
10.643 2 4 1
11.488 1 4 1
12.334 3 4 1
13.192 4 4 1
17.459 1 4 1
18.305 3 4 1
18.727 2 4 1
19.15 3 4 101.52
19.996 2 4 50.64
20.418 1 4 50.76
20.841 4 4 101.4
21.686 3 4 1
22.109 2 4 1
22.532 2 4 101.4
23.377 3 4 1
23.8 2 4 1
24.223 4 4 1
25.068 2 4 1
25.491 3 4 1
25.914 1 4 103.56
26.777 2 4 50.64
27.199 4 4 1
27.622 3 4 99.36
28.45 2 4 1
28.873 4 4 1
29.295 2 4 103.56
29.718 3 4 1
30.141 1 4 1
30.581 3 4 1
31.004 2 4 1
31.849 3 4 1
33.54 1 4 1
34.386 4 4 1
35.24 4 4 1
36.521 1 4 1
36.931 3 4 1
37.353 1 4 1
37.767 2 4 1
38.19 3 4 1
38.613 2 4 1
39.018 3 4 1
39.441 4 4 1
39.846 2 4 1
40.268 3 4 98.88
41.092 1 4 1
41.924 2 4 1
42.347 3 4 1
42.769 4 4 47.64
43.615 2 4 1
44.038 1 4 1
44.46 2 4 101.52
45.306 3 4 1
45.728 4 4 1
46.151 3 4 101.52
46.997 2 4 50.64
47.419 3 4 1
47.842 4 4 1
48.265 3 4 1
48.688 2 4 1
49.11 1 4 1
49.533 2 4 101.4
50.378 3 4 50.76
50.801 4 4 1
51.224 1 4 63.36
52.069 3 4 1
52.492 1 4 1
52.915 3 4 101.4
53.337 2 4 1
53.76 1 4 1
54.183 2 4 1
54.606 3 4 1
55.464 1 4 1
56.31 2 4 1
57.168 4 4 1
58.859 4 4 1
60.114 3 4 1
60.524 2 4 1
60.946 4 4 1
61.343 1 4 1
61.765 3 4 1
62.179 2 4 1
62.391 3 4 1
62.602 1 4 1
63.025 4 4 99.36
63.853 3 4 99.24
64.68 2 4 1
65.103 1 4 1
65.526 3 4 1
65.948 2 4 1
66.362 3 4 101.52
67.208 4 4 99.84
68.04 2 4 99.84
68.872 3 4 1
69.295 1 4 1
69.705 3 4 99.84
70.537 2 4 50.64
70.959 3 4 1
71.382 4 4 1
72.219 3 4 1
72.642 3 4 1
73.064 1 4 99.36
73.892 3 4 50.76
74.315 4 4 50.64
74.737 2 4 101.52
75.583 3 4 1
76.006 4 4 1
76.428 2 4 48.6
76.833 3 4 50.76
77.256 2 4 1
77.679 1 4 1
78.102 3 4 1
78.947 3 4 1
79.361 4 4 1
79.792 2 4 100.44
80.206 3 4 1
80.629 4 4 1
81.052 3 4 1
81.475 1 4 101.4
82.32 2 4 1
82.743 1 4 1
83.152 3 4 50.76
83.575 4 4 50.76
83.998 1 4 50.64
84.843 2 4 50.76
85.689 1 4 1
86.111 3 4 1
86.521 3 4 1
86.943 3 4 1
87.366 4 4 1
87.789 1 4 1
88.212 3 4 101.4
89.057 2 4 1
89.48 4 4 1
89.902 2 4 101.52
90.748 3 4 101.4
91.593 1 4 101.52
92.439 3 4 1
94.183 3 4 1
95.873 2 4 1
97.591 3 4 1
98.515 2 4 1
113.482 1 4 1
114.367 3 4 1
115.239 1 4 1
116.111 3 4 1
117.009 3 4 1
117.872 3 4 1
118.753 1 4 1
119.625 2 4 1
120.497 4 4 1
121.369 2 4 1
122.24 1 4 1
123.112 2 4 1
123.984 4 4 1
124.856 3 4 1
125.741 4 4 1
126.626 2 4 1
