2.235 1 4 1
3.352 4 4 1
4.468 2 4 1
6.421 4 4 1
6.7 1 4 1
7.817 4 4 1
8.375 4 4 1
8.933 4 4 1
9.77 3 4 1
10.747 4 4 1
11.026 1 4 33.48
11.863 2 4 1
12.142 4 4 1
13.258 1 4 1
14.375 1 4 50.16
15.351 3 4 1
15.491 2 4 1
16.328 3 4 1
16.607 2 4 33.48
17.724 1 4 66.96
18.84 1 4 50.16
20.096 1 4 50.16
22.049 4 4 1
22.328 4 4 1
22.747 1 4 1
23.165 4 4 1
23.444 3 4 1
23.723 2 4 1
24.002 1 4 1
24.561 4 4 1
24.979 2 4 1
25.677 4 4 1
26.235 2 4 1
26.793 1 4 1
27.351 2 4 1
27.909 3 4 1
28.328 4 4 1
29.026 4 4 1
30.142 4 4 1
30.56 3 4 1
30.7 2 4 1
31.258 3 4 1
31.816 2 4 1
32.095 4 4 1
32.374 3 4 1
32.793 1 4 1
32.933 3 4 1
33.212 3 4 1
33.491 2 4 1
34.049 1 4 1
34.607 2 4 1
35.026 1 4 1
35.723 1 4 61.44
36.281 3 4 1
36.56 2 4 1
36.839 2 4 33.6
37.677 4 4 1
37.956 1 4 50.16
38.793 3 4 1
39.63 4 4 1
40.188 3 4 1
40.746 2 4 1
41.304 3 4 1
41.863 2 4 1
42.421 4 4 1
42.979 3 4 1
43.397 1 4 1
43.537 3 4 1
43.956 2 4 1
44.653 4 4 117.24
45.77 2 4 1
46.607 3 4 1
46.886 2 4 1
47.723 4 4 1
48.002 4 4 1
49.118 1 4 1
50.235 2 4 1
50.653 3 4 1
50.793 2 4 1
51.072 4 4 33.48
51.909 1 4 1
52.467 2 4 1
52.746 4 4 50.28
53.304 1 4 1
53.862 4 4 1
54.141 4 4 1
54.839 4 4 1
54.979 1 4 1
55.258 1 4 66.96
55.955 3 4 1
57.211 1 4 1
57.49 1 4 1
57.769 1 4 1
58.048 1 4 1
58.886 2 4 1
59.165 2 4 50.16
59.583 3 4 1
60.002 2 4 1
60.281 1 4 1
61.397 3 4 50.28
62.095 3 4 1
62.374 2 4 1
63.63 1 4 1
65.444 2 4 1
65.583 3 4 1
65.723 2 4 50.16
66.141 3 4 1
66.839 1 4 50.28
67.258 2 4 1
67.816 2 4 66.96
69.071 1 4 1
69.351 3 4 1
69.63 2 4 1
69.909 3 4 1
70.188 2 4 1
70.606 1 4 1
70.885 1 4 1
71.164 2 4 1
71.304 4 4 50.28
72.281 1 4 1
72.56 2 4 1
72.978 3 4 1
73.397 3 4 1
73.536 2 4 50.28
74.792 2 4 1
75.071 1 4 1
75.629 1 4 1
75.909 1 4 1
76.188 2 4 1
76.467 1 4 1
76.746 4 4 50.16
77.443 2 4 1
77.722 2 4 1
78.002 1 4 66.96
79.397 1 4 1
79.536 3 4 1
80.234 2 4 1
80.513 1 4 50.28
81.49 3 4 1
82.606 3 4 66.96
83.583 1 4 1
84.001 1 4 1
84.28 2 4 1
84.839 1 4 1
85.118 2 4 1
85.397 1 4 1
85.676 1 4 1
86.234 2 4 1
86.513 2 4 1
86.932 4 4 1
87.211 3 4 1
87.49 2 4 1
87.769 1 4 1
88.048 4 4 50.16
89.164 3 4 50.28
89.583 4 4 1
89.862 1 4 1
90.141 1 4 1
90.28 3 4 1
90.42 1 4 1
90.839 2 4 1
91.397 1 4 66.96
92.652 1 4 1
92.932 4 4 33.48
93.629 3 4 75.36
94.466 2 4 1
94.885 3 4 50.28
95.304 2 4 66.96
95.862 1 4 33.48
95.862 3 4 1
96.28 3 4 1
97.117 1 4 44.76
97.49 2 4 44.64
97.862 3 4 44.64
98.234 4 4 66.96
98.792 3 4 33.48
99.35 2 4 1
101.583 3 4 200.88
103.396 2 4 1
103.675 4 4 201
105.629 1 4 1
105.908 4 4 33.48
106.327 2 4 1
107.024 1 4 50.28
107.861 3 4 1
108.141 2 4 50.16
109.257 1 4 50.16
110.373 4 4 50.28
111.489 4 4 50.28
112.606 1 4 58.56
113.722 3 4 66.96
114.559 2 4 1
114.978 3 4 1
115.536 1 4 1
116.094 1 4 1
116.652 1 4 1
116.931 4 4 1
117.21 1 4 1
117.768 1 4 1
118.326 2 4 1
119.164 2 4 1
119.722 2 4 1
120.559 2 4 1
121.117 2 4 1
121.536 1 4 1
121.954 1 4 1
122.233 3 4 1
122.512 2 4 1
122.791 4 4 1
123.21 4 4 50.28
124.047 4 4 1
124.326 4 4 1
125.024 4 4 1
125.443 4 4 1
125.722 1 4 1
126.838 4 4 1
127.396 2 4 1
127.954 2 4 1
128.373 2 4 1
128.931 2 4 1
129.489 1 4 1
130.605 4 4 33.48
131.722 2 4 50.16
132.838 1 4 1
133.256 4 4 50.28
135.907 4 4 1
137.303 1 4 1
137.861 1 4 1
138.419 4 4 1
139.535 1 4 1
141.628 1 4 50.28
142.745 4 4 50.16
143.163 2 4 1
143.861 1 4 50.16
144.838 4 4 1
144.977 3 4 33.48
145.535 2 4 33.48
147.21 1 4 66.96
148.465 4 4 50.28
148.884 3 4 1
149.303 1 4 1
150.14 2 4 1
150.977 1 4 1
151.535 2 4 1
151.814 1 4 1
152.093 3 4 1
152.372 3 4 1
152.651 2 4 1
152.93 2 4 33.6
153.349 3 4 1
153.628 2 4 1
153.907 1 4 66.96
155.163 4 4 1
155.582 2 4 1
156 3 4 1
156.14 3 4 1
156.419 4 4 50.16
157.395 2 4 1
158.233 2 4 1
158.512 2 4 66.96
160.605 1 4 1
161.023 1 4 1
161.302 1 4 1
161.721 1 4 1
162 2 4 1
162.419 2 4 1
162.837 1 4 33.48
163.116 2 4 16.8
163.395 2 4 33.48
163.674 1 4 33.6
165.07 4 4 50.16
166.046 3 4 1
166.326 1 4 1
167.302 1 4 50.28
168 3 4 1
168.837 4 4 33.48
169.535 3 4 100.44
170.791 1 4 50.16
171.209 2 4 16.8
171.488 2 4 33.48
171.767 3 4 33.48
172.186 4 4 1
172.884 3 4 1
173.198 3 4 1
173.581 3 4 1
173.953 2 4 1
178.465 4 4 83.76
179.721 4 4 1
180.093 2 4 1
180.465 3 4 1
180.651 3 4 1
180.837 2 4 1
181.023 2 4 1
181.395 4 4 1
181.767 3 4 1
181.953 1 4 1
183.069 3 4 75.36
184.186 1 4 69
186 1 4 1
186.279 2 4 200.88
187.953 3 4 1
188.511 4 4 50.28
189.627 1 4 50.28
190.465 3 4 1
190.744 1 4 50.16
191.162 3 4 1
191.86 4 4 66.96
192.976 3 4 50.28
193.395 2 4 1
193.813 2 4 1
194.093 4 4 50.16
195.209 3 4 1
195.627 2 4 1
196.186 2 4 1
196.325 4 4 66.96
197.581 3 4 1
197.72 1 4 1
197.86 1 4 83.76
198.976 3 4 66.96
199.674 3 4 1
199.953 1 4 1
200.232 1 4 1
200.651 1 4 1
201.906 1 4 50.28
203.023 3 4 1
203.86 3 4 1
204.139 1 4 1
204.418 2 4 1
205.255 1 4 1
206.511 4 4 133.92
207.627 1 4 66.96
208.464 2 4 1
208.743 3 4 1
209.302 2 4 1
209.86 1 4 1
210.836 1 4 1
210.836 4 4 1
