0.868 1 4 97.32
1.679 4 4 97.32
2.49 3 4 243.24
3.301 2 4 1
4.517 4 4 48.6
4.922 1 4 389.28
5.733 3 4 1
8.166 4 4 778.44
14.653 1 4 273.72
17.897 3 4 389.16
21.14 2 4 291.96
23.573 4 4 1
23.978 3 4 1
24.384 1 4 1
26.817 4 4 1
27.627 3 4 1
29.249 1 4 1
30.06 3 4 1
30.871 1 4 1
32.493 4 4 1
33.304 1 4 1
34.115 2 4 1
35.736 2 4 1
36.547 3 4 1
37.358 1 4 1
39.791 4 4 1
40.602 1 4 1
42.223 4 4 1
43.034 3 4 1
43.845 2 4 1
45.467 1 4 1
46.278 4 4 1
47.089 1 4 1
48.711 3 4 1
50.332 3 4 1
52.765 2 4 1
53.576 1 4 1
53.576 4 4 1
54.387 4 4 1
55.198 4 4 1
56.009 3 4 1
56.82 1 4 1
57.63 3 4 1
58.441 3 4 1
59.252 1 4 1
60.063 1 4 1
60.063 2 4 1
60.874 4 4 1
61.685 3 4 1
62.496 3 4 1
63.307 2 4 1
64.118 4 4 1
64.929 1 4 1
65.334 4 4 1
65.739 2 4 1
66.55 2 4 1
66.55 3 4 1
67.361 4 4 1
68.172 2 4 1
68.983 2 4 1
69.794 3 4 1
70.605 4 4 1
71.416 4 4 1
72.227 3 4 1
73.037 1 4 1
73.037 2 4 1
73.848 1 4 1
75.065 3 4 1
75.47 1 4 1
76.281 2 4 1
77.092 4 4 1
77.903 2 4 1
78.714 2 4 1
79.525 3 4 1
80.944 4 4 1
81.146 3 4 1
81.552 1 4 1
81.957 4 4 1
82.363 2 4 1
82.768 3 4 1
83.174 4 4 1
83.579 1 4 1
84.795 3 4 1
85.201 1 4 1
85.606 2 4 1
86.012 3 4 1
86.417 4 4 1
86.823 3 4 48.6
87.228 2 4 145.92
88.444 3 4 1
89.255 1 4 146.04
90.877 4 4 72.96
92.094 1 4 1
92.499 2 4 97.32
94.121 3 4 1
94.932 4 4 1
95.337 2 4 1
95.743 1 4 1
96.351 3 4 72.96
97.162 1 4 121.56
98.175 4 4 1
98.986 1 4 83.16
101.419 1 4 1
101.824 2 4 1
102.23 3 4 1
102.23 4 4 1
102.635 1 4 158.16
104.257 2 4 1
104.662 3 4 1
105.068 3 4 1
105.473 2 4 89.28
107.906 2 4 1
108.311 3 4 1
108.717 1 4 72.96
109.325 2 4 72.96
109.933 3 4 1
110.339 4 4 97.32
111.555 4 4 1
111.96 3 4 194.64
113.582 2 4 97.32
114.393 4 4 1
114.799 3 4 1
115.204 3 4 1
116.42 3 4 1
116.826 3 4 97.32
118.042 2 4 1
118.448 4 4 16.2
118.853 3 4 97.32
119.664 2 4 1
120.069 2 4 97.32
121.286 3 4 1
121.691 1 4 48.72
122.097 2 4 97.2
123.313 4 4 97.32
124.529 1 4 1
124.935 2 4 1
124.935 4 4 389.16
128.178 2 4 291.96
129.8 3 4 1
130.206 1 4 1
130.611 4 4 60.84
134.665 3 4 194.64
136.287 4 4 194.64
137.909 3 4 291.96
140.342 2 4 52.68
141.153 2 4 291.84
142.774 3 4 1
143.585 3 4 97.32
144.396 4 4 841.32
147.657 3 4 1
151.407 1 4 448.08
   
   
   
   
   
   
   
   
   
   
   
   
   
   
   
   
   
   
   
   
   
   
   
   
   
   
   
   
   
   
   
   
   
   
   
   
   
   
   
   
   
   
   
   
   
   
   
   
   
   
   
   
   
   
   
   
   
   
   
   
   
   
   
   
   
   
   
   
   
   
   
   
   
   
   
   
   
   
   
   
   
   
   
   
   
   
   
   
   
   
   
   
   
   
   
   
   
   
   
   
   
   
   
   
   
   
   
   
   
   
   
   
   
   
   
   
   
   
   
   
   
   
   
   
   
   
   
   
   
   
   
   
   
   
   
   
   
   
   
   
   
   
   
   
   
   
   
   
   
   
   
   
   
   
   
   
   
   
   
   
   
   
   
   
   
   
   
   
   
   
   
   
   
   
   
   
   
   
   
   
   
   
   
   
   
   
   
   
   
   
   
   
   
   
   
   
   
   
   
   
   
   
   
   
   
   
   
   
   
   
   
   
   
   
   
   
   
   
   
   
   
   
   
   
   
   
   
   
   
   
   
   
   
   
   
   
   
   
   
   
   
   
   
   
   
   
   
   
   
   
   
   
   
   
   
   
   
   
   
   
   
   
   
   
   
   
   
   
   
   
   
   
   
   
   
   
   
   
   
   
   
   
   
   
   
   
   
   
   
   
   
   
   
   
   
   
   
   
   
   
   
   
   
   
   
   
   
   
   
   
   
   
   
   
   
   
   
   
   
   
   
   
   
   
   
   
   
   
   
   
   
   
   
   
   
   
   
   
   
   
   
   
   
   
   
   
   
   
   
   
   
   
   
   
   
   
   
   
   
   
   
   
   
   
   
   
   
   
   
   
   
   
   
   
   
   
   
   
   
   
   
   
   
   
   
   
   
   
   
   
   
   
   
   
   
   
   
   
   
   
   
   
   
   
   
   
   
   
   
   
   
   
   
   
   
   
   
   
   
   
   
   
   
   
   
   
   
   
   
   
   
   
   
   
   
   
   
   
   
   
   
   
   
   
   
   
   
   
   
   
   
   
   
   
   
   
   
   
   
   
   
   
   
   
   
   
   
   
   
   
   
   
   
   
   
   
   
   
   
   
   
   
   
   
   
   
   
   
   
   
   
   
   
   
   
   
   
   
   
   
   
   
   
   
   
   
   
   
   
   
   
   
   
   
   
   
   
   
   
   
   
   
   
   
   
   
   
   
   
   
   
   
   
   
   
   
   
   
   
   
   
   
   
   
   
   
   
   
   
   
   
   
   
   
   
   
   
   
   
   
   
   
   
   
   
   
   
   
   
   
   
   
   
   
   
   
   
   
   
   
   
   
   
   
   
   
   
   
   
   
   
   
   
   
   
   
   
   
   
   
   
   
   
   
   
   
   
   
   
   
   
   
   
   
   
   
   
   
   
   
   
   
   
   
   
   
   
   
   
   
   
   
   
   
   
   
   
   
   
   
   
   
   
   
   
   
   
   
   
   
   
   
   
   
   
   
   
   
   
   
   
   
   
   
   
   
   
   
   
   
   
   
   
   
   
   
   
   
   
   
   
   
   
   
   
   
   
   
   
   
   
   
   
   
   
   
   
   
   
   
   
   
   
   
   
   
   
   
   
   
   
   
   
   
   
   
   
   
   
   
   
   
   
   
   
   
   
   
   
   
   
   
   
   
   
   
   
   
   
   
   
   
   
   
   
   
   
   
   
   
   
   
   
   
   
   
   
   
   
   
   
   
   
   
   
   
   
   
   
   
   
   
   
   
   
   
   
   
   
   
   
   
   
   
   
   
   
   
   
   
   
   
   
   
   
   
   
   
   
   
   
   
   
   
   
   
   
   
   
   
   
   
   
   
   
   
   
   
   
   
   
   
   
   
   
   
   
   
   
   
   
   
   
   
   
   
   
   
   
   
   
   
   
   
   
   
   
   
   
   
   
   
   
   
   
   
   
   
   
   
   
   
   
   
   
   
   
   
   
   
   
   
   
   
   
   
   
   
   
   
   
   
   
   
   
   
   
   
   
   
   
   
   
   
   
   
   
   
   
   
   
   
   
   
   
   
   
   
   
   
   
   
   
   
   
   
   
   
   
   
   
   
   
   
   
   
   
   
   
   
   
   
   
   
   
   
   
   
   
   
   
   
   
   
   
   
   
   
   
   
   
   
   
   
   
   
   
   
   
   
   
   
   
   
   
   
   
   
   
   
   
   
   
   
   
   
   
   
   
   
   
   
   
   
   
   
   
   
   
   
   
   
   
   
   
   
   
   
   
   
   
   
   
   
   
   
   
   
   
   
   
   
   
   
   
   
   
   
   
   
   
   
   
   
   
   
   
   
   
   
   
   
   
   
   
   
   
   
   
   
   
   
   
   
   
   
   
   
   
   
   
   
   
   
   
   
   
   
   
   
   
   
   
   
   
   
   
   
   
   
   
   
   
   
   
   
   
   
   
   
   
   
   
   
   
   
   
   
   
   
   
   
   
   
   
   
   
   
   
   
   
   
   
   
   
   
   
   
   
   
   
   
   
   
   
   
   
   
   
   
   
   
   
   
   
   
   
   
   
   
   
   
   
   
   
   
   
   
   
   
   
   
   
   
   
   
   
   
   
   
   
   
   
   
   
   
   
   
   
   
   
   
   
   
   
   
   
   
   
   
   
   
   
   
   
   
   
   
   
   
   
   
   
   
   
   
   
   
   
   
   
   
   
   
   
   
   
   
   
   
   
   
   
   
   
   
   
   
   
   
   
   
   
   
   
   
   
   
   
   
   
   
   
   
   
   
   
   
   
   
   
   
   
   
   
   
   
   
   
   
   
   
   
   
   
   
   
   
   
   
   
   
   
   
   
   
   
   
   
   
   
   
   
   
   
   
   
   
   
   
   
   
   
   
   
   
   
   
   
   
   
   
   
   
   
   
   
   
   
   
   
   
   
   
   
   
   
   
   
   
   
   
   
   
   
   
   
   
   
   
   
   
   
   
   
   
   
   
   
   
   
   
   
   
   
   
   
   
   
   
   
   
   
   
   
   
   
   
   
   
   
   
   
   
   
   
   
   
   
   
   
   
   
   
   
   
   
   
   
   
   
   
   
   
   
   
   
   
   
   
   
   
   
   
   
   
   
   
   
   
   
   
   
   
   
   
   
   
   
   
   
   
   
   
   
   
   
   
   
   
   
   
   
   
   
   
   
   
   
   
   
   
   
   
   
   
   
   
   
   
   
   
   
   
   
   
   
   
   
   
   
   
   
   
   
   
   
   
   
   
   
   
   
   
   
   
   
   
   
   
   
   
   
   
   
   
   
   
   
   
   
   
   
   
   
   
   
   
   
   
   
   
   
   
   
   
   
   
   
   
   
   
   
   
   
   
   
   
   
   
   
   
   
   
   
   
   
   
   
   
   
   
   
   
   
   
   
   
   
   
   
   
   
   
   
   
   
   
   
   
   
   
   
   
   
   
   
   
   
   
   
   
   
   
   
   
   
   
   
   
   
   
   
   
   
   
   
   
   
   
   
   
   
   
   
   
   
   
   
   
   
   
   
   
   
   
   
   
   
   
   
   
   
   
   
   
   
   
   
   
   
   
