5.154 3 4 1
5.654 1 4 1
6.154 1 4 1
6.654 1 4 1
7.154 1 4 1
7.654 2 4 60
8.154 3 4 60
8.654 2 4 1
8.821 2 4 1
9.154 3 4 1
9.654 2 4 1
10.154 4 4 1
10.654 1 4 1
11.154 1 4 1
11.654 3 4 60
12.154 2 4 1
12.654 3 4 1
12.821 1 4 1
13.154 4 4 1
13.488 2 4 1
13.654 4 4 1
14.154 2 4 1
14.654 3 4 1
15.154 3 4 1
15.654 3 4 40.08
16.154 3 4 20.04
16.821 3 4 1
17.154 2 4 1
17.654 4 4 1
18.154 4 4 1
18.654 4 4 1
19.154 2 4 1
19.654 1 4 60
20.154 4 4 1
22.154 3 4 1
22.654 2 4 1
23.154 3 4 1
23.654 1 4 1
24.154 3 4 1
24.654 2 4 180
25.321 3 4 1
26.154 4 4 1
26.654 3 4 1
27.154 1 4 1
27.654 3 4 1
28.154 3 4 1
28.654 2 4 140.04
30.487 3 4 1
30.987 4 4 1
31.487 4 4 1
31.987 1 4 1
32.487 2 4 60
32.987 4 4 80.04
33.654 1 4 1
33.821 3 4 1
33.987 1 4 1
34.321 3 4 1
34.487 2 4 1
34.987 1 4 1
35.487 4 4 1
35.987 3 4 1
36.487 1 4 1
36.821 3 4 1
36.987 1 4 120
37.987 4 4 1
38.321 3 4 1
38.654 3 4 1
38.987 1 4 240
39.987 4 4 120
40.987 3 4 110.04
43.321 1 4 1
44.321 1 4 1
45.321 3 4 1
57.32 4 4 40.08
57.82 3 4 40.08
58.32 2 4 30
58.82 1 4 40.08
59.32 3 4 40.08
61.32 3 4 1
61.82 1 4 1
62.32 1 4 1
62.82 4 4 1
63.154 3 4 1
63.32 2 4 5.04
65.32 1 4 1
65.32 2 4 1
65.82 4 4 1
66.32 4 4 1
66.82 1 4 1
66.82 2 4 1
67.32 3 4 42.48
68.32 3 4 120
69.32 1 4 1
69.82 3 4 1
70.32 2 4 1
70.82 4 4 1
71.32 3 4 120
72.32 2 4 1
73.32 3 4 1
74.32 3 4 1
74.654 2 4 1
74.82 4 4 1
74.987 4 4 1
75.32 3 4 120
75.82 2 4 1
76.32 1 4 120
76.32 2 4 120
77.32 4 4 120
78.32 1 4 279.96
80.82 4 4 1
86.82 3 4 1
87.82 1 4 1
88.82 4 4 1
92.82 4 4 1
93.82 4 4 1
94.987 4 4 1
95.153 3 4 1
95.487 1 4 1
95.82 2 4 1
96.153 3 4 1
96.487 4 4 1
96.82 2 4 1
97.153 3 4 1
97.487 1 4 1
97.82 4 4 1
98.153 2 4 1
98.487 3 4 1
98.82 2 4 1
99.153 1 4 1
99.487 3 4 1
99.82 2 4 1
100.153 3 4 1
100.32 4 4 1
100.487 1 4 1
100.82 3 4 120
102.82 3 4 1
102.82 4 4 1
103.32 1 4 1
103.32 2 4 1
103.82 1 4 1
104.32 3 4 1
104.653 2 4 1
104.82 4 4 1
105.32 4 4 99.96
105.82 2 4 1
106.82 1 4 1
106.82 2 4 1
107.32 2 4 1
107.82 3 4 1
107.82 4 4 1
108.32 1 4 1
108.82 3 4 1
108.82 4 4 1
109.32 2 4 60
110.82 2 4 1
111.32 3 4 1
111.82 4 4 1
112.32 2 4 1
112.82 1 4 1
113.32 4 4 60
114.32 2 4 1
114.736 3 4 1
114.82 2 4 1
115.32 2 4 1
115.82 3 4 60
116.32 2 4 60
116.82 3 4 1
117.486 1 4 1
117.82 2 4 1
118.153 3 4 1
118.486 2 4 1
118.82 3 4 109.92
119.736 1 4 1
119.986 2 4 40.08
120.403 2 4 39.96
120.736 4 4 360
127.82 1 4 1
128.32 3 4 1
128.82 4 4 1
129.32 2 4 1
129.82 4 4 39.96
130.32 1 4 60
131.82 1 4 1
132.32 3 4 1
132.82 1 4 1
133.319 3 4 1
133.819 4 4 1
134.319 1 4 60
134.819 4 4 40.08
135.153 3 4 79.92
135.819 1 4 1
135.986 3 4 1
136.153 2 4 1
136.319 4 4 1
136.819 3 4 1
137.153 2 4 1
137.486 3 4 1
137.819 3 4 1
138.319 1 4 1
138.486 3 4 1
138.653 2 4 1
138.819 4 4 1
139.153 3 4 1
139.319 2 4 1
139.486 3 4 1
139.653 2 4 1
139.819 4 4 1
139.986 3 4 1
140.153 2 4 1
140.319 1 4 100.08
141.153 3 4 1
141.653 2 4 1
142.153 3 4 1
142.653 2 4 1
142.653 1 4 60
143.153 4 4 60
143.653 3 4 60
144.153 2 4 1
144.319 2 4 1
144.486 3 4 39.96
144.819 1 4 1
145.319 4 4 1
145.819 2 4 1
145.819 3 4 1
