8.024 4 4 415.92
12.046 4 4 411.96
15.791 1 4 1223.64
26.408 4 4 518.64
30.73 1 4 615.84
35.584 3 4 1
36.581 1 4 973.44
36.581 4 4 1
38.343 4 4 1
46.397 1 4 282.24
48.749 2 4 255.24
50.972 2 4 231.84
52.904 1 4 164.64
54.276 4 4 493.68
58.39 1 4 245.28
60.783 4 4 295.2
63.243 1 4 186.48
64.922 4 4 275.28
66.805 1 4 1
67.814 1 4 282.84
70.171 3 4 189.96
71.754 2 4 122.64
72.776 1 4 1
72.776 4 4 445.8
76.815 4 4 353.16
79.932 1 4 290.28
82.351 4 4 443.76
86.365 4 4 77.76
87.013 1 4 227.4
88.908 4 4 146.64
90.13 3 4 215.4
91.925 1 4 260.28
94.094 3 4 1
94.319 4 4 68.76
94.892 2 4 1
94.892 3 4 119.76
96.787 4 4 281.28
99.131 1 4 562.44
101.342 2 4 1
101.608 4 4 1
103.831 4 4 303.72
106.362 1 4 1
118.38 1 4 1
118.779 4 4 1
119.626 1 4 1
119.901 2 4 1
120.424 3 4 1
120.848 1 4 1
120.848 4 4 161.52
122.793 2 4 41.88
123.142 4 4 144.6
124.114 1 4 1
124.347 1 4 1
124.347 2 4 1
125.56 3 4 1
125.56 4 4 107.76
126.458 1 4 128.64
127.53 2 4 1
127.992 3 4 105.12
129.201 4 4 1
129.575 1 4 1
129.961 1 4 1
129.961 4 4 1
132.791 2 4 1
135.334 4 4 52.44
135.771 1 4 43.32
136.382 3 4 71.76
136.98 1 4 53.88
137.603 1 4 170.64
137.603 4 4 170.64
139.972 2 4 188.52
139.972 4 4 188.52
141.767 3 4 71.88
145.058 4 4 254.4
151.94 4 4 1
152.576 3 4 1
153.249 1 4 1
153.91 3 4 1
154.222 1 4 1
154.508 3 4 1
154.683 2 4 1
154.982 4 4 1
155.265 2 4 1
155.58 1 4 1
156.029 4 4 1
156.328 1 4 1
156.628 1 4 1
156.777 4 4 1
157.06 2 4 1
157.5 3 4 1
157.658 2 4 1
158.099 1 4 1
158.39 4 4 1
158.747 3 4 1
159.133 1 4 38.4
159.133 2 4 1
159.919 2 4 35.88
160.218 3 4 35.88
160.85 4 4 239.28
163.946 1 4 210.84
163.946 4 4 1
166.152 1 4 1
166.152 3 4 131.64
172.951 3 4 1
174.68 4 4 1
175.428 4 4 1
176.151 1 4 228.84
176.94 4 4 1
180.215 4 4 1
181.025 1 4 1
182.658 3 4 1
