0.226 1 4 1
0.626 3 4 1
1.426 1 4 1
1.826 4 4 1
2.226 1 4 1
3.426 1 4 1
3.426 4 4 1
3.826 3 4 1
4.226 2 4 1
4.626 4 4 1
5.026 1 4 1
5.826 3 4 1
6.626 2 4 1
7.026 4 4 1
7.426 1 4 1
7.826 3 4 1
8.226 2 4 1
9.026 4 4 1
9.826 2 4 1
13.026 3 4 1
13.026 4 4 1
13.426 2 4 48
13.826 1 4 1
14.226 4 4 1
14.626 1 4 1
15.026 2 4 1
15.426 4 4 1
15.826 1 4 48
16.226 2 4 1
17.026 4 4 1
17.426 3 4 1
18.226 2 4 1
18.626 4 4 1
19.026 2 4 1
19.426 1 4 1
19.826 3 4 48
20.226 4 4 1
20.626 2 4 48
21.026 3 4 48
21.426 4 4 48
21.826 2 4 48
22.226 1 4 48
22.626 3 4 96
23.426 1 4 1
23.826 2 4 1
24.226 4 4 1
24.626 3 4 1
25.026 2 4 1
25.426 4 4 1
25.826 3 4 1
26.226 2 4 48
26.626 4 4 1
27.026 3 4 144
28.226 1 4 1
29.026 4 4 48
29.426 1 4 48
29.826 3 4 1
30.226 3 4 120
31.426 1 4 1
31.426 2 4 1
31.826 3 4 1
32.226 2 4 1
32.626 4 4 48
33.026 1 4 1
33.426 3 4 1
33.826 2 4 1
34.226 4 4 1
34.626 1 4 1
35.026 3 4 1
35.426 2 4 96
36.226 4 4 1
36.626 3 4 1
37.026 1 4 1
37.426 2 4 1
37.826 4 4 1
38.226 1 4 1
38.626 2 4 1
38.626 3 4 288
41.826 1 4 76.56
42.226 4 4 1
43.026 2 4 144
44.226 3 4 1
45.026 4 4 1
45.426 2 4 1
45.826 2 4 1
46.626 4 4 1
48.226 4 4 1
48.826 4 4 1
49.626 1 4 1
49.826 3 4 1
50.626 2 4 1
50.826 3 4 72
51.426 4 4 1
51.426 1 4 1
52.026 3 4 1
52.626 3 4 1
53.226 2 4 1
53.426 3 4 1
53.826 1 4 1
54.226 3 4 1
54.426 2 4 24
54.626 1 4 48
55.026 4 4 1
55.426 3 4 1
55.826 2 4 1
56.226 2 4 1
56.426 1 4 1
56.626 3 4 1
57.026 4 4 48
57.426 2 4 48
57.826 1 4 144
57.826 3 4 1
58.426 4 4 1
59.026 3 4 144
60.226 4 4 72
60.826 1 4 1
61.026 2 4 192
61.426 4 4 1
62.626 3 4 1
64.226 2 4 96
64.226 4 4 1
65.026 3 4 1
65.026 4 4 1
65.426 1 4 1
65.626 4 4 120
66.626 1 4 1
67.026 4 4 1
67.426 3 4 1
67.426 2 4 1
67.826 1 4 1
68.226 2 4 1
68.226 3 4 1
68.626 3 4 1
69.026 1 4 1
69.426 3 4 1
69.826 1 4 1
69.826 4 4 1
70.226 3 4 1
70.626 2 4 96
70.626 4 4 1
71.426 3 4 1
71.426 4 4 1
71.826 2 4 1
71.826 4 4 144
73.026 2 4 1
73.426 4 4 1
73.826 2 4 1
73.826 3 4 96
74.626 1 4 1
75.026 2 4 1
75.426 2 4 1
75.826 3 4 1
76.226 3 4 1
76.226 4 4 1
76.626 2 4 1
77.026 1 4 1
77.026 4 4 96
77.826 1 4 1
78.226 2 4 144
79.426 1 4 1
79.426 4 4 1
79.826 2 4 1
80.226 1 4 1
80.226 3 4 1
80.626 2 4 1
81.026 4 4 1
81.026 3 4 1
81.426 2 4 1
82.026 3 4 1
82.426 4 4 1
82.626 1 4 1
82.626 3 4 1
83.026 2 4 1
83.426 1 4 1
83.426 3 4 96
84.226 1 4 1
84.626 3 4 1
84.626 4 4 1
85.826 1 4 1
85.826 4 4 1
86.226 3 4 1
86.626 4 4 96
86.626 2 4 1
87.426 1 4 1
87.426 3 4 1
87.826 2 4 1
88.026 1 4 1
88.426 1 4 1
88.626 3 4 1
89.026 1 4 1
89.026 2 4 1
89.426 3 4 1
90.226 3 4 1
90.626 4 4 1
90.826 2 4 24
91.026 3 4 1
91.226 4 4 1
91.426 1 4 1
91.826 2 4 1
92.226 4 4 1
92.426 3 4 1
92.626 2 4 1
93.026 1 4 1
93.826 3 4 1
93.826 4 4 1
94.226 1 4 1
95.026 4 4 1
95.426 1 4 1
95.826 2 4 1
96.226 3 4 1
96.626 1 4 1
97.026 4 4 1
97.426 3 4 1
97.626 2 4 1
98.226 2 4 1
98.626 4 4 1
98.626 1 4 1
99.026 3 4 1
99.426 2 4 96
100.226 3 4 1
100.226 4 4 1
100.626 1 4 1
100.826 4 4 1
101.226 1 4 1
101.426 2 4 1
101.826 4 4 1
102.226 3 4 1
102.626 1 4 1
102.826 3 4 48
103.226 1 4 1
103.426 4 4 1
103.826 3 4 96
104.626 1 4 1
105.026 4 4 1
105.426 2 4 1
105.826 1 4 1
106.226 3 4 48
106.626 1 4 1
106.826 3 4 1
107.026 4 4 1
107.826 3 4 1
108.226 4 4 1
108.226 1 4 1
108.626 2 4 1
109.026 3 4 1
109.426 1 4 1
109.826 4 4 1
110.226 3 4 1
110.426 1 4 1
110.626 3 4 1
111.026 2 4 1
111.426 4 4 1
111.826 1 4 1
112.226 2 4 32.04
112.626 2 4 48
113.026 4 4 1
113.426 3 4 1
114.026 3 4 1
114.226 3 4 1
114.626 2 4 1
115.026 1 4 1
115.426 3 4 48
115.426 4 4 1
115.826 2 4 48
116.226 4 4 48
116.626 1 4 144
117.826 3 4 1
118.226 2 4 1
118.626 4 4 84
119.426 1 4 48
119.826 2 4 144
120.226 3 4 1
121.026 4 4 1
121.826 1 4 1
122.626 2 4 1
123.026 3 4 1
123.226 1 4 1
125.026 4 4 1
125.826 2 4 1
126.226 3 4 1
126.426 4 4 1
127.426 1 4 1
128.226 1 4 1
128.226 4 4 1
129.026 2 4 1
129.426 4 4 1
129.826 3 4 1
130.026 1 4 1
130.226 3 4 1
130.626 1 4 1
131.026 4 4 1
131.226 2 4 24
131.426 3 4 1
131.826 4 4 1
132.226 2 4 1
132.626 3 4 1
133.026 1 4 1
133.226 3 4 1
133.426 2 4 1
133.826 4 4 1
134.226 1 4 48
134.626 3 4 1
134.626 4 4 144
135.826 1 4 1
135.826 3 4 72
136.426 2 4 168
137.026 3 4 1
137.826 4 4 192
139.426 1 4 1
139.826 1 4 1
140.226 4 4 1
140.626 3 4 1
141.026 1 4 96
141.026 2 4 1
141.826 4 4 1
142.226 1 4 1
142.226 2 4 144
143.426 3 4 1
143.426 4 4 1
143.826 1 4 1
144.226 3 4 1
144.626 1 4 1
145.026 4 4 1
145.026 2 4 1
145.426 1 4 1
146.226 3 4 1
146.626 1 4 1
146.626 4 4 1
147.026 2 4 1
147.426 3 4 96
147.426 4 4 1
148.226 2 4 1
148.226 4 4 1
148.626 1 4 144
148.626 2 4 1
149.826 4 4 1
150.226 2 4 1
150.626 3 4 96
150.626 4 4 1
151.426 1 4 1
151.426 2 4 1
151.826 2 4 1
152.226 3 4 1
152.626 2 4 1
153.026 3 4 1
153.426 3 4 1
153.826 2 4 96
153.826 4 4 1
154.626 4 4 1
155.026 3 4 144
156.226 1 4 1
156.226 2 4 1
156.626 3 4 1
157.026 2 4 1
157.026 4 4 1
157.426 3 4 1
157.826 1 4 1
157.826 2 4 1
158.226 4 4 1
158.626 1 4 1
159.026 3 4 1
159.426 1 4 1
159.426 2 4 1
159.826 4 4 1
160.226 2 4 1
160.226 3 4 96
161.026 4 4 1
161.026 2 4 1
161.426 3 4 1
161.426 4 4 144
162.626 2 4 1
162.626 3 4 1
163.026 4 4 1
163.426 1 4 1
163.426 2 4 240
165.026 4 4 1
165.426 3 4 1
166.626 3 4 240
169.026 4 4 48
169.426 3 4 48
169.826 2 4 240
172.226 2 4 96
172.626 4 4 1
173.026 1 4 216
175.026 1 4 48
175.426 2 4 48
175.826 3 4 48
176.226 4 4 240
178.226 3 4 144
179.426 4 4 1
179.426 2 4 1
180.226 4 4 1
180.626 1 4 1
180.826 3 4 1
181.626 2 4 1
181.826 4 4 1
182.226 3 4 1
182.626 2 4 1
183.426 3 4 1
183.826 4 4 1
184.226 1 4 1
185.026 3 4 1
185.426 1 4 1
185.826 2 4 288
187.026 3 4 1
188.226 1 4 75
189.026 4 4 192
190.626 2 4 1
192.226 1 4 1
192.226 2 4 96
192.226 4 4 1
193.026 3 4 1
193.026 4 4 1
193.426 1 4 1
193.426 2 4 1
193.626 3 4 1
194.626 3 4 1
194.626 4 4 1
195.026 2 4 1
195.426 1 4 1
195.426 4 4 1
195.826 3 4 1
196.226 1 4 1
196.226 2 4 1
196.626 4 4 1
197.426 3 4 1
197.826 4 4 1
197.826 2 4 1
198.226 1 4 1
198.626 3 4 1
198.626 4 4 96
199.426 1 4 1
199.826 2 4 1
199.826 1 4 144
201.026 3 4 1
201.426 2 4 1
201.826 3 4 1
201.826 2 4 96
202.626 4 4 1
202.626 3 4 1
203.026 4 4 1
203.426 3 4 1
203.826 2 4 1
204.226 1 4 1
204.226 4 4 1
204.626 3 4 1
205.026 1 4 1
205.026 3 4 96
205.826 1 4 1
206.226 2 4 1
206.226 4 4 1
207.426 3 4 1
207.426 1 4 1
207.826 2 4 1
208.226 3 4 1
208.226 4 4 1
208.626 2 4 1
209.026 3 4 1
209.026 4 4 1
209.426 1 4 1
210.226 3 4 1
210.626 1 4 1
210.626 4 4 1
211.026 2 4 1
211.426 4 4 96
211.426 3 4 1
212.226 1 4 1
212.626 2 4 144
213.826 4 4 1
213.826 3 4 1
214.226 3 4 1
214.626 1 4 96
214.626 2 4 1
215.426 2 4 1
215.426 4 4 1
215.826 3 4 1
216.426 4 4 1
216.626 3 4 1
217.026 1 4 1
217.026 2 4 1
217.426 3 4 1
217.826 1 4 1
218.626 2 4 1
219.226 3 4 1
219.826 1 4 1
220.826 4 4 1
221.026 1 4 1
221.626 3 4 1
222.226 1 4 1
222.426 3 4 1
222.826 2 4 1
223.026 4 4 1
223.626 3 4 1
224.026 1 4 1
224.226 2 4 1
224.626 3 4 1
225.026 1 4 1
225.626 2 4 1
226.226 4 4 1
226.826 3 4 1
227.226 4 4 1
227.426 1 4 1
227.826 3 4 1
229.026 1 4 1
229.426 4 4 1
229.826 1 4 1
230.226 2 4 1
230.626 3 4 1
231.026 1 4 1
231.426 3 4 1
231.826 1 4 1
232.226 3 4 1
232.626 2 4 1
233.026 3 4 1
233.626 1 4 1
233.826 3 4 1
234.226 2 4 1
234.826 3 4 1
235.226 4 4 1
236.026 1 4 1
237.026 3 4 1
237.826 4 4 1
238.626 1 4 1
239.026 3 4 1
239.626 2 4 1
240.226 4 4 1
