8.113 3 4 1
8.113 4 4 1
9.364 3 4 1
10.614 3 4 1
11.845 2 4 1
13.095 1 4 1
13.095 4 4 1
14.365 2 4 1
15.595 2 4 1
16.865 3 4 1
18.116 3 4 1
18.116 4 4 1
18.721 1 4 1
19.366 1 4 1
19.971 1 4 1
20.284 1 4 1
20.616 4 4 1
21.241 1 4 1
21.866 1 4 1
23.117 2 4 1
23.117 4 4 1
24.367 1 4 1
24.992 4 4 1
25.305 3 4 1
25.617 4 4 1
26.242 3 4 1
26.868 2 4 1
27.493 2 4 1
28.137 1 4 1
28.137 4 4 1
29.055 1 4 1
29.368 1 4 1
29.993 1 4 1
30.306 1 4 1
30.618 4 4 1
30.618 2 4 1
31.243 1 4 1
31.556 1 4 1
31.869 1 4 1
31.869 4 4 1
32.494 1 4 1
32.806 1 4 1
33.119 1 4 1
33.119 2 4 1
33.724 4 4 1
34.037 4 4 1
34.35 4 4 1
34.35 1 4 1
35.659 3 4 1
35.659 4 4 225
38.042 4 4 1
39.266 2 4 1
39.859 3 4 1
40.132 4 4 1
40.412 1 4 1
40.412 2 4 1
41.011 2 4 1
41.578 1 4 1
42.144 4 4 1
42.711 2 4 1
42.711 3 4 1
43.277 2 4 1
43.85 1 4 1
44.41 4 4 1
44.684 3 4 1
44.957 1 4 1
44.957 4 4 1
45.25 2 4 1
45.524 4 4 1
45.797 2 4 1
46.091 4 4 1
46.364 2 4 1
46.638 3 4 1
46.924 1 4 1
47.204 4 4 1
47.497 2 4 1
47.771 3 4 1
48.044 2 4 1
48.331 1 4 1
48.611 1 4 1
48.904 2 4 1
49.451 4 4 1
49.737 1 4 1
50.017 2 4 1
50.291 3 4 1
50.571 4 4 1
50.857 2 4 1
51.144 1 4 1
51.404 3 4 1
51.697 4 4 1
51.977 3 4 1
52.537 1 4 1
52.811 2 4 1
53.384 4 4 1
53.904 1 4 1
53.904 2 4 67.32
54.745 1 4 1
55.026 2 4 67.2
55.026 4 4 1
55.586 3 4 1
56.147 4 4 1
56.428 2 4 1
56.708 3 4 1
56.988 1 4 1
57.269 2 4 1
57.549 3 4 100.92
58.39 4 4 1
58.951 3 4 1
59.231 4 4 1
59.512 2 4 1
60.353 4 4 1
60.633 1 4 1
60.913 2 4 1
61.194 2 4 1
61.474 3 4 1
61.754 1 4 1
62.035 2 4 1
62.315 3 4 67.32
62.876 4 4 5.64
63.437 3 4 1
63.717 1 4 1
63.997 3 4 1
64.558 4 4 1
64.838 1 4 1
65.119 3 4 1
65.399 2 4 1
65.68 2 4 1
65.96 4 4 1
66.24 3 4 1
66.521 2 4 100.92
67.362 4 4 1
67.922 3 4 1
68.203 3 4 1
68.483 4 4 1
69.324 4 4 1
69.605 3 4 1
69.885 4 4 1
70.165 2 4 1
70.446 1 4 1
70.726 3 4 1
71.006 4 4 1
71.474 2 4 44.88
71.848 1 4 1
71.848 4 4 1
72.595 2 4 1
72.969 1 4 1
73.53 3 4 1
73.81 1 4 1
74.09 3 4 1
74.371 4 4 1
74.651 2 4 1
74.932 1 4 1
75.212 3 4 1
75.492 2 4 33.72
76.333 4 4 1
76.894 3 4 1
77.174 1 4 1
77.455 1 4 1
78.016 3 4 1
78.296 1 4 1
78.576 4 4 1
78.857 2 4 1
79.137 2 4 1
79.417 4 4 1
79.698 2 4 1
79.978 3 4 1
80.259 2 4 67.2
80.819 4 4 1
81.38 3 4 1
81.66 2 4 1
81.941 2 4 67.2
82.782 4 4 1
83.062 2 4 1
83.343 4 4 1
83.623 2 4 1
83.903 1 4 1
84.184 3 4 1
84.464 2 4 56.04
84.931 1 4 44.88
85.305 4 4 1
85.866 3 4 1
86.146 3 4 1
86.427 2 4 1
86.987 3 4 1
87.268 4 4 1
87.548 1 4 1
87.828 3 4 1
88.109 2 4 1
88.389 3 4 1
88.669 4 4 1
88.95 3 4 100.92
89.791 1 4 1
89.791 4 4 67.32
90.352 2 4 1
90.632 1 4 1
90.912 3 4 67.32
91.473 2 4 1
91.753 3 4 1
92.034 1 4 100.92
92.875 2 4 33.6
93.155 4 4 67.32
93.996 1 4 1
94.277 2 4 67.2
94.837 4 4 1
95.118 1 4 1
95.398 2 4 67.32
95.959 4 4 1
96.239 4 4 1
96.52 2 4 1
97.08 2 4 1
97.361 4 4 1
97.641 3 4 1
98.202 4 4 1
98.482 3 4 1
98.763 1 4 67.2
98.763 2 4 1
99.323 2 4 1
99.604 4 4 1
99.884 3 4 67.32
100.725 2 4 1
101.005 1 4 67.32
101.566 3 4 1
101.847 4 4 33.6
102.127 3 4 67.32
102.968 4 4 1
103.248 4 4 67.32
103.809 1 4 1
104.089 1 4 1
104.37 2 4 67.32
104.931 4 4 1
105.211 1 4 1
105.491 3 4 222.96
107.734 3 4 1
107.734 4 4 1
108.295 2 4 1
108.575 3 4 1
108.856 4 4 1
109.416 2 4 1
109.697 1 4 1
109.977 1 4 1
110.258 2 4 1
110.538 3 4 1
110.818 4 4 1
111.099 1 4 1
111.379 2 4 1
111.659 3 4 1
112.22 4 4 1
112.781 3 4 1
113.061 2 4 1
113.342 1 4 1
113.902 3 4 1
114.183 4 4 1
114.463 1 4 1
114.743 2 4 1
115.024 3 4 1
115.304 1 4 1
115.584 4 4 1
115.865 2 4 1
116.706 3 4 1
117.267 2 4 1
117.547 3 4 1
117.827 4 4 1
118.108 1 4 1
118.388 2 4 1
118.668 3 4 1
118.949 4 4 1
119.229 2 4 1
119.51 2 4 1
119.79 3 4 1
120.07 4 4 1
120.351 3 4 1
120.631 2 4 33.6
121.192 4 4 1
121.752 2 4 1
122.033 1 4 1
122.313 4 4 1
122.874 2 4 1
123.154 4 4 1
123.435 3 4 1
123.715 2 4 1
123.995 3 4 1
124.276 2 4 1
124.556 1 4 1
124.836 2 4 1
125.117 3 4 1
125.397 4 4 1
125.678 1 4 1
125.678 2 4 1
126.238 2 4 1
126.519 3 4 1
126.799 2 4 1
127.36 2 4 1
127.64 1 4 1
127.92 4 4 1
128.201 3 4 1
128.481 2 4 1
128.762 4 4 1
129.042 4 4 1
129.322 2 4 1
130.163 1 4 1
130.163 2 4 1
130.724 2 4 1
131.004 3 4 1
131.285 1 4 1
131.846 4 4 1
132.126 1 4 1
132.406 2 4 1
132.687 4 4 1
132.967 2 4 1
133.247 4 4 1
133.528 1 4 1
133.808 3 4 1
134.088 2 4 1
134.649 3 4 1
134.649 4 4 1
135.21 3 4 1
135.21 4 4 1
135.49 2 4 1
135.771 3 4 1
135.771 4 4 1
136.612 3 4 1
136.892 4 4 1
137.173 2 4 1
137.453 3 4 1
137.733 1 4 1
138.014 1 4 1
138.294 2 4 1
138.574 3 4 1
139.135 1 4 1
139.135 2 4 1
139.696 1 4 1
139.976 3 4 1
140.257 1 4 1
140.257 4 4 1
140.817 3 4 1
140.817 4 4 1
141.378 4 4 1
141.378 1 4 1
141.658 3 4 1
141.939 2 4 1
142.219 4 4 1
142.499 1 4 1
143.06 3 4 1
143.341 3 4 1
143.621 3 4 1
144.182 2 4 1
144.462 2 4 1
144.742 1 4 1
145.583 3 4 1
145.864 4 4 1
146.705 3 4 1
146.985 1 4 1
148.107 2 4 1
148.667 3 4 1
149.228 1 4 1
150.35 2 4 1
150.91 2 4 1
151.191 4 4 1
151.471 3 4 1
152.312 3 4 1
152.593 1 4 1
152.593 2 4 1
153.153 3 4 1
153.434 2 4 1
153.714 4 4 1
154.555 2 4 1
154.835 3 4 1
155.396 4 4 1
155.957 2 4 1
156.798 3 4 1
157.078 2 4 1
157.639 3 4 1
157.919 2 4 1
158.761 4 4 1
159.041 2 4 1
159.321 3 4 1