6.348 2 4 1
8.043 4 4 1
8.456 3 4 1
8.869 2 4 1
9.241 2 4 1
9.668 4 4 1
10.109 1 4 1
11.37 1 4 1
11.762 4 4 1
12.217 1 4 1
12.651 3 4 1
13.085 1 4 1
14.635 2 4 1
15.048 4 4 1
15.379 3 4 1
16.35 4 4 1
16.577 1 4 1
18.761 3 4 1
19.697 4 4 1
21.736 1 4 1
22.157 2 4 1
22.59 4 4 1
23.479 1 4 1
25.05 3 4 1
26.455 3 4 1
26.696 2 4 1
30.133 4 4 1
31.848 1 4 1
31.848 4 4 1
32.737 4 4 1
33.171 3 4 1
33.639 2 4 1
35.34 2 4 1
37.111 1 4 1
38.006 1 4 1
38.006 4 4 1
38.874 1 4 1
38.874 4 4 1
39.856 2 4 1
40.672 4 4 1
41.56 1 4 1
42.428 4 4 1
44.219 1 4 1
45.156 4 4 1
46.038 1 4 1
46.038 3 4 1
46.148 2 4 1
46.148 4 4 1
47.14 2 4 1
47.822 1 4 1
48.772 3 4 1
49.564 1 4 1
49.564 2 4 1
51.328 1 4 1
51.328 4 4 1
52.388 3 4 1
53.236 1 4 1
54.124 4 4 1
54.951 1 4 1
55.922 2 4 1
62.167 3 4 1
62.541 1 4 1
62.541 4 4 1
62.821 1 4 1
63.289 3 4 1
63.662 3 4 33.72
63.943 1 4 1
64.504 2 4 1
64.784 4 4 1
65.064 1 4 1
65.345 4 4 1
65.625 3 4 1
65.905 2 4 1
66.186 1 4 1
66.466 4 4 1
66.653 3 4 1
66.933 2 4 44.88
67.307 1 4 1
67.868 2 4 1
68.148 2 4 26.16
68.429 4 4 1
68.896 1 4 1
69.27 4 4 1
69.55 1 4 1
69.831 3 4 1
70.111 1 4 1
70.391 4 4 1
70.672 2 4 1
70.859 3 4 1
70.952 3 4 1
71.232 2 4 1
71.419 2 4 44.88
71.793 1 4 1
72.354 3 4 1
72.634 3 4 33.72
72.915 1 4 1
73.475 4 4 1
73.756 1 4 1
74.036 4 4 1
74.317 1 4 1
74.597 4 4 1
74.877 2 4 1
75.158 4 4 1
75.438 3 4 1
75.625 2 4 11.16
75.905 2 4 44.88
76.279 3 4 1
76.84 2 4 1
77.12 3 4 33.72
77.401 1 4 1
77.961 2 4 1
78.242 4 4 1
78.522 1 4 1
78.803 4 4 1
79.083 2 4 1
79.363 4 4 1
79.55 3 4 1
79.644 2 4 1
79.924 1 4 1
80.111 2 4 1
80.391 3 4 44.88
80.765 1 4 1
81.326 3 4 1
81.606 1 4 22.44
81.887 4 4 1
82.354 3 4 1
82.447 2 4 1
82.728 4 4 1
83.008 1 4 1
83.289 1 4 1
83.569 3 4 1
83.849 1 4 1
84.13 2 4 1
84.41 1 4 1
84.597 3 4 1
84.877 3 4 44.88
85.251 1 4 1
85.812 3 4 1
86.092 2 4 1
86.373 1 4 1
86.84 3 4 1
86.933 2 4 1
87.214 4 4 1
87.494 1 4 1
87.775 4 4 1
88.055 1 4 1
88.335 3 4 1
88.616 4 4 1
88.803 4 4 1
88.896 3 4 1
89.176 3 4 1
89.363 2 4 44.88
89.737 1 4 1
90.298 3 4 1
90.578 3 4 33.72
90.859 1 4 1
91.419 3 4 1
91.7 1 4 1
91.98 4 4 1
92.261 2 4 1
92.541 4 4 1
92.821 3 4 1
93.102 1 4 1
93.289 2 4 1
93.382 3 4 1
93.662 4 4 1
93.849 2 4 44.88
94.223 1 4 1
94.784 3 4 1
95.064 2 4 33.72
95.345 1 4 1
95.905 4 4 1
96.186 1 4 1
96.466 4 4 1
96.747 2 4 1
97.027 4 4 1
97.307 1 4 1
97.494 1 4 1
97.588 2 4 1
97.775 2 4 1
97.868 2 4 1
98.055 3 4 1
98.335 3 4 44.88
98.709 4 4 100.92
99.55 3 4 134.64
100.672 2 4 33.6
100.952 4 4 100.92
101.793 3 4 33.72
102.074 2 4 134.52
103.195 4 4 100.92
104.036 2 4 33.72
104.317 3 4 100.92
105.158 2 4 16.8
106.279 3 4 1
106.56 2 4 100.92
107.401 3 4 1
107.681 4 4 98.16
108.803 1 4 134.52
109.924 4 4 134.64
111.046 1 4 134.52
112.167 3 4 89.76
113.008 3 4 33.72
113.289 1 4 134.52
114.41 3 4 77.16
