1.819 4 4 1
2.728 3 4 1
3.637 1 4 1
4.547 3 4 1
5.456 3 4 1
6.365 3 4 1
7.274 3 4 1
7.728 4 4 1
8.183 1 4 1
9.092 3 4 1
10.91 2 4 1
11.592 2 4 1
12.046 4 4 1
12.728 4 4 1
14.546 3 4 1
15.228 2 4 1
15.683 4 4 1
16.137 2 4 1
18.183 1 4 1
18.865 2 4 1
19.319 2 4 1
19.774 3 4 1
20.001 4 4 1
21.819 2 4 1
22.501 3 4 1
22.956 3 4 1
23.41 1 4 1
23.637 2 4 1
25.456 2 4 1
26.592 3 4 1
27.046 2 4 1
27.274 1 4 1
29.092 3 4 1
30.228 2 4 1
30.683 1 4 1
32.728 3 4 109.08
34.319 2 4 1
34.546 4 4 1
36.365 1 4 1
37.046 3 4 1
37.501 1 4 1
38.183 1 4 1
40.001 4 4 54.48
41.137 2 4 1
41.592 3 4 1
41.819 1 4 54.6
42.501 3 4 1
43.637 4 4 54.6
44.319 2 4 1
44.774 3 4 1
45.228 1 4 81.84
46.137 3 4 1
47.274 3 4 54.48
47.955 2 4 1
48.41 2 4 1
48.865 2 4 1
49.092 3 4 81.84
50.91 4 4 54.6
51.592 2 4 1
52.046 3 4 1
52.728 1 4 81.84
54.092 2 4 1
54.546 2 4 54.6
55.455 2 4 1
55.91 3 4 1
56.137 2 4 1
56.365 4 4 109.08
57.728 2 4 1
58.183 1 4 54.48
58.864 2 4 1
59.319 3 4 1
59.546 2 4 1
59.774 3 4 1
60.001 1 4 81.84
61.364 3 4 1
61.592 2 4 1
61.819 1 4 1
62.274 1 4 1
62.614 2 4 1
62.955 4 4 1
63.41 2 4 1
63.637 4 4 40.92
64.092 4 4 54.48
64.546 1 4 54.6
65.001 3 4 54.48
65.91 2 4 1
66.137 3 4 1
66.364 2 4 1
66.819 2 4 1
67.274 3 4 54.48
67.728 2 4 54.6
68.41 1 4 1
68.637 2 4 1
69.092 1 4 54.48
69.546 4 4 54.6
70.001 1 4 1
70.228 2 4 1
70.455 4 4 54.6
70.91 3 4 54.48
71.364 2 4 109.2
71.819 3 4 1
72.274 4 4 1
72.728 3 4 54.6
73.183 2 4 54.48
73.864 3 4 1
74.092 1 4 54.48
74.546 2 4 54.6
75.001 3 4 163.56
75.91 2 4 1
76.364 1 4 54.6
76.819 3 4 27.24
77.046 2 4 54.6
77.501 4 4 1
77.728 4 4 54.6
78.183 1 4 163.56
80.001 2 4 54.48
80.455 3 4 27.36
80.91 3 4 1
81.137 2 4 1
81.478 3 4 1
81.819 1 4 1
81.819 2 4 54.48
82.273 3 4 1
82.501 3 4 1
82.728 2 4 1
82.955 1 4 1
83.183 4 4 1
83.637 3 4 54.6
84.092 2 4 27.24
84.319 1 4 1
84.773 3 4 1
85.001 4 4 1
85.228 4 4 1
85.455 2 4 109.08
86.364 1 4 81.84
87.273 2 4 1
87.501 4 4 1
87.728 3 4 1
87.955 2 4 1
88.183 1 4 1
88.41 4 4 1
88.637 4 4 54.6
89.092 2 4 54.48
89.546 3 4 1
89.773 3 4 81.84
90.001 1 4 1
90.455 2 4 54.6
90.91 3 4 54.48
91.364 2 4 54.6
91.819 4 4 1
92.046 3 4 1
92.273 1 4 54.6
92.728 3 4 54.6
93.183 4 4 1
93.41 2 4 81.84
94.546 1 4 1
94.773 2 4 1
95.001 3 4 1
95.228 3 4 1
95.455 4 4 1
95.683 3 4 1
95.91 2 4 1
96.364 2 4 54.6
96.819 3 4 1
97.046 2 4 1
97.728 3 4 1
98.183 2 4 54.48
98.637 3 4 1
98.864 2 4 1
99.092 3 4 1
99.546 1 4 1
99.773 2 4 1
100.001 3 4 54.48
100.455 4 4 1
100.683 3 4 1
100.91 2 4 54.48
101.364 1 4 1
101.819 2 4 54.48
102.273 3 4 1
102.501 1 4 1
102.728 3 4 1
103.183 4 4 1
103.637 1 4 54.6
104.092 2 4 1
104.546 2 4 54.6
105.001 3 4 1
105.455 4 4 54.6
105.91 2 4 1
106.137 2 4 1
106.364 3 4 1
106.592 1 4 1
106.819 2 4 1
107.273 3 4 54.6
107.728 2 4 1
107.955 4 4 27.24
108.182 2 4 54.6
108.637 1 4 1
109.092 1 4 54.48
109.546 3 4 1
110.001 4 4 42.6
110.91 1 4 1
110.91 2 4 1
111.819 3 4 1
112.728 2 4 1
113.637 4 4 1
114.546 1 4 1
115.455 2 4 1
116.364 1 4 1
117.273 1 4 1
118.182 2 4 1
119.092 1 4 1
120.001 2 4 1
120.91 1 4 1
121.364 2 4 1
121.819 3 4 1
122.728 1 4 1
123.182 4 4 1
123.637 1 4 1
125.455 4 4 1
127.273 3 4 1
127.955 3 4 1
128.41 3 4 1
128.864 1 4 1
130.91 2 4 81.84
132.046 3 4 1
132.501 1 4 1
134.546 3 4 1
135.228 3 4 1
135.682 2 4 1
136.137 3 4 1
138.182 1 4 1
138.864 2 4 1
139.319 3 4 1
139.773 4 4 1
141.819 3 4 81.84
142.955 2 4 1
143.41 4 4 1
145.455 4 4 1
146.137 3 4 1
146.591 3 4 1
147.046 1 4 1
149.091 3 4 1
149.773 3 4 1
150.228 2 4 1
150.682 1 4 1
152.728 4 4 1
153.41 2 4 1
153.864 3 4 1
154.546 1 4 1
155.228 2 4 1
155.455 3 4 1
155.91 1 4 1
156.364 2 4 1
157.273 3 4 1
157.955 2 4 1
158.182 1 4 1
158.864 4 4 1
160 1 4 1
160.682 3 4 1
161.137 2 4 1
161.591 3 4 1
162.5 3 4 1
163.637 4 4 1
164.319 3 4 1
164.773 2 4 1
165.228 1 4 1
165.455 4 4 54.6
167.273 1 4 54.6
167.728 3 4 1
168.182 2 4 1
168.41 3 4 1
168.637 3 4 1
168.864 2 4 1
169.091 1 4 1
169.546 1 4 1
170.455 4 4 1
170.91 4 4 1
171.364 4 4 1
171.819 2 4 1
172.273 2 4 1
172.728 2 4 1
173.182 3 4 1
173.637 3 4 1
174.091 2 4 1
174.319 3 4 1
174.546 4 4 1
175 4 4 1
175.455 3 4 1
175.682 2 4 1
175.91 3 4 1
176.137 2 4 1
176.364 1 4 1
176.819 1 4 1
177.273 3 4 1
177.728 4 4 1
178.182 2 4 1
178.637 1 4 1
179.091 1 4 1
179.546 3 4 1
179.773 2 4 1
180 4 4 109.2
180.455 1 4 54.6
180.91 2 4 54.48
181.364 3 4 54.6
182.5 2 4 1
182.728 3 4 1
182.955 2 4 1
183.182 3 4 1
183.637 1 4 54.48
183.637 4 4 1
184.091 2 4 81.84
184.773 3 4 27.24
185 1 4 1
185.455 1 4 54.48
185.909 4 4 54.6
186.364 1 4 1
186.591 3 4 1
186.819 2 4 1
187.273 3 4 54.6
187.728 2 4 109.08
188.637 3 4 1
189.091 1 4 54.6
189.546 3 4 54.48
190.228 4 4 1
190.455 3 4 54.48
190.909 1 4 81.84
192.728 1 4 54.48
193.182 3 4 81.84
193.409 2 4 1
193.864 4 4 1
194.091 1 4 54.6
194.546 4 4 163.56
196.364 2 4 54.6
196.819 3 4 54.48
197.273 2 4 1
197.5 4 4 1
197.841 2 4 1
198.182 2 4 54.6
198.637 3 4 1
198.864 4 4 1
199.091 1 4 1
199.546 1 4 1
200 2 4 54.6
200.455 3 4 54.48
200.682 1 4 1
201.137 2 4 1
201.364 4 4 54.6
201.819 1 4 54.48
202.273 3 4 54.6
202.728 1 4 54.48
203.637 2 4 54.48
204.091 3 4 54.6
204.546 2 4 1
204.773 3 4 1
205 1 4 54.6
205.455 2 4 81.84
206.137 3 4 81.84
206.819 2 4 44.28
207.273 2 4 54.6
207.728 3 4 1
208.182 1 4 1
208.409 2 4 1
208.637 4 4 54.48
209.091 1 4 54.6
209.318 2 4 1
209.546 3 4 109.08
210.909 2 4 1
211.364 3 4 1
211.818 1 4 1
212.273 3 4 1
212.728 1 4 54.48
213.182 3 4 1
213.409 4 4 81.84
214.091 2 4 1
214.546 2 4 54.48
215 4 4 1
215.455 2 4 1
215.682 3 4 1
215.909 2 4 1
216.137 3 4 1
216.364 2 4 54.48
216.818 4 4 1
217.046 3 4 1
217.273 2 4 54.6
217.728 4 4 1
218.182 4 4 80.16
218.637 3 4 1
219.091 2 4 1
219.546 3 4 1
220 1 4 54.6
220.455 2 4 1
220.909 3 4 54.6
221.364 2 4 1
221.818 4 4 54.6
222.273 1 4 1
222.728 3 4 1
222.955 2 4 1
223.182 4 4 1
223.637 3 4 54.48
224.091 2 4 1
224.318 3 4 1
224.546 1 4 81.84
225.455 4 4 54.48
225.909 2 4 1
226.364 1 4 54.48
226.818 3 4 1
227.273 4 4 1
227.273 2 4 1
228.182 2 4 1
230.909 4 4 1
231.818 3 4 1
233.637 4 4 1
241.818 1 4 1
243.637 1 4 1
244.318 2 4 1
244.773 3 4 1
245.227 4 4 1
247.273 3 4 81.84
248.409 2 4 1
248.864 2 4 1
250.909 2 4 1
251.591 2 4 1
252.046 3 4 1
252.5 1 4 1
254.546 4 4 1
255 3 4 1
255.227 3 4 1
255.682 3 4 1
256.137 2 4 1
