0.005 3 4 1
0.658 3 4 1
0.875 1 4 1
1.527 1 4 1
1.745 4 4 1
2.614 3 4 1
6.962 4 4 1
7.614 2 4 1
7.832 4 4 1
8.701 4 4 1
9.027 3 4 1
9.353 2 4 1
9.571 1 4 1
9.788 3 4 1
10.44 3 4 208.8
11.31 4 4 1
11.527 2 4 78.36
12.18 1 4 1
12.506 4 4 1
12.832 1 4 1
12.832 3 4 1
13.919 1 4 1
14.571 4 4 52.2
15.006 2 4 1
15.441 2 4 26.04
15.875 2 4 1
16.31 4 4 1
16.528 1 4 1
17.397 3 4 1
17.615 2 4 1
18.049 1 4 1
18.484 4 4 52.2
19.136 2 4 1
19.789 2 4 1
20.006 1 4 52.2
20.658 3 4 1
20.876 1 4 1
21.093 3 4 1
21.528 4 4 1
21.963 2 4 52.08
22.397 3 4 1
22.832 4 4 1
23.267 2 4 104.28
24.136 4 4 1
24.354 3 4 1
25.006 4 4 52.2
25.441 2 4 1
25.876 4 4 1
26.093 1 4 1
26.528 4 4 1
26.745 3 4 52.2
27.18 1 4 78.24
27.832 4 4 1
28.484 3 4 26.16
28.702 2 4 1
29.137 3 4 1
29.571 4 4 1
30.332 4 4 1
30.658 2 4 1
31.311 1 4 1
31.745 3 4 1
32.398 1 4 1
32.615 4 4 1
33.05 1 4 1
33.376 1 4 1
33.702 1 4 1
33.919 1 4 1
34.354 4 4 1
34.789 3 4 52.2
35.441 2 4 1
35.659 1 4 1
36.528 1 4 1
37.398 4 4 1
37.941 2 4 1
38.267 3 4 78.24
39.137 4 4 1
40.006 3 4 1
40.659 2 4 1
40.876 4 4 1
41.093 2 4 1
41.528 3 4 1
41.746 1 4 1
41.963 3 4 52.2
42.615 4 4 1
43.485 1 4 1
43.811 2 4 1
44.137 3 4 1
44.354 2 4 1
44.572 4 4 1
45.007 4 4 1
45.224 2 4 1
46.094 4 4 1
46.963 4 4 1
47.615 3 4 1
47.833 1 4 1
48.05 3 4 1
48.268 1 4 1
48.702 1 4 1
49.137 1 4 1
49.572 3 4 1
50.442 3 4 1
51.094 2 4 1
51.311 4 4 1
51.529 1 4 1
51.963 2 4 1
52.181 4 4 1
52.833 2 4 1
53.05 4 4 1
53.703 3 4 1
53.92 1 4 1
54.572 3 4 1
54.789 1 4 1
55.007 2 4 1
55.442 3 4 1
55.659 4 4 1
55.876 1 4 1
56.529 1 4 1
56.746 1 4 1
57.398 4 4 1
58.05 4 4 1
58.268 2 4 1
58.485 3 4 1
58.92 1 4 1
59.137 3 4 1
59.355 2 4 1
59.79 2 4 1
60.007 4 4 1
60.877 1 4 1
61.311 2 4 52.2
61.746 1 4 104.4
62.616 4 4 130.44
63.92 3 4 1
64.138 2 4 1
64.355 4 4 1
64.572 2 4 1
64.79 3 4 1
65.007 1 4 78.24
66.094 4 4 1
66.312 3 4 1
66.529 2 4 1
66.746 1 4 52.2
67.833 3 4 1
68.92 4 4 1
69.138 3 4 1
69.355 1 4 130.44
70.877 1 4 52.2
71.312 3 4 1
72.181 2 4 104.4
73.051 4 4 1
73.268 3 4 1
73.703 3 4 1
74.138 1 4 1
74.573 4 4 1
75.007 3 4 1
75.442 2 4 1
75.877 1 4 78.24
76.529 2 4 1
76.747 3 4 1
77.181 3 4 1
77.616 2 4 1
78.051 1 4 1
78.486 4 4 1
78.921 4 4 1
79.355 3 4 78.36
80.008 4 4 1
80.225 2 4 1
80.66 3 4 52.2
81.095 1 4 78.24
81.747 3 4 1
82.182 4 4 1
82.399 4 4 1
82.616 3 4 52.2
83.269 1 4 1
83.486 2 4 1
83.921 3 4 1
84.356 1 4 52.08
84.79 4 4 52.2
85.225 1 4 1
85.66 2 4 1
85.877 3 4 1
86.095 3 4 52.08
86.747 2 4 1
86.964 1 4 1
87.182 2 4 1
87.616 4 4 1
88.051 2 4 1
88.486 1 4 1
88.921 1 4 1
89.356 3 4 1
89.79 4 4 1
90.225 3 4 1
90.443 1 4 1
91.095 3 4 1
91.53 4 4 1
91.964 1 4 1
92.399 2 4 1
92.834 3 4 1
93.051 2 4 52.2
93.704 3 4 1
93.921 3 4 1
94.356 2 4 1
94.573 4 4 50.52
95.225 2 4 1
95.66 4 4 1
95.878 3 4 1
96.095 2 4 1
96.312 1 4 78.36
97.399 3 4 52.2
98.052 2 4 1
98.486 1 4 78.36
99.139 4 4 1
99.791 2 4 65.16
100.443 2 4 1
100.66 2 4 1
100.878 3 4 1
101.095 3 4 1
101.53 1 4 1
101.965 4 4 1
102.399 3 4 1
102.834 2 4 1
103.052 2 4 1
103.269 1 4 1
103.486 4 4 78.36
104.139 1 4 1
104.356 2 4 1
104.573 1 4 1
105.008 3 4 78.24
105.878 1 4 1
106.095 4 4 1
106.313 2 4 1
106.53 2 4 1
106.747 4 4 52.2
107.182 3 4 26.16
107.4 2 4 52.08
107.834 1 4 1
108.269 3 4 1
108.487 4 4 1
109.574 2 4 1
110.008 3 4 1
110.334 1 4 1
110.552 3 4 1
110.661 2 4 1
111.095 4 4 1
111.313 2 4 1
111.965 2 4 1
113.052 4 4 1
113.487 2 4 1
113.922 1 4 1
114.791 1 4 1
115.443 4 4 1
116.53 1 4 1
117.183 4 4 1
117.617 2 4 1
118.269 3 4 1
118.704 1 4 1
119.139 3 4 1
120.009 4 4 1
120.878 1 4 1
121.313 3 4 1
121.748 1 4 1
122.4 2 4 26.04
122.835 3 4 1
123.27 4 4 1
124.139 1 4 1
125.444 2 4 1
125.661 1 4 1
125.878 4 4 52.2
126.965 3 4 1
127.618 1 4 1
128.052 2 4 1
128.487 3 4 1
128.705 4 4 104.28
129.574 3 4 1
130.226 1 4 1
130.444 2 4 1
130.661 3 4 1
131.313 4 4 1
132.183 1 4 1
132.4 4 4 1
132.618 2 4 1
132.835 2 4 78.24
133.922 1 4 1
134.139 3 4 1
135.661 4 4 104.4
136.531 1 4 1
137.4 1 4 1
138.27 3 4 1
139.14 4 4 1
139.357 1 4 1
139.792 1 4 1
140.227 2 4 1
140.661 3 4 1
141.096 4 4 1
141.531 4 4 1
141.966 3 4 78.24
142.618 1 4 1
142.835 3 4 1
143.27 4 4 1
143.705 3 4 1
144.14 3 4 1
144.575 4 4 1
145.009 2 4 1
145.444 1 4 156.6
146.749 2 4 1
146.966 4 4 1
147.618 2 4 52.2
148.053 4 4 52.2
148.705 2 4 1
149.14 4 4 1
149.357 3 4 1
149.575 2 4 1
150.227 1 4 1
150.444 3 4 1
151.096 1 4 1
151.531 3 4 1
152.183 4 4 1
152.618 2 4 1
152.836 1 4 1
153.705 4 4 1
153.923 3 4 1
154.14 2 4 1
154.575 3 4 1
155.01 1 4 1
155.444 3 4 1
155.662 2 4 1
156.314 2 4 1
156.749 4 4 1
157.184 3 4 1
157.401 2 4 1
157.618 3 4 1
158.053 1 4 1
158.488 2 4 1
158.923 4 4 1
159.14 2 4 1
159.575 3 4 1
159.792 1 4 1
160.01 3 4 104.28
160.879 1 4 208.8
160.879 4 4 1
167.836 4 4 1
168.271 2 4 1
168.488 4 4 1
169.575 3 4 1
170.01 4 4 1
170.227 1 4 1
170.88 1 4 1
171.314 1 4 1
171.749 4 4 1
171.967 2 4 1
173.054 3 4 1
173.706 4 4 1
173.923 1 4 78.24
174.575 4 4 26.16
174.793 2 4 1
175.228 1 4 1
175.228 4 4 1
175.445 2 4 1
176.097 1 4 1
176.097 4 4 1
176.532 2 4 1
176.967 1 4 1
176.967 4 4 1
177.836 4 4 1
178.706 3 4 1
179.576 1 4 1
180.01 2 4 1
180.336 3 4 1
180.663 3 4 1
181.097 4 4 52.2
181.532 2 4 1
181.749 1 4 1
181.967 3 4 1
182.402 1 4 1
182.836 2 4 1
183.271 3 4 1
183.706 3 4 1
184.141 4 4 1
184.576 3 4 78.24
185.228 2 4 1
185.445 1 4 1
185.88 4 4 1
186.315 3 4 1
186.75 1 4 1
187.184 2 4 1
187.619 4 4 1
188.706 1 4 1
188.924 4 4 1
189.358 2 4 52.2
189.793 4 4 52.2
190.228 2 4 1
190.663 4 4 1
190.88 3 4 1
191.098 2 4 1
191.315 1 4 78.24
192.185 4 4 1
192.837 3 4 1
193.272 4 4 1
193.706 3 4 1
194.141 2 4 1
194.576 1 4 1
195.011 2 4 1
195.446 3 4 1
195.88 4 4 1
196.315 2 4 52.2
196.75 1 4 1
197.185 4 4 1
197.619 2 4 1
198.054 1 4 1
198.489 3 4 1
198.924 4 4 1
199.141 2 4 1
199.359 2 4 1
199.793 1 4 1
200.228 4 4 1
200.446 2 4 1
200.88 4 4 1
201.315 3 4 1
201.75 1 4 52.2
202.402 3 4 1
202.62 1 4 1
203.272 1 4 52.2
203.707 2 4 1
204.141 4 4 52.2
204.576 3 4 1
205.011 1 4 104.4
205.881 4 4 1
206.315 2 4 1
206.75 3 4 26.16
207.185 2 4 1
207.62 4 4 1
208.055 3 4 1
208.489 2 4 1
208.924 1 4 1
209.359 2 4 1
209.576 4 4 1
209.794 3 4 1
210.229 1 4 1
210.663 2 4 1
211.098 3 4 1
211.533 4 4 1
211.968 2 4 1
212.403 3 4 1
212.62 4 4 1
212.837 1 4 1
213.055 3 4 78.24
213.707 1 4 52.2
214.359 4 4 1
214.576 3 4 1
214.794 2 4 1
215.446 2 4 52.2
215.881 4 4 78.24
216.533 1 4 1
217.403 1 4 1
218.272 3 4 1
219.142 4 4 1
220.011 3 4 104.4
220.881 4 4 1
221.316 4 4 52.2
221.751 1 4 1
222.185 2 4 1
222.62 4 4 1
223.164 2 4 1
223.49 1 4 66.84
224.359 3 4 1
225.229 4 4 1
225.555 2 4 1
226.099 2 4 1
226.316 4 4 1
226.778 3 4 1
226.968 1 4 78.24
227.838 2 4 1
228.707 3 4 1
229.359 3 4 1
229.794 4 4 78.24
230.446 1 4 1
230.881 2 4 78.24
232.186 3 4 1
232.838 3 4 1
233.925 4 4 1
234.36 3 4 1
234.577 2 4 1
235.664 1 4 65.16
236.207 4 4 143.52
236.968 1 4 1
237.403 2 4 1
238.055 2 4 1
238.273 3 4 1
238.925 1 4 78.24
239.795 4 4 1
240.012 3 4 1
240.229 1 4 1
240.882 4 4 78.24
241.534 3 4 1
241.751 4 4 1
241.969 2 4 78.24
242.621 1 4 78.24
243.49 4 4 104.4
243.925 1 4 1
244.36 2 4 1
244.795 4 4 1
245.229 2 4 1
245.664 3 4 1
246.099 1 4 1
246.534 2 4 1
246.969 3 4 1
247.403 1 4 1
247.621 2 4 1
247.838 4 4 1
248.273 4 4 1
249.143 1 4 1
249.577 2 4 1
250.012 4 4 1
250.447 2 4 1
250.882 1 4 1
251.317 4 4 1
251.751 4 4 1
252.186 2 4 1
252.621 4 4 1
253.056 2 4 1
253.491 1 4 1
253.925 3 4 1
254.36 2 4 1
254.795 4 4 1
255.23 1 4 1
255.665 4 4 1
256.099 1 4 1
256.969 4 4 1
257.186 1 4 1
257.839 4 4 52.08
258.273 2 4 1
258.708 4 4 1
259.36 1 4 78.24
260.012 2 4 1
260.447 3 4 1
260.882 4 4 52.2
261.317 1 4 1
261.752 2 4 1
262.186 2 4 1
262.404 3 4 1
262.839 1 4 78.24
263.491 2 4 52.2
263.926 4 4 52.08
264.36 3 4 52.2
264.795 1 4 52.2
265.23 3 4 1
265.665 2 4 52.2
266.1 3 4 52.08
266.534 1 4 1
266.969 1 4 1
267.404 4 4 1
267.839 2 4 52.2
268.274 4 4 52.08
268.708 1 4 52.2
269.143 3 4 52.2
269.578 2 4 40.8
270.013 2 4 52.2
270.448 4 4 195.6
270.665 1 4 1
270.882 1 4 52.2
271.317 3 4 1
271.752 2 4 39.12
