0.769 4 4 1
1.188 3 4 1
2.237 3 4 1
2.447 2 4 1
3.706 1 4 1
4.125 3 4 1
4.755 3 4 1
5.384 2 4 1
5.804 2 4 1
6.643 2 4 1
7.063 2 4 1
7.482 4 4 1
8.111 3 4 1
8.741 1 4 1
9.16 4 4 1
9.58 3 4 1
10 3 4 1
10.419 4 4 1
10.629 3 4 1
10.839 2 4 1
10.839 1 4 201.36
12.517 4 4 1
14.195 4 4 1
15.035 3 4 1
15.454 1 4 1
15.874 4 4 1
16.713 3 4 1
17.552 1 4 1
17.972 1 4 1
18.391 2 4 1
19.23 3 4 1
19.65 1 4 1
20.07 3 4 1
20.489 2 4 1
20.909 1 4 1
20.909 4 4 1
21.328 4 4 1
22.587 2 4 1
23.426 2 4 1
23.846 3 4 1
24.265 1 4 1
24.265 4 4 1
25.944 2 4 1
27.622 4 4 100.68
27.622 1 4 1
28.461 2 4 75.6
29.3 1 4 201.48
29.3 3 4 1
30.979 4 4 201.36
34.335 4 4 1
36.014 3 4 1
37.692 2 4 1
39.37 3 4 1
40.209 4 4 50.4
41.049 4 4 1
41.468 3 4 1
41.888 2 4 1
42.727 2 4 1
43.566 3 4 25.2
43.986 2 4 1
44.405 4 4 25.2
44.825 1 4 1
45.244 3 4 25.2
46.084 1 4 1
46.503 2 4 1
46.923 2 4 1
47.342 3 4 1
47.762 3 4 1
48.601 3 4 1
49.44 3 4 1
50.279 2 4 1
51.119 1 4 1
51.958 3 4 1
52.797 4 4 1
53.217 1 4 1
53.636 2 4 1
53.636 4 4 50.4
54.056 1 4 50.28
54.475 4 4 1
55.314 2 4 1
56.154 3 4 1
56.573 3 4 1
56.993 4 4 1
57.412 1 4 1
57.832 2 4 1
58.671 3 4 1
59.51 1 4 201.48
61.189 4 4 1
62.867 4 4 1
63.286 3 4 1
63.706 2 4 1
64.545 1 4 1
64.86 2 4 1
65.384 3 4 1
65.804 4 4 1
66.224 4 4 1
66.643 2 4 1
67.063 3 4 1
67.482 3 4 1
67.902 4 4 1
68.741 1 4 1
69.58 1 4 1
69.58 3 4 1
70 2 4 1
70.419 3 4 1
70.839 3 4 1
71.259 2 4 1
72.098 3 4 1
72.517 1 4 1
72.937 1 4 1
72.937 4 4 1
74.196 3 4 1
74.615 3 4 201.36
76.293 1 4 1
76.713 1 4 1
77.133 3 4 1
77.552 2 4 1
77.972 4 4 1
78.391 3 4 1
78.811 2 4 1
79.231 3 4 1
79.65 1 4 1
79.65 4 4 1
80.07 4 4 1
80.489 3 4 1
81.328 1 4 1
82.168 1 4 1
82.587 2 4 1
83.007 1 4 1
83.007 4 4 1
83.846 2 4 1
84.685 2 4 1
85.524 3 4 1
85.944 4 4 1
86.363 2 4 1
86.363 1 4 1
88.042 1 4 1
88.881 2 4 1
89.72 3 4 1
89.72 4 4 1
90.559 1 4 1
90.559 2 4 1
91.398 1 4 1
91.398 4 4 176.28
93.077 1 4 150.96
94.335 4 4 50.4
96.433 4 4 1
98.112 3 4 1
99.79 2 4 1
102.308 3 4 1
102.727 1 4 1
102.727 4 4 1
103.147 1 4 1
103.147 3 4 1
103.566 2 4 1
103.986 4 4 1
104.825 3 4 25.2
105.664 3 4 1
106.503 1 4 1
106.503 4 4 1
106.923 2 4 1
107.343 3 4 1
108.182 1 4 1
108.182 4 4 1
108.601 3 4 1
109.021 2 4 1
109.86 4 4 1
110.699 3 4 1
111.538 2 4 1
112.377 2 4 1
113.217 2 4 1
114.056 3 4 1
114.895 3 4 1
115.315 1 4 1
115.734 2 4 1
115.734 4 4 100.68
116.154 1 4 1
116.573 2 4 1
117.412 3 4 1
118.252 2 4 1
118.671 1 4 1
119.091 1 4 1
119.51 1 4 1
119.93 3 4 1
120.35 3 4 1
120.769 3 4 1
121.608 1 4 100.68
122.447 4 4 100.8
123.287 1 4 1
124.965 1 4 1
125.28 2 4 1
125.804 2 4 1
126.119 2 4 1
126.643 1 4 1
126.958 2 4 1
127.482 3 4 1
127.902 4 4 1
128.322 1 4 1
128.741 3 4 1
129.161 2 4 1
129.58 3 4 1
130 4 4 1
130.839 1 4 1
131.259 2 4 1
131.678 1 4 1
131.678 3 4 1
132.517 4 4 1
132.937 4 4 1
133.357 2 4 1
134.196 1 4 1
134.615 4 4 1
135.035 1 4 1
135.035 3 4 1
135.874 2 4 1
136.294 2 4 1
136.713 4 4 100.68
137.552 3 4 100.8
138.392 4 4 1
138.811 2 4 1
139.231 2 4 1
140.07 3 4 1
140.489 1 4 1
140.909 2 4 1
141.329 3 4 1
141.748 3 4 1
141.748 4 4 1
142.168 4 4 1
142.587 2 4 1
143.427 1 4 1
144.266 2 4 1
144.685 2 4 1
145.105 3 4 1
145.105 4 4 1
145.944 2 4 1
146.783 1 4 1
147.203 3 4 1
147.622 2 4 1
148.042 4 4 1
148.462 1 4 1
148.462 2 4 1
150.14 4 4 1
150.979 3 4 1
151.818 4 4 100.68
152.657 1 4 75.6
153.496 2 4 201.48
155.175 3 4 201.36
156.853 4 4 1
158.531 3 4 1
159.371 1 4 1
160.21 4 4 1
161.049 3 4 1
161.888 2 4 1
163.357 3 4 1
163.986 4 4 1
165.245 3 4 1
166.713 4 4 226.56
168.601 2 4 100.8
170.28 3 4 1
171.119 1 4 1
171.958 4 4 71.28
172.797 2 4 100.68
173.636 1 4 1
174.895 2 4 1
175.315 1 4 100.68
176.154 4 4 50.28
176.573 3 4 50.4
176.993 1 4 1
177.413 2 4 1
177.832 3 4 1
178.671 4 4 1
179.511 3 4 1
180.35 1 4 1
182.028 3 4 176.28
185.385 3 4 1
187.063 3 4 1
188.741 2 4 1
190.42 2 4 1
191.259 4 4 1
192.098 1 4 1
193.776 2 4 1
195.455 1 4 1
197.133 3 4 1
197.972 2 4 100.68
198.811 4 4 1
200.49 2 4 1
201.329 3 4 1
202.168 3 4 1
203.846 4 4 201.48
205.525 2 4 1
207.203 3 4 1
208.881 1 4 201.48
210.56 3 4 41.88
210.979 3 4 125.88
212.448 2 4 1
212.657 2 4 1
213.077 3 4 1
213.392 1 4 1
213.916 2 4 1
214.231 3 4 1
214.755 1 4 1
215.175 4 4 1
215.595 1 4 1
216.014 2 4 1
216.434 2 4 1
216.853 4 4 1
217.273 3 4 1
218.112 2 4 1
218.532 2 4 1
218.951 2 4 1
218.951 3 4 1
219.371 4 4 1
219.79 2 4 1
220.21 4 4 1
220.63 2 4 1
221.469 2 4 1
221.888 3 4 1
222.308 1 4 1
222.308 3 4 1
223.147 3 4 1
223.986 2 4 100.68
225.664 3 4 1
225.664 4 4 1
226.084 1 4 1
226.504 2 4 1
226.923 3 4 1
227.343 2 4 1
227.762 3 4 1
228.182 2 4 1
228.602 2 4 1
229.021 2 4 1
229.441 4 4 1
229.86 2 4 1
230.28 3 4 1
230.699 1 4 1
231.539 4 4 1
232.378 1 4 1
232.378 2 4 1
233.217 1 4 1
233.637 3 4 1
234.056 3 4 1
234.476 2 4 1
234.895 3 4 1
235.315 3 4 1
235.734 2 4 1
235.734 4 4 1
236.574 2 4 1
236.993 3 4 1
237.413 1 4 50.28
237.413 4 4 1
237.832 2 4 50.4
238.252 3 4 100.68
238.672 2 4 1
239.091 4 4 162.12
240.769 1 4 176.28
242.238 3 4 201.36
243.916 1 4 1
243.916 4 4 780.48
