0.295 1 4 1
0.914 2 4 1
1.223 3 4 1
2.151 4 4 1
3.078 2 4 1
3.388 1 4 1
4.006 1 4 1
4.934 3 4 1
5.398 2 4 1
5.862 3 4 1
6.789 2 4 1
7.717 4 4 1
8.645 1 4 1
10.5 4 4 1
11.428 1 4 1
12.356 2 4 1
13.226 4 4 1
14.211 2 4 1
15.139 4 4 1
16.067 3 4 1
16.995 4 4 1
17.922 2 4 1
18.85 3 4 1
19.468 1 4 1
19.778 3 4 1
20.705 4 4 1
21.633 2 4 1
22.561 1 4 1
23.179 3 4 1
25.344 2 4 1
25.963 4 4 1
26.272 1 4 1
28.127 2 4 1
29.055 4 4 1
29.983 2 4 1
31.838 1 4 1
32.457 2 4 1
33.694 1 4 1
37.096 2 4 1
37.405 4 4 1
38.023 3 4 1
38.951 3 4 1
39.26 1 4 1
40.188 2 4 1
40.807 4 4 1
41.116 2 4 1
41.734 4 4 1
42.043 3 4 1
42.817 3 4 1
43.59 1 4 1
43.899 2 4 1
44.517 3 4 1
44.827 2 4 1
45.445 4 4 1
45.754 2 4 1
46.373 3 4 1
46.682 2 4 1
47.301 4 4 1
47.61 2 4 1
48.228 3 4 1
48.538 1 4 1
49.465 1 4 1
50.084 4 4 1
50.393 2 4 1
51.012 1 4 1
51.321 3 4 1
51.939 4 4 1
52.249 3 4 1
55.032 2 4 1
55.341 2 4 1
55.65 3 4 1
55.96 2 4 1
56.887 1 4 1
57.815 2 4 1
58.434 2 4 1
58.743 3 4 1
59.671 4 4 1
60.289 1 4 1
60.908 3 4 1
61.526 2 4 1
62.145 4 4 1
62.454 3 4 1
63.382 2 4 1
64 4 4 1
65.855 3 4 1
67.092 2 4 1
68.639 1 4 1
69.566 1 4 1
70.494 2 4 1
70.803 3 4 1
71.422 2 4 1
71.731 3 4 1
72.35 2 4 1
72.659 3 4 1
73.277 2 4 1
73.587 4 4 1
74.205 1 4 1
74.514 2 4 1
75.133 3 4 1
75.442 1 4 1
76.37 4 4 1
76.988 3 4 1
77.298 3 4 1
78.225 3 4 1
79.153 2 4 1
81.936 3 4 1
82.555 4 4 1
82.864 2 4 1
83.792 4 4 1
84.41 1 4 1
84.72 3 4 1
85.647 2 4 1
86.266 3 4 1
86.575 3 4 1
87.503 3 4 1
88.43 1 4 1
89.049 3 4 1
89.358 3 4 1
89.977 4 4 1
90.286 3 4 1
90.904 2 4 1
91.214 3 4 1
92.141 3 4 1
93.069 3 4 1
93.997 3 4 1
94.615 3 4 1
94.925 3 4 1
95.852 1 4 1
96.78 2 4 1
97.399 2 4 1
97.708 4 4 1
98.326 2 4 1
98.636 3 4 1
99.563 2 4 1
100.491 2 4 1
101.11 2 4 1
101.419 4 4 1
102.037 2 4 1
102.347 4 4 1
103.274 2 4 1
103.893 3 4 1
104.202 4 4 1
105.13 1 4 1
106.058 2 4 1
106.985 3 4 1
107.913 2 4 1
108.841 2 4 1
109.768 2 4 1
110.696 3 4 1
111.315 3 4 1
111.624 4 4 222.6
114.716 4 4 1
115.335 3 4 1
118.118 3 4 1
118.427 2 4 1
118.737 1 4 1
119.046 3 4 1
119.974 4 4 1
121.52 2 4 1
121.829 3 4 1
122.448 2 4 1
123.375 1 4 1
123.685 2 4 1
124.303 2 4 1
124.612 3 4 1
125.54 1 4 1
126.468 3 4 1
127.396 4 4 1
128.014 3 4 1
128.323 4 4 1
128.942 3 4 1
129.251 2 4 1
130.179 3 4 1
131.107 2 4 1
131.725 4 4 1
132.034 2 4 1
132.653 1 4 1
132.962 3 4 1
133.89 3 4 1
134.817 4 4 1
135.745 3 4 1
136.364 2 4 1
136.673 4 4 1
137.291 1 4 1
137.601 1 4 1
140.384 1 4 1
141.312 2 4 1
143.167 4 4 1
143.786 4 4 1
145.023 1 4 1
145.641 3 4 1
146.878 3 4 1
147.497 1 4 1
147.806 3 4 1
148.424 2 4 1
148.734 3 4 1
149.661 1 4 1
150.28 2 4 1
150.589 3 4 1
151.517 1 4 1
152.135 3 4 1
152.445 1 4 1
153.372 1 4 1
155.228 1 4 1
156.155 4 4 1
157.083 2 4 1
159.866 4 4 1
160.794 1 4 1
161.722 4 4 1
162.65 3 4 1
163.577 2 4 1
164.505 1 4 1
165.433 2 4 1
166.979 4 4 1
167.288 1 4 1
169.144 4 4 1
170.072 1 4 1
171.927 2 4 1
172.546 2 4 1
173.473 3 4 1
174.401 4 4 1
174.71 3 4 1
175.638 1 4 1
176.257 3 4 1
176.566 4 4 1
177.184 2 4 1
177.494 1 4 1
178.112 3 4 1
178.421 2 4 1
179.04 2 4 1
179.349 2 4 1
179.967 3 4 1
180.277 3 4 1
180.895 2 4 1
181.204 3 4 1
181.823 4 4 1
182.132 3 4 1
182.751 2 4 1
183.06 2 4 1
183.678 4 4 1
183.988 1 4 1
184.915 4 4 1
185.534 3 4 1
185.843 2 4 1
186.152 3 4 1
186.462 3 4 1
186.771 2 4 1
187.699 1 4 1
188.626 3 4 1
189.554 4 4 1
194.193 1 4 1
195.121 4 4 1
195.43 3 4 1
195.739 2 4 1
196.048 1 4 1
196.976 1 4 1
197.904 1 4 1
198.832 2 4 1
199.759 3 4 1
200.687 2 4 1
201.615 4 4 1
202.233 2 4 1
203.47 2 4 1
204.089 4 4 1
204.398 2 4 1
205.326 1 4 1
206.253 2 4 1
207.181 1 4 1
208.109 3 4 1
209.037 3 4 1
209.655 2 4 1
210.274 1 4 1
210.583 3 4 1
210.892 3 4 1
211.82 4 4 1
212.748 1 4 1
213.675 3 4 1
214.603 1 4 1
215.531 2 4 1
216.459 2 4 1
218.314 2 4 1
219.242 3 4 1
220.17 1 4 1
221.097 2 4 1
222.025 1 4 1
222.953 2 4 1
223.88 2 4 1
224.808 2 4 1
225.427 4 4 1
225.736 2 4 1
226.354 3 4 1
226.664 2 4 1
227.282 3 4 1
227.591 4 4 1
228.519 3 4 1
229.447 2 4 1
230.375 3 4 1
231.302 2 4 1
232.23 2 4 1
233.003 4 4 1
233.158 1 4 1
234.086 2 4 1
235.013 3 4 1
235.941 2 4 1
236.869 3 4 1
239.961 1 4 1
240.271 3 4 1
240.58 4 4 1
241.508 3 4 333.96
244.291 4 4 111.36
245.219 3 4 148.32
248.929 1 4 525.72
