8.547 3 4 1
9.229 2 4 1
9.667 1 4 1
10.02 2 4 1
10.885 3 4 1
11.534 3 4 1
11.924 4 4 1
12.273 3 4 1
12.784 2 4 1
13.977 2 4 1
14.403 3 4 1
15.061 3 4 1
15.341 4 4 1
15.706 3 4 1
16.12 3 4 1
16.57 2 4 1
17.045 1 4 1
17.459 2 4 1
18.53 3 4 1
18.969 1 4 1
19.943 3 4 1
20.344 4 4 1
20.673 3 4 1
21.793 1 4 1
21.793 2 4 1
22.195 3 4 1
22.597 2 4 1
23.011 1 4 1
23.425 3 4 1
23.838 3 4 1
24.252 2 4 1
24.666 3 4 1
25.068 1 4 1
25.482 4 4 1
25.884 2 4 1
26.298 1 4 1
26.712 4 4 1
27.118 4 4 1
27.515 2 4 1
27.929 1 4 1
28.351 2 4 1
28.757 3 4 1
29.171 3 4 1
29.585 2 4 1
29.987 2 4 1
30.802 3 4 1
31.208 4 4 1
31.63 1 4 1
32.044 3 4 1
32.247 3 4 1
32.442 2 4 1
32.848 4 4 1
33.262 2 4 1
33.676 1 4 1
34.09 4 4 49.56
34.503 2 4 35.16
34.909 2 4 1
35.307 1 4 1
35.307 3 4 1
35.526 2 4 1
35.721 4 4 1
36.143 3 4 48.72
36.549 1 4 1
36.744 2 4 1
36.963 4 4 1
37.158 1 4 1
37.365 2 4 97.8
38.18 3 4 1
38.375 2 4 1
38.594 4 4 1
38.789 3 4 1
39 2 4 46.8
39.39 4 4 50.64
39.812 2 4 50.64
40.234 1 4 1
40.429 2 4 1
40.64 3 4 49.56
41.053 2 4 1
41.26 3 4 1
41.467 1 4 46.8
41.857 3 4 46.8
42.247 2 4 46.68
42.636 3 4 46.8
43.026 1 4 1
43.415 2 4 1
43.61 4 4 1
43.805 3 4 1
44.195 2 4 1
44.389 1 4 1
44.584 3 4 23.4
45.169 3 4 1
45.363 1 4 93.6
46.143 4 4 1
46.337 2 4 1
46.532 4 4 1
46.727 2 4 1
46.922 1 4 46.68
47.311 3 4 46.8
47.701 4 4 1
47.701 2 4 1
48.09 3 4 1
48.48 2 4 1
48.87 3 4 1
49.259 4 4 1
49.454 3 4 1
49.649 2 4 1
49.844 3 4 1
50.038 1 4 1
50.428 1 4 1
50.818 3 4 1
51.207 2 4 1
51.597 4 4 1
51.986 4 4 1
52.376 1 4 1
52.766 4 4 1
52.96 3 4 1
53.155 3 4 1
53.545 1 4 1
53.934 3 4 1
54.324 2 4 1
54.713 4 4 1
55.103 3 4 1
55.493 1 4 1
55.882 2 4 1
56.077 1 4 1
56.272 3 4 1
56.661 1 4 1
57.051 4 4 1
57.441 4 4 1
57.83 3 4 1
58.22 2 4 1
58.609 1 4 1
58.999 3 4 1
59.194 2 4 1
59.389 4 4 46.68
59.778 3 4 1
60.168 1 4 1
60.557 3 4 1
60.947 1 4 1
61.337 1 4 1
61.726 4 4 1
62.116 2 4 1
62.31 4 4 1
62.505 1 4 1
62.895 2 4 1
63.09 3 4 1
63.284 4 4 1
63.674 1 4 1
64.064 3 4 1
64.453 4 4 1
64.843 3 4 1
65.232 1 4 1
65.622 4 4 1
66.012 3 4 1
66.401 1 4 1
66.791 4 4 1
67.18 1 4 1
67.57 4 4 1
67.96 2 4 1
68.349 4 4 1
68.544 2 4 1
68.739 3 4 1
69.128 1 4 1
69.323 3 4 1
69.518 2 4 1
69.908 3 4 46.68
70.297 2 4 46.8
70.687 1 4 46.68
71.076 4 4 1
71.271 3 4 1
71.466 2 4 1
71.661 3 4 1
71.855 3 4 1
72.245 3 4 1
72.635 1 4 1
72.635 4 4 1
73.024 2 4 1
73.219 3 4 1
73.414 1 4 1
73.803 3 4 1
74.193 2 4 1
74.388 3 4 1
74.583 4 4 1
74.972 2 4 1
75.362 1 4 1
75.557 1 4 1
75.751 3 4 1
76.141 4 4 1
76.531 2 4 1
76.725 2 4 1
76.92 4 4 1
77.31 3 4 23.4
77.699 4 4 23.4
77.894 3 4 23.4
78.089 1 4 46.68
78.478 3 4 23.4
78.673 2 4 1
78.868 4 4 1
79.258 3 4 1
79.452 2 4 1
79.647 1 4 1
79.842 2 4 1
80.037 2 4 1
80.426 3 4 1
80.816 4 4 1
81.011 3 4 1
81.206 2 4 1
81.595 1 4 1
81.985 1 4 1
82.18 2 4 1
82.374 2 4 1
82.764 4 4 1
82.959 3 4 1
83.154 2 4 1
83.543 4 4 1
83.835 3 4 1
84.128 2 4 1
84.322 3 4 1
84.322 4 4 1
85.102 1 4 1
85.102 4 4 1
85.491 1 4 1
85.881 3 4 1
86.075 2 4 1
86.27 1 4 1
86.465 3 4 1
86.66 4 4 1
87.049 1 4 1
87.634 2 4 1
87.829 4 4 1
88.218 4 4 1
88.608 2 4 1
89.192 3 4 1
89.387 1 4 1
89.777 4 4 1
90.166 4 4 1
90.751 2 4 1
90.945 3 4 1
90.945 4 4 1
91.335 1 4 1
92.309 1 4 1
92.504 4 4 1
92.699 1 4 1
92.893 2 4 1
93.283 4 4 1
93.867 3 4 1
94.062 2 4 1
94.257 4 4 1
94.452 3 4 1
94.841 1 4 1
94.841 4 4 1
95.036 3 4 1
95.426 2 4 1
95.62 1 4 1
95.62 4 4 1
95.815 3 4 1
96.01 2 4 1
96.4 1 4 1
96.4 4 4 1
96.594 2 4 1
96.789 3 4 1
96.984 1 4 1
97.179 2 4 1
97.179 3 4 1
97.568 1 4 1
97.568 3 4 93.6
98.348 2 4 132.36
99.127 4 4 1
99.906 4 4 93.48
100.685 2 4 1
101.27 2 4 1
101.464 1 4 46.8
101.854 4 4 1
102.049 2 4 1
102.243 2 4 46.8
102.633 3 4 1
102.828 4 4 1
103.023 1 4 46.68
103.412 4 4 1
103.802 2 4 93.48
104.581 3 4 93.48
105.36 4 4 46.8
105.75 3 4 46.68
106.139 2 4 46.8
106.529 4 4 1
107.178 3 4 1
107.479 3 4 1
107.698 2 4 93.48
108.477 1 4 70.08
108.672 4 4 1
108.867 2 4 1
109.061 3 4 1
109.256 1 4 46.8
109.646 3 4 1
109.84 2 4 1
110.035 4 4 1
110.035 1 4 1
110.425 3 4 1
110.62 2 4 1
110.814 2 4 46.8
111.204 3 4 1
111.399 4 4 1
111.594 1 4 1
111.983 2 4 1
112.178 1 4 1
112.373 3 4 1
112.762 1 4 1
113.152 4 4 1
113.542 2 4 1
113.736 1 4 1
113.931 4 4 1
114.321 2 4 1
114.71 4 4 1
115.1 1 4 1
115.49 2 4 1
115.879 2 4 1
116.269 3 4 1
116.658 4 4 1
117.048 1 4 1
117.437 2 4 1
117.827 2 4 1
118.217 4 4 1
118.411 3 4 1
118.606 1 4 1
118.996 2 4 1
119.191 3 4 1
119.385 4 4 1
119.775 4 4 1
120.165 2 4 1
120.554 3 4 46.8
120.944 2 4 1
121.333 1 4 1
121.528 3 4 1
121.723 4 4 46.8
122.113 1 4 1
122.502 3 4 1
122.892 4 4 1
123.281 1 4 1
123.671 4 4 1
124.061 1 4 1
124.45 3 4 1
124.645 4 4 1
124.84 2 4 1
125.229 3 4 1
125.424 2 4 1
125.619 2 4 1
126.008 4 4 1
126.398 3 4 1
126.788 1 4 1
127.177 3 4 1
127.567 1 4 1
127.956 4 4 1
128.346 3 4 1
128.736 1 4 1
129.125 4 4 1
129.515 2 4 1
129.904 4 4 1
130.294 1 4 1
130.684 3 4 1
130.878 4 4 1
131.073 1 4 1
131.463 3 4 1
131.852 3 4 1
132.242 3 4 1
132.632 2 4 46.68
133.021 4 4 46.8
133.411 1 4 1
133.605 3 4 1
133.8 4 4 1
133.995 2 4 1
134.19 3 4 1
134.579 2 4 1
134.969 1 4 1
134.969 4 4 1
135.359 2 4 1
135.553 2 4 1
135.748 4 4 1
135.943 2 4 1
136.138 3 4 1
136.527 2 4 1
136.917 4 4 1
137.112 3 4 1
137.307 2 4 1
137.696 4 4 1
138.086 1 4 1
138.281 2 4 1
138.475 2 4 1
138.865 3 4 1
139.06 4 4 1
139.255 2 4 1
139.644 4 4 1
139.839 1 4 23.4
140.034 2 4 23.4
140.229 1 4 23.28
140.423 4 4 23.4
140.813 1 4 1
141.202 3 4 1
141.592 2 4 1
141.787 3 4 1
141.982 1 4 1
142.371 1 4 1
142.761 2 4 1
143.15 4 4 1
143.54 2 4 1
143.93 4 4 1
144.319 3 4 1
144.514 2 4 1
144.709 1 4 1
145.098 1 4 1
145.293 2 4 1
145.488 3 4 1
145.878 4 4 1
146.17 3 4 1
146.462 2 4 1
146.657 1 4 46.68
147.424 1 4 1
147.424 4 4 1
147.826 1 4 1
148.215 3 4 1
148.398 2 4 1
148.593 4 4 1
148.982 2 4 1
149.372 4 4 1
149.956 2 4 1
150.151 3 4 1
150.54 1 4 1
150.93 3 4 1
151.514 2 4 1
151.709 4 4 1
152.099 1 4 1
152.488 2 4 1
152.866 3 4 1
153.061 4 4 1
153.255 1 4 1
153.645 4 4 1
154.814 1 4 1
155.009 3 4 1
155.203 4 4 1
155.593 1 4 1
156.177 3 4 1
156.372 1 4 1
156.567 3 4 1
157.151 1 4 1
157.151 4 4 1
157.736 3 4 1
157.931 1 4 1
157.931 4 4 1
158.125 3 4 1
158.32 2 4 1
158.71 1 4 1
158.71 4 4 1
158.905 2 4 1
159.099 3 4 1
159.294 2 4 1
159.489 1 4 1
159.489 4 4 1
159.878 3 4 93.6
160.658 2 4 186.96
160.658 4 4 1
161.437 4 4 1
162.216 1 4 93.48
163.385 2 4 1
163.58 4 4 1
163.774 2 4 46.8
164.164 3 4 1
164.359 2 4 1
164.554 1 4 46.68
164.943 2 4 1
165.138 3 4 1
165.333 4 4 46.68
165.722 3 4 17.52
166.112 2 4 93.48
166.891 3 4 93.48
167.67 4 4 46.8
168.06 3 4 23.4
168.255 2 4 23.28
168.449 1 4 35.16
169.229 3 4 1
169.862 2 4 1
169.947 3 4 100.8
170.787 4 4 140.28
170.982 2 4 1
171.177 1 4 1
171.371 2 4 1
171.566 1 4 1
171.956 2 4 1
172.151 3 4 1
172.345 1 4 1
172.345 4 4 1
172.735 2 4 1
172.93 3 4 70.08
173.514 2 4 1
173.709 1 4 1
173.904 4 4 1
174.099 3 4 1
174.293 1 4 1
174.488 2 4 1
174.683 3 4 1
175.072 1 4 1
175.462 4 4 1
175.852 2 4 1
176.241 1 4 1
176.631 3 4 1
176.826 2 4 1
177.02 4 4 1
177.41 3 4 1
177.8 2 4 1
178.189 3 4 1
178.579 1 4 1
178.968 4 4 1
179.358 4 4 1
179.748 3 4 1
180.137 3 4 1
180.527 4 4 1
180.722 2 4 1
180.916 1 4 1
181.306 2 4 1
181.501 3 4 1
181.696 4 4 1
182.085 4 4 1
182.475 3 4 1
182.864 2 4 1
183.254 4 4 1
183.643 1 4 1
183.838 3 4 1
184.033 1 4 46.8
184.423 3 4 1
184.812 2 4 1
185.202 1 4 1
185.591 4 4 1
185.981 1 4 1
186.371 2 4 1
186.76 4 4 1
186.955 3 4 1
187.15 1 4 1
187.539 2 4 1
187.734 3 4 1
187.929 4 4 1
188.319 2 4 1
188.708 4 4 1
189.098 4 4 1
189.487 2 4 1
189.877 1 4 1
190.267 4 4 1
190.656 2 4 1
191.046 4 4 1
191.435 2 4 1
191.825 4 4 1
192.214 1 4 1
192.604 3 4 1
192.994 2 4 1
193.188 3 4 1
193.383 4 4 1
193.773 1 4 1
193.968 3 4 1
194.162 2 4 1
194.552 3 4 1
194.942 2 4 46.68
195.331 4 4 46.8
195.721 1 4 1
195.916 2 4 1
196.11 4 4 1
196.305 2 4 1
196.5 3 4 1
196.89 2 4 1
197.279 1 4 1
197.279 4 4 1
197.669 1 4 1
197.864 2 4 1
198.058 3 4 1
198.448 2 4 1
198.837 3 4 1
199.032 2 4 1
199.227 1 4 1
199.617 2 4 1
200.006 3 4 1
200.201 4 4 1
200.396 3 4 1
200.785 2 4 1
201.175 1 4 1
201.565 2 4 1
201.954 4 4 23.4
202.149 3 4 23.4
202.344 1 4 23.4
202.539 2 4 23.28
202.733 4 4 23.4
203.123 2 4 23.4
203.513 4 4 1
203.902 3 4 1
204.292 1 4 1
204.487 2 4 1
204.681 1 4 1
205.071 2 4 1
205.266 3 4 1
205.461 4 4 1
205.655 2 4 1
205.85 3 4 1
206.24 4 4 1
206.629 2 4 1
206.824 2 4 1
207.019 4 4 1
207.408 4 4 1
207.603 3 4 1
207.798 2 4 1
208.188 2 4 1
208.472 3 4 1
208.772 4 4 1
208.967 1 4 1
209.746 1 4 1
209.746 4 4 1
209.941 2 4 1
210.136 2 4 1
210.525 2 4 1
210.72 1 4 1
210.915 3 4 1
211.11 2 4 1
211.304 4 4 1
211.694 3 4 1
212.084 3 4 1
212.278 1 4 1
212.473 3 4 1
212.668 2 4 1
212.863 4 4 1
213.252 2 4 1
213.642 4 4 1
213.837 2 4 1
214.032 2 4 1
214.226 3 4 1
214.421 1 4 1
214.421 2 4 1
214.616 4 4 1
214.811 1 4 1
215.2 2 4 1
215.2 3 4 1
215.59 4 4 1
215.979 1 4 1
215.979 2 4 1
216.759 4 4 1
217.148 2 4 1
217.538 2 4 1
217.538 4 4 1
217.927 3 4 1
218.317 1 4 1
218.901 3 4 1
219.096 1 4 1
219.096 4 4 1
219.875 4 4 1
220.265 2 4 1
220.655 4 4 1
221.044 1 4 1
221.434 2 4 1
221.434 4 4 1
221.823 4 4 1
222.018 3 4 1
222.213 2 4 1
222.213 4 4 1
222.602 4 4 1
222.992 3 4 1
223.369 1 4 1
223.576 2 4 1
223.771 4 4 1
224.94 3 4 1
225.123 2 4 1
225.317 1 4 1
226.876 1 4 93.48
227.655 4 4 1
227.85 3 4 1
228.045 2 4 1
228.446 2 4 1
229.019 4 4 1
229.213 3 4 46.8
229.603 2 4 1
229.993 4 4 1
230.394 3 4 1
230.577 2 4 1
230.772 1 4 1
230.772 2 4 46.68
231.356 3 4 1
231.551 4 4 1
231.847 3 4 1
232.135 2 4 1
232.33 1 4 46.8
233.109 4 4 1
233.304 3 4 1
233.499 3 4 1
233.694 2 4 1
233.888 1 4 46.8
234.278 2 4 1
234.473 3 4 1
234.668 2 4 1
235.057 3 4 1
235.447 2 4 1
235.836 4 4 1
236.226 3 4 1
236.421 1 4 1
236.616 2 4 1
236.81 3 4 1
237.005 2 4 1
237.395 4 4 1
237.784 1 4 1
238.174 2 4 1
238.564 1 4 1
238.953 2 4 1
239.343 4 4 1
239.537 3 4 1
239.732 2 4 1
239.927 4 4 1
240.122 1 4 46.68
240.511 4 4 1
240.901 1 4 70.08
240.901 2 4 1
241.291 4 4 1
241.485 3 4 1
241.68 2 4 1
241.875 4 4 1
242.07 3 4 1
242.459 3 4 1
242.654 2 4 23.4
242.849 1 4 1
243.044 3 4 1
243.239 2 4 1
243.433 4 4 1
243.628 3 4 1
243.823 2 4 1
244.018 4 4 93.48
244.407 1 4 1
244.602 2 4 1
244.797 1 4 1
244.992 3 4 1
245.187 2 4 1
245.576 1 4 46.8
245.966 4 4 23.4
246.161 2 4 23.28
246.355 3 4 46.8
246.745 1 4 1
246.94 2 4 1
247.134 4 4 70.2
247.524 2 4 1
247.719 1 4 1
247.914 2 4 1
248.108 3 4 70.2
248.303 1 4 1
248.693 2 4 1
248.888 1 4 1
249.082 4 4 1
249.277 1 4 1
249.472 2 4 46.8
249.862 4 4 1
250.056 3 4 1
250.251 2 4 1
250.446 1 4 1
250.641 4 4 1
251.03 3 4 1
251.225 2 4 1
251.42 1 4 1
251.81 1 4 1
251.81 2 4 1
252.106 4 4 1
252.106 3 4 1
252.394 1 4 1
252.394 2 4 1
252.589 4 4 1
