8.615 4 4 1
10.524 2 4 1
10.797 1 4 1
12.979 3 4 1
13.252 4 4 1
14.615 4 4 1
14.888 3 4 1
15.706 4 4 1
17.342 1 4 1
17.615 2 4 65.4
19.524 2 4 1
19.797 3 4 65.4
21.978 4 4 65.52
22.797 2 4 1
23.069 1 4 1
23.887 3 4 1
24.16 4 4 1
26.342 2 4 1
28.524 4 4 1
30.705 4 4 1
31.251 1 4 1
31.796 4 4 1
32.342 1 4 1
32.614 3 4 1
32.887 2 4 1
33.978 3 4 1
34.523 4 4 1
34.796 3 4 1
35.069 1 4 65.4
36.16 2 4 1
36.705 3 4 130.92
38.341 2 4 1
38.887 3 4 1
39.16 2 4 98.16
40.523 3 4 1
41.069 1 4 1
41.341 2 4 98.16
42.705 3 4 1
43.25 1 4 1
43.523 4 4 98.16
44.887 3 4 1
45.432 2 4 1
45.705 3 4 98.16
47.068 1 4 1
47.614 4 4 1
47.886 3 4 98.28
49.25 3 4 1
49.795 2 4 1
50.068 3 4 98.16
51.432 2 4 1
51.841 3 4 1
52.25 2 4 1
52.523 4 4 65.4
53.613 1 4 130.92
54.704 2 4 65.52
55.795 3 4 130.92
56.886 1 4 1
57.977 1 4 1
59.068 4 4 163.56
61.249 4 4 65.52
62.34 2 4 49.08
63.431 2 4 65.52
65.613 4 4 32.76
67.795 3 4 130.8
68.885 1 4 1
69.704 2 4 1
69.976 4 4 1
71.067 4 4 1
71.613 2 4 1
72.158 2 4 1
72.703 3 4 1
73.249 4 4 1
74.34 3 4 1
74.885 2 4 1
75.431 1 4 1
75.976 2 4 1
76.521 1 4 1
77.067 2 4 1
77.612 3 4 1
78.158 2 4 1
78.703 1 4 1
79.249 4 4 1
79.794 1 4 1
80.339 1 4 1
80.885 3 4 1
81.43 1 4 1
81.976 2 4 1
82.521 4 4 1
82.794 4 4 163.56
84.157 3 4 1
84.703 2 4 1
84.976 3 4 1
85.248 4 4 163.68
88.521 2 4 130.92
89.612 3 4 98.16
90.703 3 4 73.56
91.521 3 4 1
91.793 1 4 1
92.339 2 4 1
92.612 3 4 1
92.884 1 4 65.52
93.43 3 4 1
93.975 3 4 1
94.521 3 4 1
94.793 2 4 1
95.066 3 4 65.52
95.612 4 4 32.64
95.884 1 4 1
96.157 3 4 1
96.702 2 4 1
96.975 1 4 98.16
97.248 2 4 1
98.339 2 4 130.92
99.43 3 4 1
99.975 3 4 1
100.248 2 4 1
100.52 3 4 1
101.066 4 4 1
101.339 1 4 1
101.611 3 4 65.52
102.429 2 4 1
102.702 2 4 130.92
103.793 4 4 1
104.066 4 4 1
104.338 2 4 1
104.611 3 4 1
104.884 1 4 1
105.429 3 4 1
105.702 1 4 1
107.066 3 4 65.4
108.156 3 4 1
108.702 2 4 1
109.247 4 4 1
109.793 3 4 1
110.065 1 4 1
110.338 2 4 65.52
111.429 2 4 65.4
112.52 1 4 65.4
113.065 3 4 1
113.611 4 4 130.92
115.792 4 4 65.52
117.701 4 4 1
117.974 3 4 65.52
119.883 2 4 1
120.156 1 4 65.4
120.701 2 4 1
120.974 3 4 65.4
121.519 4 4 49.2
124.519 2 4 65.52
126.701 4 4 98.16
128.61 1 4 1
128.883 2 4 1
129.428 3 4 1
129.701 4 4 1
130.246 3 4 1
130.519 2 4 1
130.792 1 4 98.16
132.155 3 4 1
132.973 4 4 98.28
134.337 2 4 1
134.882 3 4 1
135.155 4 4 98.16
136.519 3 4 1
137.064 4 4 1
137.337 3 4 98.16
138.7 2 4 1
139.246 3 4 1
139.519 1 4 98.16
140.882 2 4 1
141.155 3 4 1
141.428 3 4 1
141.7 4 4 98.16
143.064 1 4 1
143.337 3 4 1
143.609 2 4 1
143.882 3 4 98.16
145.246 1 4 1
145.791 4 4 1
146.064 3 4 98.16
147.427 4 4 1
147.7 3 4 1
147.973 1 4 1
148.246 3 4 98.16
149.064 1 4 1
149.609 2 4 1
150.155 3 4 1
150.427 2 4 1
150.7 1 4 65.4
151.791 1 4 130.92
153.973 1 4 1
155.063 2 4 65.52
156.154 4 4 1
156.972 3 4 245.52
159.427 3 4 65.4
160.518 1 4 130.92
161.609 2 4 65.4
162.699 4 4 1
163.79 4 4 65.52
164.881 2 4 32.76
165.699 3 4 1
165.972 2 4 225
167.063 3 4 1
168.154 4 4 130.92
169.245 2 4 1
170.063 3 4 1
170.335 1 4 65.52
170.881 4 4 1
171.154 2 4 1
171.426 3 4 65.52
172.244 2 4 1
172.517 2 4 98.16
173.335 1 4 1
173.608 2 4 32.76
174.153 3 4 1
174.426 4 4 1
174.699 1 4 1
175.244 3 4 1
175.517 2 4 1
175.79 1 4 65.4
176.608 2 4 1
176.881 2 4 130.8
177.971 3 4 1
178.244 1 4 1
178.517 3 4 1
178.79 1 4 1
179.062 2 4 1
179.608 4 4 1
179.88 2 4 1
180.153 3 4 65.52
180.699 4 4 1
181.244 2 4 98.16
182.062 3 4 1
182.335 4 4 32.76
182.88 4 4 1
183.153 3 4 1
183.426 2 4 1
183.971 2 4 1
184.517 1 4 32.64
185.607 2 4 65.52
186.698 3 4 32.76
187.244 4 4 1
187.789 2 4 1
188.335 3 4 1
188.607 2 4 1
188.88 2 4 65.4
189.971 1 4 65.4
191.062 3 4 65.4
191.607 2 4 1
192.153 1 4 1
