0.259 2 4 1
0.831 3 4 1
1.402 4 4 1
1.974 1 4 1
2.545 3 4 1
3.117 1 4 1
3.688 1 4 1
4.259 3 4 1
4.831 1 4 1
5.402 1 4 1
5.974 1 4 1
6.545 3 4 1
7.117 1 4 45.72
7.688 3 4 34.32
7.974 2 4 34.2
8.259 4 4 1
9.402 2 4 1
10.545 1 4 1
11.688 3 4 1
12.259 3 4 1
12.545 2 4 1
12.831 2 4 1
13.402 1 4 1
13.974 3 4 1
15.117 3 4 1
16.259 3 4 1
16.831 4 4 1
17.402 3 4 1
17.974 4 4 1
18.259 2 4 1
18.545 3 4 1
19.688 2 4 1
20.831 4 4 1
21.974 2 4 1
22.545 4 4 1
22.831 2 4 1
23.117 2 4 1
24.26 2 4 1
25.117 2 4 1
25.402 2 4 1
26.26 3 4 1
26.545 2 4 1
27.117 4 4 1
27.402 2 4 1
27.688 4 4 1
27.974 3 4 1
28.26 2 4 1
28.545 1 4 1
28.831 3 4 1
29.117 1 4 1
29.402 3 4 1
29.688 2 4 1
29.974 4 4 1
30.26 2 4 1
30.545 2 4 1
30.831 4 4 1
31.117 1 4 1
31.402 2 4 1
31.688 4 4 1
31.974 3 4 1
32.26 4 4 1
32.545 2 4 1
32.831 1 4 1
33.117 2 4 1
33.402 1 4 1
33.688 4 4 1
33.974 2 4 1
34.26 3 4 1
34.545 1 4 1
34.831 2 4 1
35.117 2 4 1
35.402 3 4 1
35.688 2 4 1
35.974 1 4 1
36.26 2 4 1
36.545 3 4 1
36.831 4 4 1
37.117 2 4 1
37.402 4 4 1
37.688 2 4 1
37.974 2 4 1
38.26 4 4 1
38.545 2 4 1
38.831 3 4 1
39.117 1 4 1
39.688 3 4 1
40.26 1 4 1
40.831 3 4 1
41.402 3 4 1
41.974 2 4 1
42.26 2 4 1
42.545 4 4 1
43.117 2 4 1
43.307 2 4 1
43.688 4 4 1
43.974 3 4 1
44.26 4 4 1
44.545 3 4 1
44.831 1 4 1
45.974 4 4 1
46.545 4 4 1
46.831 2 4 1
47.117 4 4 1
47.688 1 4 1
47.974 2 4 1
48.26 3 4 1
48.545 2 4 1
48.831 4 4 1
49.117 2 4 1
49.402 1 4 34.32
49.974 4 4 1
50.26 1 4 1
50.545 3 4 1
51.117 4 4 1
51.402 1 4 1
51.688 2 4 1
52.26 4 4 1
52.545 3 4 1
52.831 3 4 1
53.117 4 4 1
53.402 2 4 1
53.688 2 4 1
53.974 1 4 68.52
54.545 4 4 1
54.831 3 4 1
55.117 2 4 1
55.688 4 4 1
55.974 3 4 1
56.26 1 4 1
56.831 4 4 1
57.117 2 4 1
57.403 3 4 1
57.688 2 4 1
57.974 2 4 1
58.26 3 4 1
58.545 1 4 68.64
59.117 4 4 1
59.403 3 4 1
59.688 2 4 1
60.26 1 4 1
60.545 4 4 1
60.831 1 4 1
61.403 4 4 1
61.688 2 4 1
61.974 3 4 1
62.26 1 4 1
62.545 3 4 1
62.831 1 4 1
63.117 4 4 68.52
63.688 1 4 1
63.974 2 4 1
64.26 4 4 34.2
64.831 4 4 1
65.117 4 4 1
65.403 2 4 1
65.688 1 4 1
65.974 1 4 1
66.26 2 4 1
66.545 3 4 34.32
66.831 2 4 1
67.117 4 4 34.32
67.403 2 4 1
67.688 2 4 1
67.974 3 4 1
68.26 2 4 1
68.545 1 4 1
68.831 2 4 34.32
69.403 2 4 22.8
69.688 2 4 1
69.974 1 4 1
70.26 2 4 1
70.545 3 4 1
70.831 1 4 1
71.117 2 4 34.32
71.688 4 4 1
71.974 3 4 1
72.26 4 4 1
72.545 3 4 1
72.831 1 4 1
73.117 2 4 1
73.403 1 4 34.2
73.974 1 4 34.32
74.26 2 4 1
74.545 1 4 1
74.831 3 4 1
75.117 2 4 1
75.403 2 4 1
75.688 3 4 34.32
75.974 4 4 1
76.26 3 4 1
76.545 4 4 1
76.831 3 4 1
77.117 2 4 1
77.403 3 4 1
77.688 2 4 1
77.974 1 4 34.32
78.545 1 4 34.32
78.831 3 4 1
79.117 1 4 1
79.403 3 4 1
79.688 1 4 1
79.974 2 4 1
80.26 1 4 1
80.545 3 4 1
80.831 4 4 1
81.117 3 4 1
81.403 2 4 1
82.26 3 4 1
82.545 2 4 1
83.117 4 4 1
83.403 1 4 1
83.688 3 4 1
84.26 1 4 1
84.545 2 4 1
84.831 3 4 1
85.117 2 4 1
85.403 4 4 1
85.688 2 4 1
85.974 4 4 39.96
86.545 1 4 1
86.831 2 4 1
87.117 3 4 1
87.688 4 4 1
87.974 2 4 1
88.165 3 4 1
88.26 4 4 1
88.831 1 4 1
89.117 2 4 1
89.403 4 4 1
89.688 2 4 1
89.974 3 4 1
90.26 2 4 1
90.545 1 4 1
91.117 1 4 1
91.403 2 4 1
91.688 4 4 1
92.26 1 4 1
92.546 2 4 1
92.831 4 4 1
93.403 1 4 1
93.688 2 4 1
93.974 4 4 1
94.26 2 4 1
94.546 3 4 1
94.831 3 4 1
95.117 1 4 34.32
95.403 4 4 1
95.688 1 4 1
95.974 3 4 1
96.26 1 4 1
96.831 3 4 1
97.117 1 4 1
97.403 4 4 1
97.974 1 4 1
98.26 3 4 1
98.546 4 4 1
98.831 2 4 1
99.117 4 4 1
99.403 1 4 1
99.688 3 4 34.32
100.26 4 4 1
100.546 2 4 1
100.831 3 4 34.32
101.117 2 4 1
101.403 2 4 34.2
101.403 4 4 1
101.688 3 4 1
101.974 1 4 1
102.26 3 4 1
102.546 1 4 1
102.831 3 4 1
103.117 4 4 34.32
103.688 4 4 34.32
103.974 2 4 1
104.26 2 4 1
104.546 1 4 1
104.831 3 4 1
105.117 2 4 1
105.403 4 4 34.2
105.974 4 4 34.32
106.26 3 4 1
106.546 1 4 1
106.831 3 4 1
107.117 1 4 1
107.403 3 4 1
107.688 1 4 34.32
107.974 2 4 1
108.26 4 4 34.32
108.546 3 4 1
108.831 2 4 1
109.117 3 4 1
109.403 2 4 1
109.688 4 4 1
109.974 2 4 34.32
110.546 2 4 34.2
110.831 4 4 1
111.117 1 4 1
111.403 3 4 1
111.688 2 4 1
111.974 4 4 1
112.26 3 4 34.32
112.831 2 4 1
113.117 3 4 1
113.403 2 4 1
113.688 4 4 1
113.974 2 4 1
114.26 4 4 1
114.546 1 4 34.2
115.117 2 4 1
115.403 2 4 1
115.688 3 4 34.32
115.974 4 4 1
116.26 3 4 1
116.546 2 4 1
116.831 1 4 1
117.117 2 4 1
117.403 1 4 1
117.688 3 4 1
117.974 2 4 1
120.355 3 4 1
122.635 3 4 1
123.778 4 4 272.16
126.046 3 4 274.2
126.617 2 4 1
127.189 2 4 1
127.76 2 4 1
128.331 2 4 1
128.903 2 4 1
129.474 2 4 1
129.76 2 4 1
130.046 1 4 1
130.331 3 4 1
130.617 4 4 1
130.903 2 4 1
131.189 3 4 1
131.474 2 4 1
132.046 1 4 1
132.331 4 4 1
132.617 2 4 1
132.903 3 4 1
133.189 4 4 1
133.474 1 4 1
133.76 3 4 1
134.046 2 4 1
134.331 4 4 1
134.617 1 4 1
134.903 2 4 1
135.189 1 4 1
135.474 3 4 1
135.76 2 4 1
136.046 1 4 1
136.331 1 4 1
136.617 4 4 1
136.903 2 4 1
137.189 1 4 1
137.474 4 4 1
138.617 2 4 1
138.903 1 4 1
139.189 2 4 1
139.474 3 4 1
139.76 4 4 1
140.617 3 4 1
140.903 2 4 1
141.189 3 4 1
141.474 4 4 1
141.76 3 4 1
142.046 2 4 1
142.617 4 4 1
142.796 3 4 1
142.903 2 4 1
143.189 4 4 1
143.474 4 4 1
143.76 4 4 1
144.046 3 4 1
144.331 2 4 1
144.617 3 4 1
144.903 3 4 1
145.189 1 4 1
145.474 2 4 1
146.046 3 4 1
146.331 1 4 1
146.617 4 4 34.32
147.189 1 4 1
147.474 3 4 1
147.76 2 4 1
148.331 4 4 1
148.617 1 4 1
148.903 3 4 1
149.189 3 4 1
149.474 2 4 1
149.76 4 4 1
150.046 4 4 34.2
150.617 1 4 1
150.903 1 4 1
151.189 2 4 1
151.76 4 4 1
152.046 1 4 1
152.331 2 4 1
152.903 4 4 1
153.189 1 4 1
153.474 3 4 1
153.76 2 4 1
154.046 1 4 1
154.331 2 4 1
154.617 1 4 68.64
155.189 4 4 1
155.474 2 4 1
155.76 4 4 1
156.331 1 4 1
156.617 3 4 1
156.903 1 4 1
157.474 4 4 1
157.76 2 4 1
158.046 1 4 1
158.331 3 4 1
158.617 1 4 1
158.903 3 4 1
159.189 2 4 48.48
159.76 4 4 1
160.046 4 4 1
160.332 2 4 1
160.903 1 4 1
161.189 4 4 1
161.474 2 4 1
162.046 1 4 1
162.332 3 4 1
162.617 2 4 1
162.903 3 4 1
163.189 1 4 1
163.474 1 4 1
163.76 3 4 34.32
164.332 2 4 1
164.617 4 4 1
164.903 1 4 34.32
165.189 2 4 1
165.474 1 4 34.32
166.046 4 4 1
166.332 2 4 1
166.617 4 4 1
166.903 2 4 1
167.189 3 4 34.2
167.76 1 4 1
168.046 2 4 1
168.332 3 4 1
168.617 2 4 1
168.903 1 4 1
169.189 3 4 1
169.474 2 4 34.32
170.046 2 4 34.32
170.332 1 4 1
170.617 2 4 1
170.903 4 4 1
171.189 2 4 1
171.474 3 4 1
171.76 4 4 34.32
172.332 2 4 1
172.617 3 4 1
172.903 4 4 1
173.189 3 4 1
173.474 1 4 1
173.76 2 4 1
174.046 1 4 34.32
174.617 1 4 34.32
174.903 3 4 1
175.189 2 4 1
175.474 1 4 1
175.76 3 4 1
176.046 2 4 1
176.332 4 4 34.2
176.903 4 4 34.32
177.189 3 4 1
177.474 4 4 1
177.76 2 4 1
178.046 1 4 1
178.332 2 4 1
178.617 4 4 34.32
179.189 2 4 1
179.474 3 4 1
179.76 4 4 34.32
180.332 2 4 1
180.903 1 4 1
181.189 1 4 1
181.474 1 4 1
181.76 2 4 1
182.046 2 4 1
