4.964 3 4 1
5.792 3 4 1
6.619 1 4 1
7.447 2 4 1
8.274 2 4 1
9.102 4 4 1
9.93 2 4 1
10.757 2 4 1
11.585 4 4 1
12.412 4 4 1
13.24 3 4 1
14.068 3 4 1
14.895 4 4 1
15.723 4 4 1
16.55 2 4 1
17.378 3 4 1
18.206 1 4 1
19.033 1 4 1
19.861 4 4 1
20.688 2 4 1
21.516 3 4 1
22.344 3 4 1
23.171 3 4 1
23.999 4 4 1
24.826 4 4 1
25.654 1 4 1
26.482 3 4 1
27.309 3 4 1
28.137 1 4 1
29.792 3 4 1
30.619 2 4 1
31.447 1 4 1
32.275 4 4 1
33.102 1 4 1
33.93 3 4 1
34.757 3 4 1
34.757 4 4 1
35.585 2 4 1
36.413 1 4 1
37.24 1 4 1
38.068 3 4 1
38.068 4 4 1
38.895 4 4 1
39.723 4 4 1
40.551 1 4 1
41.378 1 4 1
42.206 4 4 1
43.033 4 4 99.36
43.861 1 4 1
44.068 1 4 1
44.689 4 4 1
45.102 2 4 1
45.516 2 4 1
45.93 3 4 1
46.344 3 4 1
47.171 3 4 1
47.999 4 4 1
48.413 2 4 1
48.827 2 4 1
49.654 1 4 1
50.068 3 4 1
50.482 2 4 1
50.689 3 4 1
50.896 4 4 1
51.102 1 4 1
51.309 2 4 1
51.723 2 4 1
52.137 2 4 1
52.551 3 4 1
52.965 4 4 1
53.378 4 4 1
53.792 2 4 1
54.206 2 4 1
54.62 1 4 297.84
55.033 4 4 1
55.447 3 4 1
55.861 3 4 1
56.275 3 4 1
56.689 2 4 1
57.102 2 4 1
57.516 3 4 1
57.93 2 4 1
58.344 4 4 1
58.551 2 4 1
58.758 3 4 1
58.965 1 4 1
59.171 3 4 1
59.378 1 4 1
59.999 3 4 1
60.413 1 4 1
61.24 2 4 1
61.861 2 4 1
62.068 4 4 1
62.275 1 4 1
62.482 1 4 1
62.896 3 4 1
63.723 2 4 1
64.137 4 4 1
64.551 1 4 1
64.965 3 4 1
65.172 2 4 1
65.378 4 4 1
65.585 1 4 1
65.792 3 4 1
66.206 1 4 1
67.034 3 4 1
67.447 2 4 1
67.861 4 4 1
68.275 3 4 1
68.689 2 4 1
69.103 3 4 1
69.516 1 4 1
69.93 2 4 1
70.344 1 4 1
70.758 4 4 1
71.172 1 4 1
71.585 2 4 1
71.792 3 4 1
71.999 4 4 1
72.206 2 4 1
72.413 4 4 1
72.62 2 4 1
73.654 2 4 1
74.482 2 4 1
75.103 1 4 1
75.31 3 4 1
75.516 1 4 1
75.723 4 4 1
76.137 1 4 1
76.965 4 4 1
77.379 2 4 1
77.792 3 4 1
78.206 2 4 1
78.62 3 4 1
78.827 4 4 1
79.034 1 4 1
80.275 4 4 1
81.103 1 4 1
81.93 3 4 1
82.344 4 4 1
82.758 2 4 49.68
83.172 4 4 1
83.585 1 4 1
83.999 4 4 1
84.206 3 4 1
84.413 1 4 1
85.241 1 4 1
86.068 2 4 49.68
86.482 3 4 49.68
86.896 1 4 41.4
87.31 1 4 49.56
87.723 4 4 99.36
88.551 1 4 1
88.965 2 4 1
89.379 2 4 49.56
89.792 3 4 49.68
90.206 1 4 49.68
90.62 4 4 49.68
91.034 1 4 148.92
91.861 3 4 1
92.275 3 4 1
92.689 1 4 49.68
93.103 3 4 49.68
93.517 1 4 49.56
93.93 4 4 49.68
94.344 3 4 1
94.758 1 4 1
95.172 2 4 1
95.586 3 4 1
95.999 3 4 49.68
96.413 1 4 1
96.827 4 4 1
97.241 2 4 1
97.448 3 4 1
97.655 1 4 198.6
97.655 4 4 1
98.068 3 4 1
98.482 4 4 1
98.896 2 4 1
99.31 3 4 49.68
99.724 2 4 49.56
100.137 3 4 49.68
100.551 1 4 49.68
100.965 2 4 49.68
101.379 4 4 49.56
101.792 1 4 1
102.206 1 4 1
102.62 3 4 49.68
103.034 1 4 49.68
103.448 4 4 49.56
103.861 3 4 49.68
104.275 1 4 149.04
105.517 4 4 1
105.93 3 4 49.68
106.344 2 4 49.68
106.758 3 4 49.68
107.172 2 4 49.68
107.586 3 4 49.56
107.999 1 4 1
108.413 4 4 1
108.827 3 4 1
109.241 4 4 99.24
110.068 1 4 1
110.482 3 4 1
110.896 1 4 1
111.31 2 4 1
111.517 3 4 1
111.724 2 4 1
111.931 4 4 1
112.137 3 4 1
112.344 2 4 1
112.551 3 4 1
113.379 3 4 1
114.206 1 4 1
114.62 3 4 1
114.827 2 4 1
115.034 3 4 1
115.241 1 4 1
115.448 3 4 1
116.689 1 4 1
117.103 4 4 1
117.517 2 4 1
117.931 3 4 1
118.344 3 4 1
118.551 2 4 1
118.758 1 4 1
119.586 3 4 1
120 1 4 1
120.413 3 4 1
120.827 1 4 1
121.241 2 4 1
121.655 3 4 1
122.069 4 4 1
122.482 3 4 49.68
122.896 1 4 1
123.31 3 4 1
123.724 1 4 1
124.138 4 4 1
124.758 3 4 1
124.965 2 4 1
125.172 4 4 1
125.379 3 4 1
125.586 2 4 1
126.62 3 4 1
127.448 3 4 1
128.069 3 4 1
128.275 1 4 1
128.482 3 4 1
128.689 1 4 1
128.896 3 4 1
129.931 2 4 1
130.344 4 4 1
130.758 3 4 1
131.172 2 4 1
131.379 3 4 1
131.586 2 4 1
131.793 4 4 1
132 1 4 1
132.207 2 4 1
133.241 1 4 1
134.069 1 4 1
134.896 1 4 1
135.31 3 4 1
135.724 2 4 49.68
136.138 1 4 1
136.551 2 4 1
136.965 3 4 1
137.379 1 4 1
139.034 4 4 1
139.862 3 4 1
140.689 1 4 1
141.517 1 4 1
142.345 2 4 1
143.172 3 4 1
144 4 4 1
144.827 4 4 1
145.655 2 4 1
146.483 1 4 1
146.896 3 4 1
147.31 1 4 1
147.31 2 4 1
148.138 4 4 1
148.552 1 4 1
150.62 1 4 1
151.034 3 4 1
151.448 3 4 1
152.276 3 4 1
152.689 1 4 1
153.103 3 4 1
153.517 3 4 1
153.931 1 4 1
153.931 4 4 1
155.586 1 4 1
156.414 1 4 1
157.241 1 4 1
157.241 4 4 1
158.896 3 4 1
160.138 2 4 1
160.552 4 4 1
160.552 3 4 297.84
163.034 2 4 99.36
163.862 1 4 1
163.862 4 4 1
164.69 1 4 1
165.517 2 4 1
166.345 3 4 1
167.172 3 4 1
168 2 4 1
168.414 4 4 1
168.828 1 4 1
169.655 1 4 1
169.862 1 4 1
170.483 2 4 1
170.897 3 4 1
171.31 2 4 1
171.724 2 4 1
172.138 3 4 1
172.966 3 4 1
173.793 4 4 1
174.621 4 4 1
175.448 1 4 99.36
176.276 4 4 1
176.483 3 4 1
177.103 1 4 1
177.724 1 4 1
178.345 3 4 1
178.759 2 4 1
180.414 3 4 1
181.241 3 4 1
182.069 1 4 1
182.897 1 4 1
183.724 1 4 1
184.138 3 4 1
184.552 2 4 1
184.966 1 4 1
185.379 3 4 1
185.793 4 4 1
186.207 4 4 1
186.621 1 4 1
187.035 4 4 297.84
187.448 2 4 1
187.862 2 4 1
188.276 1 4 1
188.69 2 4 1
189.517 3 4 1
189.931 2 4 1
190.345 3 4 1
190.759 2 4 1
190.966 2 4 1
191.173 4 4 1
191.379 1 4 1
191.586 4 4 1
191.793 2 4 1
192.414 3 4 1
192.828 1 4 1
193.655 4 4 1
194.276 4 4 1
194.483 2 4 1
194.69 4 4 1
194.897 1 4 1
196.138 1 4 1
196.552 2 4 1
196.966 3 4 1
197.38 2 4 1
197.586 2 4 1
197.793 1 4 1
198 4 4 1
198.207 3 4 1
199.448 3 4 1
200.276 1 4 1
200.69 1 4 1
201.104 3 4 1
201.517 2 4 1
201.931 1 4 49.68
202.345 2 4 1
202.759 4 4 1
203.173 1 4 1
203.586 1 4 1
204 3 4 1
204.207 2 4 1
204.414 2 4 1
204.621 4 4 1
204.828 3 4 1
205.035 1 4 1
206.069 3 4 1
206.897 2 4 1
207.518 3 4 1
207.724 2 4 1
207.931 4 4 1
208.138 2 4 1
208.345 1 4 1
209.38 4 4 1
210.207 1 4 1
210.621 2 4 1
210.828 3 4 1
211.035 1 4 1
211.242 4 4 1
211.449 2 4 1
211.655 3 4 1
212.69 1 4 1
213.518 4 4 1
213.931 4 4 1
214.345 2 4 1
214.759 1 4 1
215.173 3 4 49.68
215.587 1 4 1
216 4 4 1
216.414 1 4 1
216.621 2 4 1
216.828 4 4 1
217.656 1 4 1
218.897 1 4 1
219.311 1 4 1
220.138 3 4 1
220.759 2 4 1
220.966 3 4 1
222.207 3 4 1
222.621 4 4 1
223.449 1 4 1
224.276 4 4 1
225.518 1 4 1
225.931 2 4 1
226.759 3 4 1
227.38 3 4 1
228.828 1 4 1
228.828 4 4 1
