1.366 2 6 1
1.8 2 6 1
2.235 2 6 1
2.67 3 6 1
2.779 2 6 1
2.887 3 6 1
2.996 3 6 1
3.105 1 6 1
3.54 2 6 1
3.975 4 6 1
4.409 4 6 1
4.627 1 6 1
4.627 2 6 1
4.844 4 6 1
5.279 3 6 1
5.714 4 6 1
6.149 4 6 1
6.257 2 6 1
6.366 2 6 1
6.475 2 6 1
6.583 4 6 1
7.018 3 6 1
7.453 4 6 1
7.888 2 6 1
8.105 1 6 1
8.323 4 6 1
8.757 3 6 1
9.192 3 6 1
9.627 3 6 1
9.736 2 6 1
9.845 4 6 1
9.953 2 6 1
10.062 3 6 1
10.497 3 6 1
10.932 1 6 1
11.366 3 6 1
11.584 1 6 1
11.801 1 6 1
12.236 3 6 1
12.671 3 6 1
13.106 2 6 1
13.214 3 6 1
13.323 2 6 1
13.432 1 6 1
13.432 2 6 1
13.54 4 6 1
13.54 3 6 1
13.975 4 6 1
14.845 4 6 1
14.845 1 6 1
15.28 2 6 1
15.28 1 6 1
15.497 3 6 1
15.823 3 6 1
16.041 4 6 1
16.095 3 6 1
16.149 2 6 1
16.367 2 6 1
16.584 1 6 1
16.802 4 6 1
17.019 3 6 1
17.236 3 6 1
17.454 1 6 1
17.671 1 6 1
17.889 2 6 1
18.106 3 6 1
18.323 4 6 1
18.541 4 6 1
18.758 3 6 1
18.976 2 6 1
19.193 2 6 1
19.411 4 6 1
19.519 2 6 1
19.628 3 6 1
19.845 4 6 1
20.063 2 6 1
20.28 4 6 1
20.389 1 6 1
20.498 2 6 1
20.715 2 6 1
21.041 2 6 1
21.15 3 6 1
21.367 4 6 1
21.585 4 6 1
21.802 2 6 1
22.019 2 6 1
22.128 1 6 1
22.237 3 6 1
22.454 3 6 1
22.672 3 6 1
22.889 4 6 1
22.998 2 6 1
23.106 1 6 1
23.324 1 6 1
23.759 3 6 1
23.867 2 6 1
23.976 4 6 1
24.194 2 6 1
24.411 2 6 1
24.628 1 6 1
24.846 4 6 1
25.063 4 6 1
25.281 3 6 1
25.498 1 6 1
25.715 1 6 1
25.715 2 6 1
25.933 2 6 1
26.15 3 6 1
26.368 4 6 1
26.585 3 6 1
26.802 3 6 1
27.02 1 6 1
27.129 2 6 1
27.237 4 6 1
27.346 2 6 1
27.455 4 6 1
27.672 2 6 1
27.889 3 6 1
28.107 4 6 1
28.324 1 6 1
28.324 2 6 1
28.487 1 6 1
28.614 1 6 1
28.759 1 6 1
28.759 2 6 1
28.922 1 6 1
29.049 1 6 1
29.049 4 6 1
29.194 3 6 1
29.194 4 6 1
29.411 3 6 26.16
29.629 1 6 1
29.629 4 6 1
29.846 1 6 1
29.955 2 6 1
30.064 2 6 1
30.064 4 6 26.04
30.281 2 6 1
30.498 4 6 1
30.607 2 6 1
30.716 3 6 1
30.824 4 6 1
30.933 3 6 1
31.151 1 6 1
31.368 2 6 1
31.585 2 6 1
31.803 4 6 1
31.803 1 6 26.04
32.02 3 6 1
32.238 3 6 1
32.238 4 6 1
32.455 1 6 1
32.672 2 6 1
32.89 3 6 1
33.107 1 6 1
33.325 3 6 1
33.542 4 6 26.16
33.977 4 6 1
34.086 2 6 1
34.194 3 6 1
34.303 1 6 1
34.412 3 6 1
34.629 2 6 1
34.847 3 6 1
35.064 3 6 1
35.281 4 6 1
35.499 2 6 1
35.716 1 6 1
35.934 2 6 1
36.151 1 6 1
36.151 3 6 1
36.368 2 6 1
36.586 1 6 1
36.803 2 6 1
37.021 4 6 26.04
37.455 2 6 1
37.564 3 6 1
37.673 2 6 1
37.782 1 6 1
37.89 4 6 1
38.108 2 6 1
38.325 3 6 1
38.543 2 6 1
38.76 1 6 1
38.977 1 6 1
39.195 2 6 1
39.412 2 6 1
39.63 3 6 1
39.847 2 6 1
40.064 4 6 1
40.282 2 6 1
40.499 1 6 26.16
40.934 2 6 1
40.934 3 6 1
41.043 1 6 1
41.151 4 6 1
41.26 2 6 1
41.369 1 6 1
41.804 2 6 1
41.804 4 6 1
42.021 3 6 1
42.238 3 6 1
42.238 4 6 1
42.383 3 6 1
42.383 4 6 1
42.528 1 6 1
42.528 2 6 1
42.673 1 6 1
42.673 2 6 1
42.818 1 6 1
42.818 2 6 1
42.963 2 6 1
42.963 3 6 1
43.108 1 6 1
43.108 4 6 1
43.325 1 6 1
43.543 3 6 1
43.543 4 6 1
43.76 1 6 1
43.978 1 6 26.04
43.978 3 6 1
43.978 4 6 1
44.413 1 6 1
44.413 3 6 1
44.521 4 6 1
44.63 2 6 1
44.739 1 6 1
44.847 3 6 1
44.847 4 6 1
45.065 1 6 1
45.282 1 6 26.16
45.282 3 6 1
45.5 4 6 1
45.717 2 6 1
45.717 3 6 1
45.934 1 6 1
46.152 3 6 1
46.152 4 6 1
46.369 1 6 1
46.587 2 6 1
46.587 3 6 1
46.804 4 6 1
47.021 2 6 1
47.021 1 6 1
47.239 4 6 1
47.456 1 6 26.16
47.456 2 6 1
47.891 3 6 1
47.891 4 6 1
48 1 6 1
48.108 2 6 1
48.326 1 6 1
48.326 4 6 1
48.543 2 6 1
48.761 1 6 1
48.761 3 6 1
48.978 3 6 1
49.196 2 6 1
49.196 4 6 1
49.413 1 6 1
49.63 3 6 1
49.848 2 6 1
50.065 2 6 1
50.065 3 6 1
50.283 1 6 1
50.5 4 6 1
50.717 2 6 1
50.935 1 6 26.04
50.935 3 6 1
51.37 2 6 1
51.37 4 6 1
51.478 1 6 1
51.587 3 6 1
51.696 1 6 1
51.804 4 6 1
51.804 2 6 1
52.022 1 6 1
52.239 2 6 1
52.239 3 6 1
52.674 1 6 1
52.674 3 6 1
52.674 4 6 26.04
52.891 2 6 1
53.109 3 6 1
53.109 4 6 1
53.326 2 6 1
53.544 1 6 1
53.761 3 6 1
53.979 1 6 1
53.979 4 6 1
54.196 2 6 1
54.413 3 6 1
54.413 4 6 52.2
54.848 1 6 1
54.848 3 6 1
55.066 2 6 1
55.283 2 6 1
55.283 3 6 52.2
55.718 2 6 52.2
55.718 1 6 104.28
56.153 3 6 1
56.153 4 6 52.08
56.587 2 6 1
56.587 3 6 52.2
57.022 2 6 1
57.022 4 6 52.2
57.24 1 6 1
57.24 3 6 78.24
57.457 1 6 1
57.457 2 6 1
57.674 1 6 1
57.892 2 6 52.2
57.892 4 6 78.24
58.327 1 6 1
58.327 3 6 1
58.544 1 6 1
58.762 2 6 1
58.762 4 6 78.24
58.979 1 6 1
59.196 1 6 1
59.196 2 6 26.16
59.414 3 6 78.24
59.631 1 6 1
59.631 4 6 52.2
60.066 1 6 1
60.066 2 6 1
60.283 1 6 1
60.501 2 6 1
60.501 3 6 1
60.501 4 6 156.48
60.718 1 6 1
60.936 1 6 1
61.153 2 6 1
61.37 1 6 1
61.37 3 6 16.32
61.588 2 6 1
61.588 3 6 26.04
61.805 1 6 1
61.805 2 6 1
62.023 3 6 1
62.24 1 6 1
62.24 4 6 1
62.457 2 6 1
62.457 1 6 130.56
62.675 2 6 1
62.675 4 6 1
62.892 4 6 1
63.11 3 6 1
63.11 2 6 52.2
63.327 3 6 1
63.545 3 6 1
63.545 4 6 1
63.762 4 6 1
63.979 2 6 156.6
63.979 1 6 1
64.197 1 6 1
64.414 4 6 1
64.414 3 6 26.16
64.632 1 6 1
64.849 1 6 52.2
64.849 3 6 1
64.849 4 6 1
65.284 4 6 1
65.501 1 6 1
65.719 1 6 1
65.719 3 6 104.28
65.719 4 6 1
65.936 4 6 1
66.153 1 6 1
66.153 2 6 1
66.371 4 6 1
66.588 1 6 1
66.588 2 6 52.2
66.588 4 6 52.2
67.023 1 6 1
67.023 3 6 1
67.24 1 6 1
67.24 3 6 1
67.458 2 6 1
67.458 4 6 156.48
67.675 2 6 1
67.893 1 6 1
67.893 3 6 104.28
68.328 1 6 1
68.328 2 6 1
68.762 1 6 1
68.762 2 6 1
68.98 1 6 1
69.197 1 6 104.4
69.197 2 6 1
69.415 4 6 1
69.632 2 6 1
69.632 4 6 1
69.849 3 6 26.16
70.067 2 6 1
70.067 4 6 52.2
70.212 2 6 1
70.357 2 6 1
70.502 1 6 1
70.502 2 6 1
70.647 3 6 1
70.791 2 6 1
70.791 3 6 1
70.936 4 6 104.4
70.936 1 6 1
71.154 3 6 1
71.371 1 6 1
71.371 3 6 26.16
71.589 1 6 1
71.806 1 6 78.24
71.806 2 6 91.32
71.806 3 6 1
72.241 4 6 1
72.241 3 6 1
72.458 4 6 1
72.676 3 6 182.64
72.676 2 6 78.24
72.676 1 6 1
72.893 4 6 1
73.11 1 6 1
73.11 4 6 1
73.328 1 6 26.04
73.545 2 6 1
73.545 4 6 52.2
73.98 1 6 1
73.98 2 6 1
74.198 1 6 391.32
74.198 4 6 1
74.415 3 6 1
74.415 4 6 1
74.85 2 6 26.04
74.85 3 6 1
75.285 2 6 52.08
75.285 3 6 1
75.285 4 6 1
75.719 3 6 1
75.937 3 6 1
76.154 4 6 1
76.154 3 6 78.24
76.589 2 6 1
76.589 4 6 1
77.024 2 6 1
77.024 3 6 1
77.024 4 6 1
77.241 3 6 1
77.459 4 6 1
77.567 1 6 1
77.676 3 6 1
77.785 2 6 1
77.893 2 6 52.2
77.893 3 6 1
77.893 4 6 1
78.111 4 6 1
78.328 3 6 52.2
78.328 4 6 1
78.546 4 6 1
78.763 2 6 78.24
78.763 4 6 78.24
79.198 3 6 1
79.198 1 6 1
79.415 3 6 26.16
79.633 1 6 1
79.633 2 6 1
79.633 4 6 52.2
79.85 1 6 1
80.068 2 6 34.68
80.068 3 6 1
80.068 1 6 1
80.285 4 6 1
80.502 1 6 78.36
80.502 2 6 52.2
80.502 4 6 1
80.937 3 6 1
80.937 4 6 1
81.155 3 6 1
81.372 1 6 104.4
81.372 3 6 52.2
81.807 4 6 1
82.242 3 6 52.08
82.242 4 6 1
82.676 1 6 1
82.676 2 6 52.2
83.111 4 6 1
83.111 3 6 52.2
83.546 1 6 1
83.546 2 6 1
83.981 4 6 1
83.981 3 6 1
84.126 1 6 1
84.126 4 6 1
84.271 2 6 1
84.271 1 6 1
84.416 3 6 1
84.416 4 6 1
84.561 1 6 1
84.561 2 6 1
84.706 1 6 1
84.706 2 6 1
84.851 3 6 1
85.068 4 6 1
85.285 3 6 1
85.503 3 6 1
85.72 4 6 52.2
86.155 2 6 1
86.372 3 6 1
86.59 2 6 1
86.807 3 6 1
87.025 2 6 1
87.242 4 6 1
87.459 1 6 52.2
87.894 4 6 1
88.112 3 6 1
88.329 2 6 1
88.547 3 6 1
88.764 1 6 1
88.981 2 6 1
89.199 3 6 52.2
89.634 4 6 1
89.851 2 6 1
90.068 2 6 1
90.286 3 6 1
90.503 2 6 1
90.721 1 6 1
90.938 4 6 52.2
91.373 3 6 1
91.59 2 6 1
91.808 3 6 1
92.025 2 6 1
92.242 3 6 1
92.46 1 6 1
92.677 2 6 52.2
93.112 4 6 1
93.33 3 6 1
93.547 1 6 1
93.764 3 6 1
93.982 2 6 1
94.199 1 6 1
94.417 4 6 52.08
94.851 2 6 1
95.069 3 6 1
95.286 3 6 1
95.504 2 6 1
95.721 4 6 1
95.938 3 6 1
96.156 2 6 52.2
96.591 3 6 1
96.808 2 6 1
97.025 3 6 1
97.243 2 6 1
97.46 2 6 1
97.678 4 6 1
97.895 3 6 52.2
98.33 1 6 1
98.547 2 6 1
98.765 3 6 1
98.982 3 6 1
99.2 4 6 1
99.417 3 6 1
99.634 1 6 1
99.634 2 6 52.2
100.069 4 6 1
100.287 3 6 1
100.504 2 6 1
100.721 1 6 1
100.939 2 6 1
101.156 4 6 1
101.374 3 6 52.08
101.808 2 6 1
102.026 4 6 1
102.243 2 6 1
102.461 3 6 1
102.678 2 6 1
102.896 1 6 1
103.113 3 6 52.2
103.548 4 6 1
103.765 1 6 1
103.983 2 6 1
104.2 3 6 1
104.417 4 6 1
104.635 2 6 1
104.852 4 6 52.2
105.287 3 6 1
105.504 2 6 1
105.722 3 6 1
105.939 3 6 1
106.157 2 6 1
106.374 1 6 1
106.591 2 6 52.2
107.026 4 6 1
107.244 3 6 1
107.461 2 6 1
107.678 1 6 1
107.896 2 6 1
108.113 4 6 1
108.331 3 6 52.2
108.766 1 6 1
108.983 2 6 1
109.2 3 6 1
109.418 3 6 1
109.635 2 6 1
109.853 4 6 1
110.07 2 6 52.2
110.505 3 6 26.04
110.722 4 6 26.16
110.94 3 6 1
111.157 3 6 1
111.374 2 6 1
111.592 2 6 1
111.809 1 6 1
111.809 2 6 1
112.244 2 6 1
112.244 3 6 1
112.679 1 6 1
112.679 2 6 1
112.896 4 6 1
113.222 2 6 1
113.331 3 6 1
113.494 1 6 1
113.549 4 6 1
114.092 4 6 1
114.201 2 6 1
114.309 4 6 1
114.418 3 6 1
114.962 2 6 1
115.07 3 6 1
115.179 2 6 1
115.288 4 6 1
115.723 2 6 1
115.94 2 6 1
116.157 3 6 1
116.157 4 6 1
116.592 3 6 1
116.81 2 6 1
116.918 4 6 1
117.027 1 6 1
117.571 2 6 1
117.788 4 6 1
117.842 2 6 1
117.897 3 6 1
118.44 3 6 1
118.658 2 6 1
118.766 4 6 1
119.201 2 6 1
119.419 3 6 1
119.636 4 6 1
120.18 2 6 1
120.288 3 6 1
120.397 4 6 1
120.506 1 6 1
121.049 3 6 1
121.267 4 6 1
121.321 3 6 1
121.375 2 6 1
121.919 3 6 1
122.136 4 6 1
122.245 3 6 1
122.68 3 6 1
122.897 2 6 1
123.115 4 6 1
123.549 2 6 1
123.658 2 6 1
123.875 3 6 1
123.93 4 6 1
123.984 1 6 1
124.419 4 6 1
124.636 3 6 1
124.745 1 6 1
124.854 4 6 1
125.289 2 6 1
125.506 1 6 1
125.723 3 6 1
125.723 4 6 1
125.868 3 6 1
125.868 4 6 1
126.013 3 6 1
126.013 4 6 1
126.158 1 6 1
126.158 4 6 1
126.303 1 6 1
126.303 3 6 1
126.448 2 6 1
126.448 3 6 1
126.593 2 6 1
126.593 4 6 156.6
126.593 3 6 1
126.81 1 6 1
127.028 3 6 1
127.028 1 6 1
127.245 1 6 1
127.463 2 6 52.2
127.463 3 6 1
127.898 1 6 1
127.898 3 6 1
128.115 1 6 1
128.332 4 6 1
128.332 3 6 52.2
128.55 1 6 1
128.767 1 6 1
128.767 2 6 1
129.202 2 6 1
129.202 4 6 52.2
129.419 1 6 1
129.637 2 6 1
129.637 1 6 1
129.854 2 6 1
129.854 4 6 1
130.072 1 6 1
130.072 3 6 156.48
130.289 4 6 26.04
130.506 1 6 1
130.506 2 6 1
130.724 2 6 1
130.941 2 6 1
130.941 4 6 52.2
131.159 2 6 1
131.376 1 6 1
131.376 2 6 1
131.593 4 6 1
131.811 2 6 1
131.811 3 6 104.4
132.028 2 6 1
132.246 4 6 1
132.463 2 6 1
132.681 1 6 1
132.681 4 6 1
132.898 2 6 1
133.115 1 6 1
133.115 2 6 1
133.333 1 6 1
133.55 3 6 1
133.55 4 6 78.24
133.876 1 6 1
134.202 1 6 1
134.42 3 6 1
134.42 4 6 39.12
134.855 3 6 1
134.963 2 6 1
135.072 3 6 1
135.181 4 6 1
135.289 1 6 30.48
135.616 1 6 52.08
136.159 4 6 1
136.376 3 6 1
136.594 3 6 1
136.811 4 6 1
137.029 1 6 1
137.246 3 6 1
137.464 1 6 1
137.464 2 6 1
137.681 4 6 1
137.898 1 6 26.16
137.898 2 6 1
138.333 2 6 1
138.333 1 6 1
138.442 3 6 1
138.551 4 6 1
138.768 2 6 1
138.768 3 6 1
139.203 3 6 1
139.203 4 6 1
139.638 2 6 1
139.638 1 6 1
139.783 1 6 1
139.927 1 6 1
140.072 1 6 1
140.217 1 6 1
140.362 2 6 1
140.507 1 6 1
140.507 4 6 1
140.725 4 6 1
140.942 2 6 1
141.159 3 6 1
141.377 1 6 26.04
141.377 2 6 1
141.812 2 6 1
141.812 4 6 1
141.92 3 6 1
142.029 1 6 1
142.138 4 6 1
142.246 2 6 1
142.246 3 6 1
142.464 1 6 1
142.681 3 6 1
142.681 4 6 1
142.899 1 6 1
143.116 3 6 1
143.116 4 6 1
143.334 2 6 1
143.551 4 6 1
143.551 3 6 1
143.768 1 6 1
143.768 2 6 1
143.986 3 6 1
144.203 2 6 1
144.421 3 6 1
144.421 4 6 1
144.638 1 6 1
144.855 2 6 1
144.855 4 6 26.16
145.29 1 6 1
145.29 3 6 1
145.399 4 6 1
145.508 2 6 1
145.616 1 6 1
145.725 3 6 1
145.725 4 6 1
145.942 1 6 1
146.16 2 6 1
146.16 3 6 1
146.377 1 6 1
146.595 3 6 1
146.595 4 6 1
146.812 2 6 1
147.029 3 6 1
147.247 1 6 1
147.464 2 6 1
147.464 4 6 1
147.682 3 6 1
147.899 2 6 1
147.899 1 6 1
148.117 4 6 1
148.334 1 6 26.04
148.334 2 6 1
148.769 1 6 1
148.769 2 6 1
148.877 3 6 1
148.986 4 6 1
149.095 2 6 1
149.204 1 6 1
149.204 3 6 1
149.421 2 6 1
149.638 2 6 1
149.638 4 6 1
149.856 3 6 1
150.073 1 6 1
150.073 4 6 1
150.291 2 6 1
150.508 3 6 1
150.508 4 6 1
150.725 1 6 1
150.725 2 6 1
150.943 3 6 1
150.943 4 6 1
151.16 1 6 1
151.378 3 6 1
151.378 4 6 1
151.595 1 6 1
151.812 3 6 26.16
151.812 4 6 1
152.247 1 6 1
152.247 2 6 1
152.465 4 6 1
152.682 3 6 1
152.682 1 6 52.2
153.117 2 6 1
153.117 4 6 52.2
153.552 3 6 52.2
153.552 2 6 52.2
153.987 1 6 65.16
153.987 4 6 52.08
154.421 3 6 1
154.421 2 6 1
154.639 1 6 78.24
154.856 3 6 1
154.856 4 6 1
155.074 2 6 1
155.074 3 6 104.28
155.291 2 6 1
155.291 4 6 78.24
155.726 1 6 1
155.726 2 6 1
155.943 1 6 1
156.161 2 6 1
156.161 4 6 1
156.161 3 6 52.08
156.378 1 6 1
156.595 1 6 45.72
156.595 2 6 45.72
156.813 4 6 1
157.03 1 6 52.2
157.03 2 6 52.2
157.03 3 6 9.84
157.465 3 6 1
157.465 4 6 1
157.683 2 6 1
157.9 1 6 1
157.9 4 6 156.48
158.117 3 6 1
158.335 1 6 1
158.335 2 6 1
158.552 1 6 26.16
158.77 2 6 1
158.77 3 6 39.12
159.204 1 6 1
159.204 2 6 1
159.422 3 6 1
159.639 1 6 182.64
159.639 4 6 1
159.857 3 6 1
160.074 4 6 1
160.074 2 6 104.4
160.291 3 6 1
160.509 4 6 1
160.509 3 6 1
160.726 3 6 1
160.944 3 6 1
160.944 4 6 1
161.161 4 6 1
161.378 1 6 1
161.378 2 6 78.36
161.378 3 6 1
161.596 4 6 1
161.813 3 6 26.16
161.813 4 6 1
162.031 1 6 26.04
162.248 2 6 52.2
162.248 3 6 26.16
162.248 4 6 1
162.683 3 6 1
162.683 4 6 1
162.9 1 6 1
163.118 3 6 52.2
163.118 4 6 1
163.335 4 6 52.2
163.553 1 6 1
163.77 3 6 78.24
163.987 2 6 34.8
163.987 4 6 1
164.422 1 6 1
164.422 4 6 1
164.64 1 6 1
164.857 4 6 156.48
164.857 2 6 1
164.857 3 6 130.44
165.074 1 6 1
165.292 1 6 1
165.292 2 6 1
165.509 2 6 1
165.727 1 6 1
165.727 2 6 1
166.161 1 6 1
166.161 2 6 1
166.379 4 6 1
166.596 2 6 1
166.596 4 6 104.4
166.596 1 6 52.2
166.814 3 6 1
167.031 2 6 1
167.031 3 6 26.16
167.249 1 6 1
167.466 1 6 1
167.466 2 6 1
167.611 3 6 1
167.611 4 6 1
167.756 3 6 1
167.756 4 6 1
167.901 2 6 1
167.901 3 6 1
168.046 4 6 1
168.046 3 6 1
168.191 1 6 1
168.336 3 6 78.24
168.336 4 6 1
168.553 2 6 1
168.77 1 6 1
168.77 2 6 1
168.77 4 6 1
168.988 4 6 1
169.205 2 6 1
169.205 1 6 39.12
169.205 3 6 78.24
169.64 1 6 52.2
169.64 2 6 1
169.857 4 6 1
170.075 2 6 52.2
170.075 3 6 1
170.075 4 6 1
170.292 4 6 1
170.51 1 6 1
170.51 3 6 52.08
170.51 4 6 1
170.727 4 6 17.4
170.944 1 6 1
170.944 2 6 52.2
170.944 4 6 78.36
171.379 1 6 1
171.597 3 6 1
171.814 1 6 1
171.814 2 6 52.2
171.814 3 6 1
171.814 4 6 391.32
172.249 3 6 1
172.684 1 6 1
172.684 3 6 1
172.684 2 6 52.2
173.119 1 6 1
173.119 3 6 1
173.553 1 6 1
173.553 2 6 1
173.553 3 6 52.2
173.988 1 6 1
173.988 2 6 52.2
174.423 1 6 1
174.423 3 6 1
174.64 2 6 1
174.64 3 6 1
174.858 2 6 1
174.858 3 6 1
174.967 3 6 1
175.075 2 6 1
175.184 4 6 1
175.293 3 6 1
175.293 1 6 1
175.293 2 6 182.52
175.51 1 6 1
175.727 3 6 1
175.727 4 6 1
175.945 3 6 1
176.162 4 6 52.2
176.162 1 6 1
176.162 3 6 1
176.597 1 6 1
176.597 3 6 1
176.814 4 6 26.16
177.032 2 6 1
177.032 3 6 78.24
177.032 1 6 1
177.249 4 6 1
177.467 1 6 1
177.467 2 6 1
177.684 4 6 26.16
177.902 1 6 91.2
177.902 2 6 52.08
177.902 3 6 1
178.336 3 6 1
178.336 4 6 1
178.554 3 6 1
178.662 4 6 1
178.771 1 6 156.6
178.771 3 6 39.12
179.206 2 6 1
179.206 3 6 52.2
179.641 2 6 1
179.641 4 6 1
180.076 2 6 52.08
180.076 3 6 1
180.51 3 6 1
180.51 4 6 52.2
180.945 1 6 1
180.945 2 6 52.2
181.38 1 6 52.2
181.38 4 6 1
181.815 3 6 1
181.815 4 6 1
182.032 2 6 1
182.25 1 6 1
182.467 4 6 1
182.685 2 6 1
182.902 3 6 1
183.119 1 6 52.2
183.554 3 6 1
183.772 2 6 1
183.989 1 6 1
184.206 2 6 1
184.424 3 6 1
184.641 4 6 1
184.859 1 6 52.08
185.293 2 6 1
185.511 3 6 1
185.728 2 6 1
185.946 4 6 1
186.163 2 6 1
186.38 3 6 1
186.598 1 6 78.24
187.25 2 6 1
187.468 1 6 1
187.685 3 6 1
187.902 2 6 1
188.12 4 6 1
188.337 1 6 52.2
188.772 2 6 1
188.989 2 6 1
189.207 1 6 1
189.424 2 6 1
189.642 1 6 1
189.859 3 6 1
190.09 2 6 50.52
190.525 4 6 1
190.729 3 6 1
190.946 2 6 1
191.177 3 6 1
191.381 2 6 1
191.612 1 6 1
191.816 2 6 27.72
192.264 4 6 1
192.468 3 6 1
192.699 3 6 1
192.916 2 6 1
193.134 1 6 1
193.351 2 6 1
193.569 4 6 52.08
194.003 3 6 1
194.221 1 6 1
194.438 2 6 1
194.656 3 6 1
194.873 2 6 1
195.09 1 6 1
195.308 2 6 1
195.525 4 6 1
195.743 1 6 1
195.96 3 6 1
196.177 2 6 1
196.395 3 6 1
196.612 4 6 1
196.83 1 6 1
197.047 3 6 52.2
197.482 1 6 1
197.699 2 6 1
197.917 3 6 1
198.134 4 6 1
198.352 3 6 1
198.569 4 6 1
198.786 3 6 52.2
199.221 2 6 1
199.439 1 6 1
199.656 2 6 1
199.873 3 6 1
200.091 1 6 1
200.308 2 6 1
200.526 3 6 52.08
200.96 4 6 1
201.178 2 6 1
201.395 3 6 1
201.613 1 6 1
201.83 2 6 1
202.048 1 6 1
202.265 3 6 1
202.917 1 6 1
203.135 2 6 1
203.352 3 6 1
203.569 4 6 1
203.787 2 6 1
204.004 3 6 26.16
204.439 3 6 1
204.656 4 6 1
204.874 3 6 1
205.091 4 6 1
205.322 2 6 1
205.526 4 6 1
205.743 1 6 52.2
206.178 2 6 1
206.396 4 6 1
206.613 3 6 1
206.83 1 6 1
207.048 4 6 1
207.265 3 6 1
207.483 2 6 53.76
207.918 3 6 1
208.135 1 6 1
208.352 2 6 1
208.57 3 6 1
208.787 4 6 1
209.018 4 6 1
209.222 4 6 13.08
209.562 4 6 63.6
210.092 2 6 1
210.105 3 6 1
210.431 3 6 1
210.635 2 6 1
210.853 3 6 1
210.961 1 6 1
211.192 4 6 1
211.518 4 6 1
211.844 3 6 1
212.062 2 6 1
212.388 2 6 1
212.483 2 6 1
212.714 1 6 1
212.932 4 6 1
213.258 4 6 1
213.57 4 6 1
213.801 1 6 1
214.114 2 6 1
214.453 1 6 1
214.671 1 6 1
214.997 1 6 1
215.106 1 6 1
215.309 1 6 1
215.54 2 6 1
215.853 3 6 1
216.179 4 6 1
216.41 4 6 1
216.723 4 6 1
