0.489 2 6 1
0.789 4 6 1
1.089 3 6 1
1.389 2 6 1
1.689 1 6 1
1.989 1 6 1
2.289 2 6 1
2.589 3 6 1
2.889 1 6 1
2.889 4 6 1
3.189 3 6 1
3.489 2 6 1
3.789 2 6 1
4.089 1 6 1
4.089 4 6 1
4.389 3 6 1
4.689 2 6 1
4.989 3 6 1
5.289 4 6 1
5.289 1 6 1
5.589 2 6 1
5.889 2 6 1
6.189 3 6 1
6.189 4 6 1
6.489 1 6 1
6.789 2 6 1
7.089 3 6 1
7.389 2 6 1
7.689 3 6 1
7.689 4 6 1
7.989 2 6 1
8.289 3 6 1
8.589 1 6 1
8.589 2 6 1
8.889 2 6 1
9.189 4 6 1
9.489 3 6 1
9.789 3 6 1
10.089 1 6 1
10.089 2 6 1
10.389 1 6 1
10.389 2 6 1
10.689 3 6 1
10.989 3 6 1
11.289 4 6 1
11.588 3 6 1
11.888 2 6 1
12.188 2 6 1
12.188 3 6 1
12.488 1 6 1
12.488 4 6 1
12.788 2 6 1
12.788 4 6 1
13.088 1 6 1
13.388 3 6 1
13.688 1 6 1
13.988 2 6 1
14.288 3 6 1
14.288 4 6 1
14.588 3 6 1
14.588 4 6 1
14.888 1 6 1
14.888 3 6 1
15.188 1 6 1
15.488 4 6 1
15.788 2 6 1
16.088 1 6 1
16.088 3 6 1
16.388 3 6 1
16.688 4 6 1
16.988 2 6 1
16.988 3 6 1
17.288 3 6 1
17.288 4 6 1
17.588 1 6 1
17.888 3 6 1
18.188 2 6 1
18.488 2 6 1
18.488 3 6 1
18.788 3 6 1
18.788 4 6 1
19.088 2 6 1
19.388 1 6 1
19.388 3 6 1
19.688 3 6 1
19.688 4 6 1
19.988 4 6 1
19.988 3 6 1
20.288 1 6 1
20.588 3 6 1
20.888 2 6 1
21.188 4 6 1
21.488 1 6 1
21.788 3 6 1
22.088 2 6 1
22.088 4 6 1
22.388 2 6 36
22.988 3 6 1
23.288 3 6 1
23.288 4 6 1
23.588 1 6 1
23.588 2 6 36
23.888 3 6 1
24.188 2 6 1
24.188 4 6 1
24.488 2 6 1
24.488 3 6 1
24.638 4 6 36
24.788 3 6 1
25.088 1 6 1
25.088 4 6 54
25.388 1 6 1
25.688 2 6 1
25.688 3 6 1
25.688 4 6 54
25.988 1 6 1
26.288 1 6 1
26.288 3 6 72
26.588 4 6 1
26.888 1 6 1
26.888 2 6 216
27.188 1 6 1
27.788 3 6 1
28.088 3 6 1
28.388 4 6 1
28.688 3 6 1
28.988 1 6 1
29.288 2 6 1
29.288 3 6 1
29.588 4 6 288
30.188 2 6 1
30.488 2 6 1
30.788 1 6 1
30.788 3 6 1
31.088 3 6 1
31.388 3 6 1
31.688 1 6 1
31.688 2 6 1
31.988 2 6 1
31.988 1 6 252
32.588 3 6 1
32.888 2 6 1
33.188 3 6 1
33.188 4 6 1
33.488 2 6 1
33.488 4 6 1
33.788 4 6 1
33.788 3 6 1
34.088 3 6 1
34.088 4 6 1
34.388 2 6 1
34.688 1 6 1
34.988 4 6 1
35.288 1 6 1
35.288 4 6 1
35.588 1 6 1
35.888 2 6 1
35.888 4 6 1
36.188 1 6 1
36.188 4 6 1
36.488 2 6 1
36.488 3 6 1
36.788 4 6 1
37.088 4 6 1
37.388 3 6 1
37.688 1 6 1
37.688 2 6 1
37.988 2 6 1
37.988 3 6 1
38.288 1 6 1
38.288 2 6 1
38.588 2 6 1
38.588 3 6 1
38.888 3 6 1
38.888 4 6 1
39.188 2 6 1
39.488 4 6 1
39.788 1 6 1
40.088 2 6 1
40.388 2 6 1
40.388 4 6 1
40.688 3 6 1
40.988 4 6 1
41.288 1 6 1
41.288 2 6 1
41.588 4 6 108
41.588 1 6 1
42.188 3 6 1
42.488 1 6 1
42.788 3 6 1
43.088 2 6 1
43.088 3 6 1
43.388 1 6 1
43.688 2 6 1
43.688 3 6 36
43.988 4 6 1
44.288 1 6 36
44.288 3 6 1
44.588 4 6 1
44.888 1 6 54
44.888 2 6 1
45.188 4 6 1
45.488 1 6 1
45.488 3 6 72
45.788 2 6 1
46.088 1 6 1
46.088 4 6 72
46.388 3 6 1
46.988 2 6 1
47.288 1 6 1
47.588 3 6 1
47.888 3 6 1
48.188 1 6 1
48.188 2 6 1
48.488 1 6 1
48.488 2 6 1
48.788 2 6 1
49.088 4 6 1
49.388 2 6 1
49.988 1 6 1
50.288 2 6 1
50.588 3 6 1
50.888 1 6 1
50.888 3 6 1
50.888 4 6 1
51.188 2 6 1
51.488 2 6 1
51.788 3 6 1
52.388 4 6 1
52.688 2 6 1
52.988 3 6 1
53.288 1 6 1
53.288 2 6 1
53.588 3 6 1
53.888 3 6 1
54.188 3 6 1
54.488 4 6 1
54.788 4 6 1
55.088 2 6 1
55.388 3 6 1
55.688 1 6 1
55.688 2 6 1
55.988 4 6 1
55.988 3 6 1
56.588 1 6 1
56.888 1 6 1
57.188 2 6 1
57.488 3 6 1
57.788 1 6 1
58.088 3 6 1
58.088 4 6 1
58.163 2 6 1
58.238 4 6 1
58.388 1 6 1
58.388 2 6 1
58.688 2 6 1
58.988 3 6 1
59.288 3 6 1
59.588 4 6 1
59.888 3 6 1
60.188 1 6 1
60.488 3 6 1
60.588 1 6 1
60.688 2 6 1
60.788 1 6 1
60.788 3 6 1
61.088 3 6 1
61.388 4 6 1
61.688 4 6 1
61.988 1 6 1
62.288 3 6 1
62.588 1 6 1
62.888 2 6 1
62.888 4 6 1
63.188 1 6 1
63.487 3 6 1
63.787 2 6 1
64.087 1 6 1
64.087 4 6 1
64.387 3 6 1
64.687 3 6 1
64.987 3 6 1
65.287 1 6 1
65.287 2 6 1
65.587 1 6 1
65.887 3 6 1
66.187 4 6 1
66.487 3 6 1
66.787 2 6 1
67.087 3 6 1
67.387 1 6 1
67.687 1 6 1
67.987 3 6 1
67.987 4 6 1
68.287 3 6 1
68.587 1 6 1
68.887 2 6 1
69.187 1 6 1
69.487 3 6 1
69.787 3 6 1
69.787 4 6 1
70.087 1 6 1
70.087 3 6 1
70.387 4 6 1
70.537 3 6 1
70.612 1 6 1
70.687 2 6 1
70.987 2 6 1
71.287 3 6 1
71.587 1 6 1
71.887 3 6 1
72.187 4 6 1
72.487 1 6 1
72.487 2 6 1
72.787 1 6 1
73.087 4 6 1
73.387 2 6 1
73.687 1 6 1
73.687 3 6 1
73.987 2 6 1
74.287 4 6 1
74.587 3 6 1
74.887 2 6 1
74.887 4 6 1
75.187 1 6 1
75.487 2 6 1
75.787 3 6 1
75.787 4 6 1
76.087 2 6 1
76.387 1 6 1
76.687 3 6 1
76.987 1 6 1
77.287 3 6 1
77.362 2 6 1
77.437 1 6 1
77.437 4 6 1
77.587 3 6 1
77.887 1 6 1
78.187 4 6 1
78.487 4 6 1
78.787 3 6 1
79.087 2 6 1
79.387 4 6 1
79.687 3 6 1
79.687 4 6 1
79.987 4 6 1
80.287 1 6 1
80.587 4 6 1
80.887 1 6 1
80.887 3 6 1
81.187 2 6 1
81.487 3 6 1
81.787 1 6 1
82.087 2 6 36
82.087 4 6 1
82.387 4 6 1
82.687 3 6 1
82.987 3 6 1
83.287 1 6 1
83.287 4 6 54
83.287 2 6 1
83.587 1 6 1
83.887 1 6 1
83.887 3 6 1
84.187 1 6 1
84.487 4 6 54
84.487 2 6 1
84.787 1 6 1
85.087 2 6 1
85.087 4 6 56.28
85.387 3 6 1
85.687 1 6 1
85.687 3 6 36
85.987 1 6 1
86.287 1 6 1
86.287 2 6 1
86.287 3 6 36
86.587 2 6 1
86.587 4 6 1
86.887 4 6 1
87.112 3 6 1
87.187 1 6 1
87.187 2 6 1
87.487 1 6 108
87.787 3 6 1
88.087 3 6 1
88.087 4 6 1
88.387 2 6 1
88.687 3 6 1
88.687 4 6 1
88.987 2 6 1
88.987 3 6 1
89.287 1 6 1
89.287 2 6 1
89.587 3 6 1
89.587 4 6 1
90.037 3 6 1
90.187 2 6 1
90.187 4 6 36
90.487 1 6 36
90.487 2 6 1
90.787 3 6 1
90.787 4 6 1
90.937 3 6 1
91.087 1 6 36
91.087 3 6 1
91.387 3 6 1
91.687 1 6 1
91.837 4 6 1
91.912 3 6 1
91.987 1 6 1
92.137 2 6 1
92.287 1 6 36
92.287 4 6 1
92.587 4 6 1
92.887 4 6 36
92.887 2 6 1
93.112 2 6 1
93.187 1 6 1
93.487 2 6 1
93.487 3 6 1
93.637 4 6 54
93.712 3 6 1
93.787 2 6 1
94.087 1 6 1
94.087 2 6 1
94.087 3 6 1
94.387 2 6 1
94.387 3 6 1
94.987 3 6 1
95.287 3 6 1
95.587 1 6 1
95.887 3 6 1
96.187 1 6 1
96.487 2 6 1
96.487 4 6 1
96.787 3 6 1
97.387 2 6 1
97.687 2 6 1
97.987 2 6 1
98.287 2 6 1
98.587 3 6 1
98.812 1 6 1
98.812 4 6 1
99.187 3 6 1
99.787 3 6 1
100.087 3 6 1
100.387 3 6 1
100.687 1 6 1
100.687 3 6 1
100.687 4 6 1
100.987 2 6 1
101.287 1 6 36
101.287 3 6 1
101.587 4 6 1
101.887 3 6 1
102.187 1 6 1
102.487 3 6 1
102.487 4 6 54
102.787 3 6 1
103.087 2 6 1
103.087 3 6 1
103.387 3 6 1
103.687 3 6 1
103.687 4 6 36
103.987 1 6 1
104.287 1 6 1
104.287 3 6 36
104.587 1 6 1
104.887 3 6 1
105.187 3 6 1
105.487 2 6 1
105.787 1 6 1
105.787 3 6 1
105.937 2 6 1
106.087 3 6 1
106.087 4 6 1
106.387 1 6 72
106.387 3 6 1
106.687 4 6 1
106.987 2 6 36
107.287 3 6 1
107.287 4 6 1
107.587 4 6 1
107.68 3 6 1
107.887 1 6 1
107.887 2 6 1
108.074 3 6 1
108.137 2 6 1
108.187 4 6 1
108.337 2 6 1
108.487 4 6 36
108.487 3 6 1
108.787 2 6 1
108.862 3 6 1
109.087 1 6 1
109.237 3 6 1
109.312 4 6 45
109.387 2 6 1
109.687 2 6 1
109.687 1 6 36
109.987 3 6 1
110.287 3 6 1
110.437 4 6 18
110.512 1 6 9
110.812 2 6 1
110.887 1 6 36
110.887 3 6 1
110.887 4 6 1
111.112 3 6 1
111.187 4 6 1
111.487 2 6 1
111.487 4 6 36
111.787 1 6 1
112.087 2 6 1
112.087 4 6 36
112.387 1 6 1
112.687 2 6 1
112.687 4 6 36
112.762 1 6 1
112.912 3 6 1
113.287 4 6 36
113.287 3 6 1
113.587 1 6 20.16
113.587 2 6 1
113.887 2 6 1
114.037 1 6 18
114.037 4 6 1
114.187 3 6 1
114.487 1 6 1
114.487 3 6 1
114.787 2 6 1
115.087 3 6 1
115.387 2 6 1
115.686 1 6 1
115.686 4 6 1
115.986 3 6 1
115.986 2 6 1
116.286 3 6 1
116.586 2 6 1
116.886 4 6 1
117.186 1 6 1
117.486 3 6 1
117.786 1 6 1
118.036 4 6 1
118.086 2 6 1
118.086 1 6 1
118.386 3 6 1
118.686 1 6 1
118.986 4 6 1
119.286 1 6 1
119.586 4 6 1
119.886 3 6 1
120.186 3 6 1
120.486 3 6 1
120.486 1 6 1
120.786 2 6 1
121.086 4 6 1
121.386 3 6 1
121.686 2 6 36
121.686 3 6 1
121.686 4 6 1
121.986 3 6 1
122.286 1 6 1
122.286 2 6 1
122.586 2 6 1
122.886 1 6 1
122.886 4 6 36
123.186 3 6 1
123.186 1 6 1
123.486 4 6 36
123.486 2 6 1
123.786 1 6 1
124.086 1 6 1
124.086 3 6 1
124.386 3 6 1
124.536 1 6 1
124.686 3 6 1
124.686 4 6 1
124.986 1 6 1
124.986 2 6 1
125.286 1 6 1
125.286 3 6 1
125.286 4 6 1
125.586 3 6 1
126.186 2 6 1
126.786 2 6 1
126.786 3 6 1
127.086 2 6 1
127.086 3 6 1
127.386 3 6 1
127.386 4 6 1
127.686 2 6 1
127.686 3 6 1
127.986 1 6 36
127.986 2 6 1
128.286 3 6 1
128.436 2 6 54
128.586 3 6 18
128.586 4 6 1
128.886 1 6 1
128.886 3 6 1
129.036 1 6 36
129.186 4 6 1
129.486 3 6 1
129.486 4 6 18
129.636 2 6 1
129.786 3 6 1
129.786 4 6 36
130.086 1 6 1
130.086 3 6 1
130.236 1 6 1
130.386 3 6 18
130.386 4 6 18
130.686 1 6 1
130.686 2 6 1
130.686 4 6 54
130.986 1 6 1
131.286 3 6 1
131.286 4 6 72
131.586 3 6 1
131.886 2 6 1
131.886 3 6 1
132.036 1 6 1
132.186 3 6 18
132.486 1 6 1
132.486 2 6 1
132.786 1 6 1
133.086 3 6 1
133.386 3 6 1
133.536 2 6 1
133.686 3 6 1
133.986 1 6 1
133.986 4 6 1
134.286 2 6 1
134.286 3 6 1
134.586 2 6 1
134.586 4 6 1
134.886 1 6 1
134.886 3 6 1
135.186 2 6 1
135.486 2 6 1
135.786 1 6 1
136.386 3 6 1
136.386 4 6 1
136.686 1 6 1
136.686 2 6 1
136.986 2 6 1
136.986 3 6 1
136.986 1 6 1
137.286 2 6 1
137.286 3 6 1
137.286 4 6 1
137.586 2 6 27
137.886 2 6 63
138.186 3 6 1
138.786 1 6 1
139.086 3 6 1
139.086 4 6 1
139.386 1 6 1
139.386 2 6 1
139.686 1 6 1
139.686 2 6 1
139.986 3 6 1
140.286 3 6 1
140.286 4 6 1
140.586 3 6 1
140.586 2 6 1
140.886 2 6 1
140.886 3 6 1
141.186 3 6 1
141.486 3 6 1
141.486 2 6 1
141.786 1 6 1
142.086 1 6 36
142.086 4 6 1
142.386 4 6 1
142.686 2 6 36
142.686 4 6 1
143.286 1 6 1
143.286 4 6 1
143.586 4 6 1
143.886 1 6 1
143.886 3 6 1
144.186 1 6 1
144.186 4 6 1
144.486 3 6 1
144.486 4 6 1
144.786 2 6 1
145.086 1 6 1
145.386 1 6 1
145.686 1 6 1
145.986 3 6 1
145.986 4 6 1
146.286 1 6 1
146.286 2 6 1
146.586 3 6 1
146.586 4 6 1
146.886 3 6 1
146.886 4 6 1
147.186 1 6 1
147.486 1 6 1
147.786 3 6 1
148.086 3 6 1
148.086 4 6 1
148.386 4 6 1
148.686 1 6 1
148.686 2 6 1
148.986 2 6 1
148.986 3 6 1
149.286 1 6 1
149.286 2 6 1
149.286 4 6 1
149.436 1 6 1
149.586 3 6 1
149.886 3 6 1
149.886 1 6 54
149.886 2 6 1
150.186 2 6 1
150.486 4 6 54
150.486 2 6 1
150.786 1 6 1
151.086 2 6 54
151.086 4 6 1
151.386 4 6 1
151.686 3 6 72
151.686 4 6 1
151.986 2 6 1
152.286 1 6 1
152.586 2 6 1
152.886 1 6 1
152.886 4 6 1
153.186 1 6 1
153.186 4 6 1
153.486 2 6 1
153.786 3 6 1
154.086 3 6 1
154.161 4 6 1
154.236 1 6 1
154.386 3 6 1
154.386 4 6 1
154.686 2 6 1
154.986 2 6 1
155.286 3 6 1
155.586 2 6 1
155.586 4 6 1
155.886 2 6 1
156.186 3 6 1
156.486 2 6 1
156.561 4 6 1
156.636 3 6 1
156.786 1 6 1
156.786 2 6 1
157.086 3 6 1
157.386 3 6 1
157.686 4 6 1
157.986 2 6 1
158.286 1 6 1
158.586 4 6 1
158.886 2 6 1
158.886 4 6 1
159.186 3 6 1
159.486 3 6 1
159.786 2 6 1
160.086 3 6 1
160.386 1 6 1
160.686 3 6 1
160.986 1 6 1
161.286 2 6 1
161.286 4 6 1
161.586 4 6 1
161.886 2 6 1
162.186 4 6 1
162.486 1 6 1
162.786 4 6 1
163.086 2 6 1
163.386 3 6 1
163.686 1 6 1
163.686 3 6 1
163.686 4 6 1
163.986 3 6 1
164.286 3 6 1
164.586 4 6 1
164.886 1 6 1
165.186 3 6 1
165.486 2 6 1
165.786 3 6 1
166.086 3 6 1
166.086 4 6 1
166.436 4 6 1
166.536 1 6 1
166.686 2 6 1
166.986 3 6 1
167.286 1 6 1
167.585 4 6 1
167.885 1 6 1
168.185 1 6 1
168.485 3 6 1
168.485 4 6 1
168.785 4 6 1
169.085 4 6 1
169.385 2 6 1
169.685 1 6 1
169.985 2 6 1
170.285 3 6 1
170.585 3 6 1
170.885 4 6 1
170.885 1 6 1
171.185 2 6 1
171.485 1 6 1
171.785 3 6 1
172.085 2 6 1
