1.942 1 6 1
2.272 3 6 1
2.436 2 6 1
2.601 1 6 1
2.766 2 6 1
2.931 3 6 1
3.261 1 6 1
3.261 4 6 1
3.590 4 6 1
3.755 3 6 1
3.920 2 6 1
4.085 1 6 1
4.250 4 6 1
4.579 3 6 1
4.909 1 6 1
4.909 3 6 1
5.568 2 6 1
5.898 4 6 1
7.217 1 6 1
7.546 4 6 1
7.711 3 6 1
7.876 4 6 1
8.041 3 6 1
8.206 2 6 1
8.535 1 6 1
8.535 4 6 1
8.865 2 6 1
9.030 3 6 1
9.195 4 6 1
9.360 2 6 1
9.524 4 6 1
9.854 2 6 1
10.184 2 6 1
10.184 3 6 1
10.513 3 6 1
10.843 2 6 1
10.843 4 6 1
11.173 1 6 1
11.173 2 6 79.08
11.832 1 6 1
11.832 4 6 1
12.162 2 6 1
12.491 4 6 1
12.821 1 6 1
12.986 4 6 1
13.151 2 6 1
13.316 3 6 1
13.480 1 6 1
13.810 3 6 1
13.810 4 6 1
14.140 1 6 1
14.305 3 6 1
14.469 2 6 1
14.634 4 6 1
14.799 4 6 1
15.129 2 6 1
15.459 4 6 1
15.459 2 6 1
15.788 3 6 1
16.118 3 6 1
16.118 2 6 1
16.448 1 6 1
16.777 4 6 1
17.107 1 6 1
17.272 4 6 1
17.437 3 6 1
17.766 4 6 1
17.766 1 6 1
18.096 3 6 1
18.261 3 6 1
18.426 1 6 1
18.590 4 6 1
18.755 3 6 1
19.085 1 6 1
19.085 2 6 1
19.415 4 6 1
19.579 3 6 1
19.744 4 6 1
19.909 1 6 1
20.074 2 6 1
20.404 1 6 1
20.733 4 6 1
20.733 2 6 1
21.063 2 6 1
21.393 1 6 1
21.393 4 6 1
21.722 2 6 1
21.722 4 6 1
22.052 3 6 1
22.382 1 6 79.08
23.041 2 6 1
23.041 4 6 1
23.371 1 6 1
23.700 1 6 1
23.865 3 6 1
24.030 4 6 1
24.195 2 6 1
24.360 3 6 1
24.689 1 6 1
25.019 2 6 1
25.349 4 6 1
25.678 1 6 1
25.678 3 6 1
26.008 3 6 1
26.338 4 6 1
26.503 1 6 1
26.667 4 6 1
26.832 1 6 1
26.997 4 6 1
27.162 2 6 1
27.327 1 6 1
27.656 3 6 1
27.986 4 6 1
28.316 1 6 1
28.645 1 6 1
28.975 4 6 1
29.140 1 6 1
29.305 3 6 1
29.470 2 6 1
29.634 4 6 1
29.964 1 6 1
30.294 1 6 1
30.623 3 6 1
30.953 1 6 1
31.283 1 6 1
31.612 4 6 1
31.942 1 6 1
32.272 4 6 1
32.601 2 6 1
32.931 1 6 1
33.261 4 6 1
33.591 1 6 1
33.591 2 6 1
33.920 2 6 1
34.250 3 6 1
34.415 3 6 1
34.580 2 6 1
34.744 3 6 1
34.909 1 6 1
34.909 4 6 1
35.239 4 6 1
35.569 4 6 1
35.898 4 6 1
36.228 1 6 1
36.228 2 6 1
36.558 3 6 1
36.887 1 6 1
37.052 2 6 1
37.217 3 6 1
37.382 1 6 1
37.547 4 6 1
37.711 1 6 1
37.876 4 6 1
38.206 1 6 1
38.206 2 6 1
38.536 4 6 1
38.865 4 6 1
38.865 1 6 1
39.195 3 6 1
39.525 4 6 1
39.689 2 6 1
39.854 4 6 1
40.019 1 6 1
40.184 4 6 1
40.349 1 6 1
40.514 4 6 1
40.843 1 6 1
41.173 2 6 1
41.503 4 6 1
41.503 1 6 1
41.832 4 6 1
42.162 3 6 1
42.327 2 6 1
42.492 3 6 1
42.657 4 6 1
42.821 1 6 39.6
42.821 2 6 39.6
43.481 3 6 1
43.481 2 6 1
43.810 4 6 1
44.030 1 6 1
44.140 3 6 1
44.140 2 6 39.6
44.470 1 6 1
44.799 1 6 1
44.799 3 6 1
45.019 4 6 1
45.129 2 6 1
45.349 4 6 1
45.459 1 6 1
45.459 3 6 1
45.788 1 6 1
45.788 2 6 1
46.118 2 6 1
46.118 3 6 1
46.448 1 6 1
46.777 3 6 1
46.777 4 6 39.6
47.107 1 6 1
47.437 2 6 1
47.437 4 6 1
47.657 1 6 1
47.657 3 6 1
47.766 2 6 1
47.766 4 6 1
47.986 1 6 1
47.986 3 6 1
48.096 4 6 1
48.096 2 6 1
48.426 1 6 1
48.426 3 6 1
48.755 4 6 1
49.085 3 6 1
49.305 1 6 1
49.415 1 6 39.48
49.415 3 6 1
49.744 2 6 1
50.074 1 6 1
50.074 3 6 1
50.294 2 6 1
50.294 4 6 1
50.404 1 6 1
50.624 2 6 1
50.624 4 6 1
50.734 1 6 1
50.734 3 6 1
51.063 2 6 1
51.063 4 6 1
51.393 1 6 1
51.393 3 6 1
51.723 3 6 1
52.052 1 6 1
52.052 2 6 1
52.382 1 6 1
52.712 2 6 1
52.712 4 6 1
53.041 1 6 1
53.041 3 6 79.2
53.371 2 6 1
53.371 4 6 1
53.701 1 6 1
53.701 2 6 1
54.030 1 6 1
54.360 4 6 39.6
54.690 2 6 1
54.690 3 6 1
55.019 3 6 1
55.349 1 6 1
55.349 4 6 1
55.569 4 6 1
55.679 3 6 1
55.898 1 6 1
55.898 2 6 1
56.008 4 6 1
56.338 3 6 1
56.338 2 6 1
56.668 2 6 1
56.997 4 6 1
56.997 2 6 1
57.327 1 6 39.6
57.327 2 6 1
57.657 4 6 1
57.986 1 6 1
57.986 2 6 1
58.206 4 6 1
58.316 3 6 1
58.536 1 6 1
58.536 2 6 1
58.646 4 6 1
58.975 3 6 1
58.975 4 6 1
59.305 1 6 1
59.635 4 6 1
59.964 1 6 39.6
59.964 3 6 1
60.294 4 6 1
60.624 1 6 1
60.624 4 6 1
60.843 1 6 1
60.843 2 6 1
60.953 4 6 1
61.173 3 6 1
61.283 1 6 1
61.283 2 6 1
61.613 4 6 1
61.942 1 6 1
62.272 1 6 1
62.602 2 6 1
62.602 4 6 1
62.931 1 6 1
63.261 3 6 1
63.261 2 6 1
63.591 1 6 39.48
63.920 3 6 1
63.920 4 6 1
64.250 3 6 1
64.250 4 6 1
64.580 2 6 1
64.909 1 6 1
65.239 1 6 1
65.239 4 6 1
65.569 2 6 1
65.734 4 6 1
65.898 1 6 1
66.063 3 6 1
66.228 3 6 1
66.558 2 6 1
66.558 4 6 1
66.887 1 6 1
67.052 4 6 1
67.217 2 6 1
67.217 4 6 1
67.382 1 6 1
67.547 2 6 1
67.876 1 6 1
67.876 3 6 1
68.206 3 6 1
68.371 1 6 1
68.536 2 6 1
68.536 4 6 1
68.866 3 6 1
69.195 2 6 1
69.195 4 6 1
69.525 2 6 1
69.855 3 6 1
69.855 4 6 1
70.184 2 6 1
70.514 1 6 1
70.514 4 6 1
71.008 3 6 1
71.173 1 6 1
71.173 2 6 1
71.338 4 6 1
71.503 1 6 1
71.833 2 6 1
71.833 4 6 1
72.162 2 6 1
72.327 3 6 1
72.492 1 6 1
72.492 4 6 1
72.657 3 6 1
72.822 1 6 1
73.151 3 6 1
73.151 4 6 1
73.481 2 6 1
73.646 4 6 1
73.811 1 6 1
73.811 3 6 1
74.140 2 6 1
74.470 4 6 1
74.470 1 6 1
74.800 2 6 1
74.964 1 6 1
75.129 2 6 1
75.129 3 6 1
75.459 4 6 1
75.789 1 6 1
75.789 4 6 1
76.118 3 6 1
76.283 1 6 1
76.448 3 6 1
76.448 4 6 1
76.613 2 6 1
76.778 2 6 1
76.778 4 6 1
77.107 1 6 1
77.107 4 6 39.6
77.437 3 6 1
77.602 1 6 1
77.767 3 6 1
77.767 4 6 1
78.096 1 6 1
78.426 3 6 1
78.426 4 6 1
78.756 1 6 1
78.921 4 6 19.68
79.085 2 6 1
79.085 3 6 1
79.415 1 6 1
79.745 2 6 1
79.745 4 6 1
80.074 4 6 1
80.404 1 6 1
80.404 3 6 1
80.734 1 6 1
81.063 1 6 1
81.063 4 6 39.6
81.558 3 6 1
81.723 1 6 1
81.723 2 6 1
81.888 4 6 1
82.052 3 6 1
82.382 1 6 1
82.382 2 6 1
82.382 4 6 1
82.712 3 6 1
82.877 2 6 1
83.041 3 6 1
83.041 4 6 1
83.371 4 6 1
83.371 2 6 1
83.701 1 6 1
83.701 3 6 1
84.030 3 6 1
84.195 1 6 1
84.360 2 6 1
84.360 4 6 1
84.690 2 6 1
84.690 3 6 1
85.019 1 6 1
85.019 2 6 1
85.349 4 6 1
85.514 2 6 1
86.008 1 6 1
86.338 1 6 39.6
86.338 4 6 1
86.668 2 6 39.6
86.998 3 6 1
86.998 4 6 1
87.162 1 6 1
87.327 3 6 1
87.327 4 6 1
87.657 1 6 39.6
87.657 2 6 1
87.987 2 6 1
88.151 4 6 1
88.316 2 6 1
88.316 3 6 1
88.646 2 6 1
88.646 4 6 1
88.976 1 6 1
88.976 3 6 1
88.976 4 6 39.48
89.305 2 6 1
89.470 1 6 1
89.635 1 6 1
89.635 4 6 1
89.965 2 6 1
89.965 3 6 1
90.294 1 6 39.6
90.294 4 6 1
90.624 2 6 1
90.624 3 6 1
90.789 4 6 1
90.954 1 6 1
90.954 2 6 1
91.283 1 6 1
91.283 4 6 1
91.613 2 6 1
91.613 3 6 39.6
91.943 1 6 1
91.943 4 6 1
92.272 1 6 1
92.272 3 6 1
92.437 4 6 1
92.602 1 6 1
92.767 4 6 1
92.932 2 6 39.48
92.932 3 6 1
93.261 4 6 1
93.426 1 6 1
93.591 3 6 1
93.591 4 6 39.6
93.921 1 6 1
94.250 1 6 39.6
94.250 2 6 1
94.580 3 6 1
94.745 4 6 1
94.910 1 6 1
94.910 2 6 39.48
95.239 3 6 1
95.569 1 6 39.6
95.569 4 6 1
96.064 2 6 1
96.228 3 6 1
96.228 4 6 1
96.558 2 6 1
96.888 1 6 1
96.888 4 6 39.48
97.217 2 6 1
97.382 1 6 1
97.547 3 6 1
97.547 4 6 1
97.712 2 6 1
97.877 3 6 1
97.877 4 6 1
98.042 1 6 1
98.206 3 6 1
98.206 4 6 1
98.371 1 6 1
98.536 2 6 1
98.701 4 6 1
98.866 1 6 1
98.866 2 6 19.8
99.195 1 6 1
99.195 4 6 1
99.525 3 6 1
99.525 4 6 39.6
99.855 3 6 19.8
100.020 1 6 1
100.020 4 6 1
100.184 2 6 1
100.349 4 6 1
100.514 1 6 1
100.514 4 6 1
100.679 3 6 1
100.844 4 6 1
100.844 1 6 39.48
101.009 2 6 1
101.173 3 6 1
101.338 4 6 1
101.503 1 6 1
101.503 2 6 1
101.833 3 6 1
101.833 4 6 1
102.162 1 6 19.8
102.162 2 6 19.8
102.327 3 6 19.8
102.492 4 6 1
102.657 1 6 1
102.822 3 6 1
102.822 2 6 1
102.987 4 6 1
103.151 1 6 1
103.151 2 6 1
103.316 3 6 1
103.481 1 6 39.6
103.481 4 6 1
103.646 2 6 1
103.811 4 6 1
103.976 1 6 1
104.141 2 6 1
104.141 4 6 39.48
104.470 1 6 1
104.635 2 6 1
104.800 1 6 39.6
104.800 4 6 1
105.130 3 6 1
105.294 2 6 1
105.459 4 6 1
105.459 1 6 1
105.789 1 6 1
105.954 2 6 1
106.119 1 6 1
106.119 3 6 1
106.119 4 6 39.48
106.448 2 6 1
106.778 1 6 1
106.778 4 6 1
107.108 2 6 1
107.108 3 6 1
107.437 1 6 39.6
107.437 3 6 1
107.767 4 6 1
108.097 2 6 1
108.097 4 6 1
108.316 2 6 1
108.316 4 6 1
108.426 1 6 1
108.426 3 6 1
108.646 4 6 1
108.756 1 6 1
108.756 2 6 1
109.086 3 6 1
109.086 4 6 1
109.415 1 6 1
109.415 3 6 1
109.745 3 6 1
110.075 1 6 39.48
110.075 3 6 1
110.404 2 6 1
110.734 2 6 1
110.734 4 6 1
110.954 1 6 1
110.954 3 6 1
111.064 2 6 1
111.064 4 6 1
111.283 1 6 1
111.283 2 6 1
111.723 1 6 1
111.723 3 6 1
112.053 4 6 1
112.382 1 6 1
112.602 4 6 1
112.712 1 6 39.6
112.712 2 6 1
113.042 2 6 1
113.371 1 6 1
113.371 4 6 1
113.591 2 6 1
113.701 4 6 1
113.701 3 6 1
113.921 1 6 1
114.031 2 6 1
114.031 4 6 1
114.360 2 6 1
114.360 3 6 1
114.690 2 6 1
115.020 3 6 1
115.349 1 6 1
115.349 4 6 1
115.679 2 6 1
115.679 3 6 1
116.009 1 6 1
116.009 4 6 79.08
116.338 1 6 1
116.668 2 6 1
116.668 3 6 1
116.998 1 6 1
116.998 4 6 1
117.327 1 6 1
117.657 2 6 1
117.657 3 6 39.6
117.987 1 6 1
118.316 1 6 1
118.646 2 6 1
118.646 3 6 1
118.756 3 6 1
118.866 4 6 1
118.976 2 6 1
119.196 2 6 1
119.305 3 6 1
119.635 3 6 1
119.635 4 6 1
119.965 1 6 1
120.294 1 6 1
120.624 2 6 39.6
120.624 4 6 1
120.954 3 6 1
121.283 2 6 1
121.283 1 6 1
121.503 3 6 1
121.613 2 6 1
121.833 1 6 1
121.943 4 6 1
122.273 2 6 1
122.273 4 6 1
122.602 3 6 1
122.932 2 6 1
123.152 4 6 1
123.262 1 6 39.48
123.262 2 6 1
123.591 4 6 1
123.921 2 6 1
123.921 3 6 1
124.141 2 6 1
124.141 4 6 1
124.251 1 6 1
124.251 3 6 1
124.470 4 6 1
124.580 2 6 1
124.580 3 6 1
124.910 2 6 1
125.240 2 6 1
125.240 4 6 1
125.569 1 6 1
125.899 2 6 1
125.899 3 6 1
126.229 1 6 1
126.558 1 6 79.2
126.558 3 6 1
127.218 4 6 1
127.218 2 6 1
127.547 1 6 1
127.547 3 6 1
127.877 2 6 1
128.207 1 6 1
128.536 2 6 1
128.536 4 6 1
128.866 3 6 1
129.196 1 6 1
129.196 2 6 1
129.525 4 6 1
129.855 1 6 39.6
129.855 2 6 1
130.185 4 6 1
130.514 1 6 1
130.514 2 6 27.24
130.844 3 6 1
131.174 1 6 1
131.174 2 6 1
131.503 3 6 1
131.833 1 6 1
131.833 2 6 1
132.163 3 6 1
132.492 2 6 1
132.492 4 6 1
132.822 2 6 1
133.152 4 6 1
133.152 3 6 1
133.481 2 6 1
133.811 1 6 1
133.811 3 6 1
134.141 2 6 1
134.470 4 6 1
134.800 1 6 1
135.130 4 6 1
135.130 1 6 39.48
135.459 3 6 39.6
135.789 1 6 1
135.789 2 6 1
136.119 4 6 1
136.448 1 6 1
136.448 3 6 1
136.778 2 6 1
137.108 1 6 1
137.108 4 6 1
137.437 3 6 1
137.767 2 6 1
137.767 4 6 1
138.097 3 6 1
138.426 1 6 1
138.426 2 6 1
138.756 3 6 1
139.086 1 6 1
139.086 4 6 1
139.416 2 6 1
139.745 3 6 1
139.745 4 6 1
140.075 4 6 1
140.405 1 6 39.48
140.405 3 6 1
140.734 4 6 1
141.064 1 6 1
141.064 2 6 1
141.394 3 6 1
141.723 1 6 1
141.723 4 6 1
142.053 2 6 1
142.383 3 6 1
142.383 4 6 1
142.712 2 6 1
143.042 4 6 39.6
143.372 2 6 1
143.701 3 6 1
143.701 4 6 1
144.031 2 6 1
144.361 3 6 1
144.361 4 6 1
144.690 1 6 1
145.020 2 6 1
145.020 4 6 1
145.350 3 6 1
145.679 1 6 1
145.679 4 6 1
146.009 3 6 1
146.339 1 6 1
146.339 2 6 1
146.668 4 6 1
146.998 3 6 1
147.657 2 6 1
148.317 3 6 1
150.295 3 6 1
150.460 1 6 1
150.624 4 6 1
150.789 3 6 1
150.954 1 6 1
151.284 3 6 1
151.613 4 6 1
151.943 2 6 1
152.273 4 6 1
152.602 2 6 1
152.932 4 6 1
153.097 1 6 1
153.262 4 6 1
153.427 1 6 1
153.591 3 6 1
153.591 2 6 1
153.921 3 6 1
154.251 3 6 1
154.251 1 6 1
154.580 2 6 1
154.910 2 6 1
154.910 4 6 1
155.569 4 6 1
155.734 2 6 1
155.899 4 6 1
156.064 3 6 1
156.229 1 6 1
156.558 4 6 1
156.888 1 6 1
157.218 4 6 1
157.548 3 6 1
157.877 4 6 1
158.207 1 6 1
158.537 4 6 1
158.866 2 6 1
159.526 3 6 79.08
160.185 1 6 1
160.185 4 6 1
160.515 4 6 1
160.844 2 6 1
161.009 1 6 1
161.174 4 6 1
161.339 3 6 1
161.504 4 6 1
161.504 2 6 1
161.833 1 6 1
162.163 3 6 1
162.493 3 6 1
162.822 1 6 1
162.822 2 6 1
163.152 3 6 1
163.482 2 6 1
163.646 2 6 1
163.811 1 6 1
163.976 4 6 1
164.141 3 6 1
164.306 1 6 1
164.471 4 6 1
164.800 4 6 1
165.130 4 6 1
165.460 2 6 1
165.460 4 6 1
165.789 1 6 1
166.119 2 6 1
166.284 3 6 1
166.449 2 6 1
166.614 4 6 1
166.778 1 6 1
166.778 2 6 1
166.943 3 6 1
167.108 2 6 1
167.438 2 6 1
167.767 4 6 1
168.097 1 6 1
168.097 3 6 1
168.427 3 6 1
168.756 1 6 1
168.921 4 6 1
169.086 2 6 1
169.251 4 6 1
169.416 1 6 1
169.416 3 6 1
169.581 4 6 1
169.745 1 6 1
169.910 1 6 1
170.405 4 6 1
170.734 1 6 1
170.734 2 6 1
171.064 3 6 1
171.394 1 6 1
171.394 3 6 1
171.614 3 6 1
171.723 4 6 1
171.723 1 6 1
171.943 1 6 1
171.943 3 6 1
172.053 4 6 1
172.053 2 6 1
172.383 2 6 1
172.383 4 6 1
172.712 1 6 1
172.712 3 6 1
173.042 4 6 1
173.262 1 6 1
173.372 2 6 39.48
173.372 4 6 1
173.701 4 6 1
174.031 1 6 1
174.031 2 6 1
174.251 3 6 1
174.251 4 6 1
174.361 1 6 1
174.581 2 6 1
174.690 4 6 1
175.020 3 6 1
175.020 4 6 1
175.350 1 6 1
175.680 3 6 1
176.009 1 6 39.6
176.009 4 6 1
176.339 2 6 1
176.669 2 6 1
176.669 3 6 1
176.875 4 6 1
176.998 3 6 1
176.998 1 6 1
177.108 2 6 1
177.328 3 6 1
177.328 4 6 1
177.658 2 6 1
177.658 3 6 1
177.987 1 6 1
177.987 2 6 1
178.317 2 6 1
178.647 3 6 1
178.647 4 6 1
178.976 2 6 1
179.306 1 6 1
179.306 4 6 1
179.636 2 6 1
179.636 3 6 118.68
179.965 1 6 1
179.965 4 6 1
180.295 4 6 1
180.295 1 6 1
180.954 1 6 1
180.954 4 6 39.6
181.284 3 6 1
181.284 2 6 1
181.614 3 6 1
181.943 2 6 1
181.943 4 6 1
182.163 3 6 1
182.273 2 6 1
182.493 1 6 1
182.603 2 6 1
182.932 3 6 1
183.262 2 6 1
183.592 1 6 1
183.811 3 6 1
183.921 4 6 39.6
184.251 2 6 1
184.581 1 6 1
184.800 3 6 1
184.910 2 6 1
185.130 3 6 1
185.240 4 6 1
185.570 3 6 1
185.570 1 6 1
185.899 1 6 1
186.229 1 6 1
186.449 2 6 1
186.559 4 6 39.48
186.559 2 6 1
186.888 3 6 1
187.218 1 6 1
187.218 2 6 1
187.438 4 6 1
187.548 2 6 1
187.768 3 6 1
187.877 1 6 1
187.877 2 6 1
188.207 4 6 1
188.537 1 6 1
188.537 3 6 1
188.866 1 6 1
189.196 2 6 1
189.196 3 6 1
189.526 4 6 1
189.855 1 6 1
189.855 3 6 1
190.185 4 6 79.08
190.515 1 6 1
190.844 2 6 1
190.844 3 6 1
