0.001 1 6 220.68
0.469 3 6 1
0.469 4 6 1
0.907 2 6 1
1.328 3 6 1
1.757 4 6 1
2.178 1 6 205.08
2.178 3 6 1
2.612 4 6 1
3.045 3 6 1
3.466 4 6 1
3.887 3 6 1
3.887 4 6 153
4.307 1 6 1
4.728 2 6 1
5.162 1 6 50.4
5.582 2 6 1
5.582 4 6 102.6
6.016 3 6 1
6.437 1 6 100.92
6.437 3 6 1
6.844 4 6 1
7.278 2 6 1
7.278 3 6 100.92
7.698 4 6 1
8.119 1 6 102
8.548 2 6 1
8.969 3 6 1
9.39 4 6 1
9.81 3 6 101.04
10.231 2 6 1
10.652 2 6 1
10.652 4 6 102.96
11.072 2 6 1
11.51 1 6 50.52
11.931 2 6 1
12.352 3 6 1
12.352 4 6 151.32
12.772 1 6 1
13.193 3 6 1
13.613 1 6 1
13.613 2 6 1
14.052 1 6 411.12
17.478 3 6 1
17.478 4 6 1
17.899 4 6 1
18.319 4 6 1
18.319 2 6 50.52
18.74 3 6 50.4
18.74 1 6 1
19.16 1 6 1
19.16 2 6 101.04
19.581 4 6 1
20.002 3 6 1
20.002 4 6 100.92
20.422 2 6 1
20.843 1 6 100.92
20.843 3 6 1
21.264 4 6 1
21.684 2 6 1
21.684 3 6 50.52
22.105 4 6 1
22.315 2 6 1
22.525 1 6 1
22.525 3 6 152.52
22.946 4 6 1
23.375 1 6 1
23.375 2 6 1
23.796 4 6 50.52
24.006 1 6 1
24.217 2 6 1
24.217 3 6 1
24.655 1 6 1
24.655 3 6 1
25.075 2 6 18.96
25.075 4 6 1
25.496 2 6 50.52
25.917 4 6 1
25.917 1 6 102.96
26.337 3 6 1
26.775 2 6 1
26.775 4 6 50.52
27.196 1 6 50.52
27.617 3 6 1
27.617 4 6 71.52
28.037 3 6 50.52
28.458 2 6 1
28.458 4 6 50.52
28.879 1 6 1
29.089 3 6 1
29.299 4 6 126.24
29.299 2 6 1
29.72 3 6 1
30.149 3 6 1
30.149 1 6 1
30.57 2 6 1
30.78 1 6 1
30.99 3 6 1
30.99 4 6 1
31.424 4 6 1
31.858 1 6 1
31.858 3 6 1
32.279 1 6 1
32.489 4 6 1
32.699 1 6 1
33.12 1 6 1
33.554 1 6 1
33.554 3 6 1
33.987 4 6 1
34.198 4 6 1
34.408 2 6 1
34.837 3 6 1
35.258 1 6 1
35.258 4 6 1
35.679 3 6 1
35.889 1 6 1
36.099 3 6 1
36.31 1 6 77.76
36.31 2 6 1
36.537 3 6 1
36.537 4 6 1
36.958 2 6 1
36.958 4 6 73.56
36.958 3 6 1
37.379 1 6 1
37.379 2 6 1
37.571 1 6 25.32
37.571 3 6 1
37.782 3 6 1
37.782 2 6 1
38.22 1 6 1
38.22 3 6 98.88
38.623 4 6 1
38.623 1 6 1
39.044 2 6 1
39.044 4 6 1
39.254 3 6 1
39.464 4 6 1
39.675 1 6 1
39.675 3 6 1
39.885 1 6 1
39.885 2 6 1
40.297 2 6 1
40.297 3 6 1
40.481 1 6 1
40.481 2 6 1
40.691 3 6 1
40.691 4 6 1
40.901 1 6 1
40.901 2 6 1
41.112 4 6 50.4
41.112 3 6 1
41.532 1 6 1
41.532 2 6 1
41.953 1 6 1
41.953 3 6 50.52
42.36 2 6 52.08
42.374 4 6 1
42.794 1 6 100.92
42.794 3 6 1
43.215 3 6 1
43.635 2 6 1
43.635 4 6 50.52
44.056 2 6 1
44.266 3 6 1
44.477 1 6 1
44.477 2 6 100.92
44.897 3 6 1
45.318 3 6 25.2
45.318 4 6 1
45.528 1 6 1
45.739 2 6 1
45.949 4 6 1
46.159 1 6 1
46.159 3 6 100.92
46.58 1 6 1
47 2 6 1
47 4 6 1
47.211 1 6 1
47.434 1 6 1
47.644 3 6 1
47.644 4 6 1
47.855 1 6 1
47.855 2 6 1
48.275 2 6 52.08
48.275 4 6 1
48.709 1 6 50.52
48.709 4 6 1
49.13 3 6 50.4
49.34 2 6 1
49.55 1 6 1
49.55 4 6 101.04
49.971 2 6 1
50.392 1 6 51.48
50.392 3 6 1
50.821 4 6 1
51.031 4 6 1
51.242 1 6 102.96
51.242 3 6 1
51.662 3 6 1
52.1 2 6 1
52.1 4 6 1
52.311 2 6 1
52.521 3 6 1
52.731 4 6 1
52.942 1 6 100.92
52.942 2 6 1
53.362 3 6 1
53.467 3 6 1
53.783 2 6 1
53.783 4 6 1
54.204 2 6 1
54.414 4 6 1
54.642 1 6 1
54.642 2 6 1
55.062 1 6 1
55.483 1 6 1
55.483 2 6 1
55.904 4 6 1
56.114 4 6 1
56.324 1 6 1
56.754 1 6 1
57.174 2 6 1
57.174 4 6 1
57.608 1 6 1
57.831 1 6 1
58.042 4 6 1
58.462 2 6 1
58.883 4 6 1
58.883 2 6 1
59.304 3 6 1
59.501 1 6 1
59.711 3 6 1
59.711 4 6 1
59.908 3 6 1
60.132 1 6 1
60.132 2 6 1
60.329 3 6 1
60.53 4 6 1
60.539 1 6 1
60.855 3 6 1
61.161 3 6 1
61.354 1 6 1
61.354 2 6 1
61.582 4 6 1
61.775 1 6 1
61.775 2 6 1
62.003 4 6 1
62.195 2 6 1
62.406 3 6 1
62.406 4 6 1
62.616 1 6 1
62.826 3 6 1
63.037 1 6 1
63.037 2 6 1
63.247 4 6 1
63.457 1 6 1
63.668 2 6 1
63.878 3 6 1
63.878 4 6 1
64.071 1 6 1
64.281 2 6 1
64.281 3 6 1
64.491 3 6 1
64.491 4 6 1
64.702 2 6 1
64.702 4 6 1
65.122 1 6 1
65.122 2 6 1
65.521 3 6 50.52
65.521 4 6 1
65.942 2 6 48.84
66.152 4 6 1
66.349 1 6 102.48
66.349 3 6 1
66.77 3 6 1
67.203 2 6 1
67.203 4 6 101.04
67.624 2 6 1
68.045 1 6 1
68.045 3 6 102.48
68.478 1 6 1
68.886 1 6 1
68.899 2 6 48.96
69.307 4 6 1
69.517 1 6 1
69.727 2 6 1
69.727 3 6 175.08
70.148 1 6 1
70.568 2 6 1
70.568 4 6 1
70.766 1 6 1
70.976 1 6 1
71.186 4 6 1
71.396 2 6 1
71.396 1 6 1
71.817 1 6 1
72.238 2 6 1
72.238 3 6 50.4
72.658 2 6 50.52
72.658 4 6 1
73.079 1 6 99.36
73.079 3 6 1
73.079 4 6 1
73.486 3 6 1
73.907 2 6 102.48
73.907 4 6 1
74.328 3 6 1
74.761 1 6 1
74.761 4 6 101.04
75.182 2 6 1
75.603 2 6 50.4
75.603 3 6 1
76.023 1 6 1
76.221 4 6 1
76.431 1 6 151.44
76.431 3 6 1
76.851 4 6 1
77.272 2 6 1
77.272 3 6 1
77.482 4 6 1
77.693 2 6 1
77.903 1 6 1
78.113 3 6 102.6
78.113 4 6 1
78.547 1 6 1
78.968 1 6 50.4
78.968 2 6 1
79.388 4 6 1
79.599 1 6 1
79.809 2 6 100.92
79.809 4 6 1
80.23 3 6 1
80.65 1 6 50.52
80.65 3 6 1
81.071 2 6 1
81.281 3 6 1
81.491 4 6 126.24
81.491 2 6 1
81.912 1 6 1
82.333 1 6 1
82.333 3 6 1
82.543 2 6 25.2
82.753 3 6 1
82.964 3 6 1
83.174 1 6 1
83.174 2 6 1
83.174 4 6 50.52
83.595 1 6 1
83.595 3 6 50.4
84.015 1 6 75.72
84.015 2 6 1
84.015 4 6 1
84.436 3 6 1
84.646 4 6 1
84.856 1 6 50.52
84.856 2 6 1
85.277 2 6 1
85.277 4 6 50.52
85.698 3 6 1
85.698 1 6 50.4
86.118 3 6 1
86.329 1 6 1
86.539 4 6 1
86.539 3 6 100.92
86.96 1 6 1
87.38 2 6 50.52
87.38 4 6 1
87.801 1 6 1
88.011 4 6 1
88.221 3 6 1
88.221 1 6 101.04
88.642 3 6 1
88.642 4 6 1
89.063 2 6 1
89.063 3 6 50.4
89.483 1 6 1
89.694 2 6 1
89.904 3 6 1
89.904 4 6 102.48
90.325 2 6 1
90.758 1 6 1
90.758 3 6 48.96
90.969 2 6 1
91.166 1 6 1
91.166 4 6 1
91.6 3 6 50.4
91.6 4 6 1
92.02 2 6 1
92.454 1 6 1
92.454 4 6 1
