2.235 4 6 1
3.351 2 6 133.92
4.467 1 6 133.92
5.583 3 6 67.08
6.142 4 6 66.96
6.421 2 6 1
6.7 2 6 1
7.537 3 6 1
7.816 4 6 1
8.374 4 6 1
8.932 4 6 1
9.211 3 6 1
9.49 2 6 1
9.63 3 6 1
9.909 3 6 1
10.048 1 6 1
10.188 3 6 1
10.327 1 6 1
10.467 2 6 1
10.746 2 6 1
11.025 1 6 33.48
11.025 4 6 1
11.304 2 6 1
11.444 3 6 1
11.583 1 6 1
11.723 2 6 1
11.862 4 6 1
12.002 2 6 1
12.141 1 6 1
12.141 3 6 33.48
12.42 2 6 1
12.56 3 6 1
12.7 4 6 1
12.839 3 6 1
12.979 1 6 1
13.118 4 6 1
13.258 2 6 33.48
13.537 1 6 1
13.676 2 6 1
13.816 4 6 1
13.955 3 6 1
14.095 2 6 1
14.234 4 6 1
14.374 1 6 33.48
14.374 2 6 1
14.653 4 6 1
14.792 3 6 1
14.932 1 6 1
15.072 4 6 1
15.211 2 6 1
15.351 4 6 1
15.49 1 6 1
15.769 2 6 1
15.909 1 6 1
16.048 3 6 1
16.188 4 6 1
16.327 2 6 1
16.467 3 6 1
16.606 4 6 33.48
16.885 2 6 1
17.025 1 6 1
17.165 3 6 1
17.304 2 6 1
17.444 3 6 1
17.583 2 6 1
17.723 4 6 1
18.002 1 6 1
18.141 3 6 1
18.281 2 6 1
18.42 3 6 1
18.56 4 6 1
18.699 2 6 1
18.839 1 6 33.48
19.118 4 6 1
19.257 3 6 1
19.397 2 6 1
19.537 1 6 1
19.676 3 6 1
19.816 1 6 1
19.885 4 6 1
19.955 3 6 8.4
20.095 1 6 1
20.095 2 6 1
20.513 1 6 1
21.211 1 6 1
21.49 1 6 1
21.63 3 6 1
21.909 2 6 1
22.048 4 6 1
22.188 2 6 1
22.327 1 6 1
22.327 4 6 1
22.606 3 6 1
22.746 4 6 1
23.025 1 6 1
23.164 3 6 1
23.304 2 6 1
23.443 1 6 1
23.722 3 6 1
23.862 2 6 1
24.002 1 6 1
24.281 3 6 1
24.42 2 6 1
24.56 1 6 1
24.978 4 6 1
25.257 2 6 1
25.397 3 6 1
25.536 2 6 1
25.676 3 6 1
25.815 1 6 1
25.955 2 6 1
26.234 3 6 1
26.374 4 6 1
26.513 2 6 1
26.653 3 6 1
26.792 4 6 1
27.071 4 6 1
27.211 2 6 1
27.35 3 6 1
27.49 2 6 1
27.629 3 6 1
27.769 2 6 1
27.908 1 6 1
28.048 2 6 1
28.327 4 6 1
28.606 1 6 1
28.746 3 6 1
29.025 2 6 1
29.025 3 6 1
29.304 3 6 1
29.583 1 6 1
29.722 1 6 1
30.001 3 6 1
30.141 1 6 1
30.28 4 6 1
30.42 1 6 1
30.56 3 6 1
30.699 1 6 1
30.839 1 6 1
30.978 3 6 1
31.118 2 6 1
31.257 3 6 1
31.397 2 6 1
31.676 1 6 1
31.815 3 6 1
31.955 2 6 1
32.094 3 6 1
32.234 1 6 1
32.373 4 6 1
32.513 1 6 1
32.653 3 6 1
32.792 2 6 1
32.932 3 6 1
33.071 2 6 1
33.211 1 6 1
33.35 4 6 1
33.49 2 6 1
33.769 4 6 1
34.048 1 6 1
34.187 2 6 1
34.327 1 6 1
34.466 2 6 1
34.606 4 6 1
34.745 2 6 1
34.885 4 6 1
35.025 2 6 1
35.164 1 6 1
35.304 3 6 1
35.443 4 6 1
35.583 3 6 1
35.722 2 6 1
36.001 2 6 1
36.28 4 6 1
36.559 3 6 1
36.699 1 6 1
36.838 2 6 1
37.118 3 6 1
37.257 4 6 1
37.536 1 6 1
37.676 2 6 1
37.815 2 6 1
37.955 1 6 1
38.373 2 6 1
38.513 2 6 1
38.792 2 6 1
39.071 4 6 1
39.35 4 6 1
39.629 4 6 1
39.908 3 6 1
40.187 3 6 1
40.466 3 6 1
40.606 2 6 1
40.885 3 6 1
41.024 2 6 1
41.164 2 6 1
41.443 4 6 1
41.583 2 6 1
41.722 1 6 1
42.001 3 6 1
42.42 1 6 1
42.699 2 6 1
42.838 2 6 1
42.978 3 6 1
43.257 3 6 1
43.396 2 6 1
43.676 4 6 1
43.815 3 6 1
43.955 3 6 1
44.094 2 6 1
44.234 1 6 1
44.373 2 6 1
44.652 4 6 234.48
45.768 2 6 1
46.048 3 6 1
46.466 2 6 1
46.606 3 6 1
46.885 1 6 1
47.303 3 6 1
47.443 2 6 1
47.722 3 6 1
47.861 4 6 1
48.001 2 6 1
48.28 1 6 1
48.559 2 6 1
48.699 4 6 1
49.117 4 6 1
49.396 2 6 1
49.675 2 6 1
49.954 3 6 1
50.233 4 6 1
50.513 1 6 1
50.652 2 6 1
50.792 3 6 1
51.071 3 6 1
51.35 1 6 1
51.629 3 6 1
51.768 2 6 1
51.908 4 6 1
52.326 3 6 1
52.466 1 6 1
52.606 2 6 1
52.745 1 6 1
52.885 4 6 1
53.024 3 6 1
53.164 2 6 1
53.303 4 6 1
53.582 1 6 1
53.722 3 6 1
53.861 1 6 1
54.14 1 6 1
54.14 2 6 1
54.838 3 6 1
54.838 4 6 1
54.978 3 6 1
54.978 4 6 1
55.257 1 6 1
55.257 4 6 1
55.536 2 6 1
55.675 1 6 1
55.815 4 6 1
55.954 3 6 1
56.094 2 6 100.44
57.21 2 6 1
57.489 3 6 1
57.768 3 6 1
58.047 1 6 1
58.326 4 6 1
58.605 4 6 1
58.745 3 6 1
58.884 1 6 1
59.164 1 6 1
59.443 4 6 1
59.582 2 6 1
59.722 3 6 1
59.861 2 6 1
60.001 3 6 1
60.14 1 6 1
60.28 2 6 1
60.419 1 6 1
60.838 4 6 1
60.977 2 6 1
61.117 4 6 1
61.256 2 6 1
61.396 4 6 1
61.536 3 6 1
61.675 1 6 1
61.815 3 6 1
62.094 4 6 1
62.373 3 6 1
62.652 2 6 1
62.791 2 6 1
62.931 1 6 1
63.07 2 6 1
63.21 4 6 1
63.349 3 6 1
63.489 2 6 1
63.629 1 6 1
65.442 3 6 1
65.442 4 6 1
65.722 1 6 1
65.722 4 6 33.48
66.001 2 6 1
66.14 3 6 1
66.28 4 6 1
66.419 2 6 1
66.559 2 6 1
66.698 3 6 1
66.838 1 6 1
67.117 4 6 1
67.256 3 6 1
67.535 4 6 1
67.675 2 6 1
67.814 3 6 1
67.954 1 6 1
68.233 4 6 1
68.373 2 6 1
68.652 1 6 1
68.791 2 6 1
68.931 3 6 1
69.07 2 6 1
69.349 4 6 1
69.628 3 6 1
69.907 3 6 1
70.187 2 6 1
70.466 2 6 1
70.605 3 6 1
70.884 4 6 1
71.024 3 6 1
71.163 1 6 1
71.303 2 6 1
71.303 4 6 1
71.582 2 6 1
71.721 1 6 1
72 2 6 1
72.14 4 6 1
72.279 2 6 1
72.419 3 6 1
72.559 1 6 1
72.698 1 6 1
72.838 2 6 1
72.977 3 6 1
73.117 2 6 1
73.256 1 6 1
73.396 4 6 1
73.535 3 6 1
73.535 4 6 1
73.954 1 6 1
73.954 2 6 1
74.233 4 6 1
74.372 4 6 1
74.512 1 6 1
74.652 2 6 1
74.791 4 6 1
75.07 4 6 1
75.349 3 6 1
75.489 2 6 1
75.628 4 6 1
75.768 2 6 1
75.907 4 6 1
76.047 3 6 1
76.186 1 6 1
76.326 2 6 1
76.465 3 6 1
76.605 2 6 1
76.744 4 6 1
76.884 2 6 1
76.954 3 6 1
77.024 4 6 1
77.093 2 6 1
77.163 1 6 1
77.303 3 6 1
77.442 1 6 1
77.721 3 6 1
77.861 2 6 1
78 4 6 1
78.279 4 6 1
78.419 1 6 1
78.558 2 6 1
78.698 4 6 1
78.837 3 6 1
78.977 1 6 1
79.117 4 6 1
79.256 4 6 1
79.396 2 6 1
79.535 3 6 1
79.814 3 6 1
79.954 3 6 1
80.093 2 6 1
80.233 1 6 1
80.512 4 6 1
80.651 2 6 1
80.93 1 6 1
81.07 3 6 1
81.21 2 6 1
81.349 1 6 1
81.489 4 6 1
81.768 3 6 1
81.907 2 6 1
82.047 1 6 1
82.186 2 6 1
82.326 4 6 1
82.465 3 6 1
82.605 3 6 1
82.744 1 6 1
82.884 2 6 1
83.023 3 6 1
83.163 4 6 1
83.302 2 6 1
83.442 3 6 1
83.582 1 6 1
84 2 6 1
84.279 2 6 1
84.558 3 6 1
84.698 4 6 1
84.977 4 6 1
85.395 3 6 1
85.675 3 6 1
85.814 3 6 1
86.093 3 6 1
86.233 2 6 1
86.512 2 6 1
86.651 1 6 1
86.791 2 6 1
86.93 1 6 1
87.209 4 6 1
87.488 3 6 1
87.767 4 6 1
88.047 2 6 1
88.326 3 6 1
88.465 1 6 1
88.744 2 6 1
88.884 3 6 1
89.023 4 6 1
89.163 3 6 1
89.442 2 6 1
89.581 4 6 1
89.86 1 6 1
90 2 6 1
90.14 3 6 1
90.279 4 6 1
90.419 1 6 1
90.558 2 6 1
90.698 4 6 1
90.837 2 6 1
90.977 3 6 1
91.116 2 6 1
91.256 3 6 1
91.256 1 6 1
91.395 4 6 1
91.814 4 6 1
92.233 4 6 1
92.372 2 6 1
92.512 3 6 1
92.651 1 6 1
92.93 4 6 1
93.209 2 6 1
93.349 3 6 1
93.488 4 6 1
93.628 1 6 1
93.907 3 6 1
94.046 1 6 1
94.186 2 6 1
94.325 3 6 1
94.465 2 6 1
94.605 3 6 1
94.674 4 6 1
94.744 3 6 1
94.884 2 6 1
95.023 3 6 1
95.302 4 6 1
95.302 2 6 1
95.581 2 6 1
95.86 4 6 1
96.279 3 6 1
96.418 4 6 1
96.698 2 6 1
96.767 3 6 1
96.837 1 6 1
96.93 2 6 1
97.046 3 6 1
97.302 2 6 1
97.488 3 6 1
97.674 2 6 1
97.86 3 6 1
98.046 4 6 1
98.232 1 6 1
98.418 2 6 1
98.604 3 6 1
98.79 4 6 1
98.977 2 6 1
99.163 3 6 1
99.349 2 6 1
99.349 1 6 200.88
101.023 3 6 1
101.163 3 6 1
101.302 2 6 1
101.581 2 6 217.68
103.395 4 6 1
103.674 4 6 200.88
103.674 3 6 1
105.348 2 6 1
105.348 1 6 1
105.628 4 6 1
105.907 1 6 1
105.907 2 6 33.48
106.186 4 6 1
106.325 1 6 1
106.465 3 6 1
106.604 2 6 1
106.744 3 6 1
106.883 2 6 1
107.023 4 6 1
107.023 1 6 33.48
107.302 2 6 1
107.441 4 6 1
107.581 3 6 1
107.721 2 6 1
107.86 3 6 1
108 2 6 1
108.139 3 6 33.48
108.139 4 6 1
108.418 2 6 1
108.558 4 6 1
108.697 3 6 1
108.837 1 6 1
108.976 3 6 1
109.116 4 6 1
109.255 3 6 1
109.255 1 6 33.48
109.534 4 6 1
109.674 3 6 1
109.813 1 6 1
109.953 2 6 1
110.093 4 6 1
110.232 1 6 1
110.372 3 6 33.48
110.651 1 6 1
110.79 4 6 1
110.93 3 6 1
111.069 2 6 1
111.209 1 6 1
111.348 2 6 1
111.488 3 6 1
111.488 4 6 33.48
111.767 1 6 1
111.906 2 6 1
112.046 4 6 1
112.186 3 6 1
112.325 2 6 1
112.465 3 6 1
112.604 1 6 33.48
112.604 4 6 1
112.883 2 6 1
113.023 4 6 1
113.162 2 6 1
113.302 3 6 1
113.441 1 6 1
113.581 3 6 1
113.72 2 6 33.48
113.72 4 6 1
113.999 3 6 1
114.278 2 6 1
114.558 2 6 1
114.697 2 6 1
114.976 4 6 1
115.255 1 6 1
115.534 1 6 1
115.813 4 6 1
116.092 1 6 1
116.371 1 6 1
116.651 1 6 1
116.93 1 6 1
117.209 4 6 1
117.488 4 6 1
117.767 4 6 1
118.046 4 6 1
118.325 2 6 1
118.604 3 6 1
118.883 3 6 1
119.162 2 6 1
119.441 2 6 1
119.72 2 6 1
119.999 2 6 1
120.278 1 6 1
120.557 1 6 1
120.836 4 6 1
121.116 3 6 1
121.255 3 6 1
121.395 1 6 1
121.395 2 6 1
121.813 3 6 1
122.232 1 6 1
122.232 2 6 1
122.511 3 6 1
122.511 4 6 1
122.79 4 6 1
123.209 1 6 1
123.209 2 6 50.16
123.627 3 6 33.48
123.906 1 6 1
124.046 2 6 1
124.325 4 6 1
124.604 1 6 1
124.883 4 6 1
125.162 1 6 1
125.441 4 6 1
125.72 1 6 1
125.999 4 6 1
126.278 2 6 1
126.557 3 6 1
126.836 3 6 1
127.115 2 6 1
127.115 4 6 1
127.394 3 6 1
127.674 3 6 1
127.953 3 6 1
128.232 3 6 1
128.511 2 6 1
128.79 2 6 1
129.069 2 6 1
129.348 2 6 1
129.627 2 6 1
129.906 3 6 1
130.185 3 6 1
130.464 2 6 1
130.604 1 6 1
131.022 4 6 1
131.301 3 6 1
131.441 2 6 1
131.58 2 6 1
131.72 1 6 1
131.859 4 6 1
132.139 4 6 1
132.557 3 6 1
132.627 2 6 1
132.697 4 6 1
132.836 1 6 1
133.255 4 6 1
133.673 1 6 1
134.092 2 6 1
134.511 4 6 1
134.79 2 6 1
135.069 3 6 1
135.487 1 6 1
135.906 2 6 1
136.324 4 6 1
136.464 1 6 1
136.743 2 6 1
137.022 4 6 1
137.301 3 6 1
137.58 4 6 1
137.72 4 6 1
138.138 1 6 1
138.417 2 6 1
138.557 2 6 1
138.697 3 6 1
138.836 2 6 1
138.976 4 6 1
139.115 3 6 1
139.255 1 6 1
139.394 4 6 1
139.534 1 6 1
141.627 4 6 33.48
141.627 3 6 1
141.906 3 6 1
142.045 2 6 1
142.115 1 6 1
142.324 2 6 1
142.464 4 6 1
142.603 2 6 1
142.743 1 6 1
142.743 3 6 33.48
143.022 4 6 1
143.162 2 6 1
143.441 1 6 1
143.58 2 6 1
143.72 4 6 1
143.859 2 6 1
144.138 1 6 1
144.278 2 6 1
144.557 1 6 1
144.696 3 6 1
144.836 1 6 1
144.975 1 6 1
144.975 4 6 16.8
145.255 4 6 16.68
145.255 3 6 1
145.534 2 6 1
145.534 4 6 16.68
145.813 4 6 16.68
146.371 3 6 1
146.51 2 6 1
146.789 1 6 1
146.929 3 6 1
147.068 2 6 1
147.208 3 6 1
147.487 4 6 1
147.627 4 6 1
147.766 1 6 1
147.906 1 6 1
148.045 2 6 1
148.185 4 6 1
148.324 3 6 1
148.464 4 6 1
148.743 2 6 1
148.813 3 6 1
149.022 3 6 1
149.161 1 6 1
149.301 2 6 1
149.44 1 6 1
149.72 2 6 1
149.859 4 6 1
150.138 1 6 1
150.278 2 6 1
150.347 3 6 1
150.417 2 6 1
150.557 3 6 1
150.696 1 6 1
150.975 4 6 1
151.254 2 6 1
151.394 4 6 1
151.533 3 6 1
151.673 2 6 1
151.812 4 6 1
152.092 2 6 1
152.231 3 6 1
152.371 2 6 1
152.65 1 6 1
152.789 3 6 1
152.859 2 6 1
152.929 4 6 1
153.068 2 6 1
153.208 3 6 1
153.347 1 6 1
153.626 2 6 1
153.766 3 6 1
153.905 4 6 1
154.185 4 6 1
154.324 4 6 1
154.464 2 6 1
154.603 1 6 1
154.743 3 6 1
154.882 4 6 1
155.022 1 6 1
155.161 2 6 1
155.44 3 6 1
155.58 2 6 1
155.719 1 6 1
155.859 3 6 1
155.998 2 6 1
156.138 2 6 1
156.417 1 6 1
156.557 3 6 1
156.836 4 6 1
156.975 3 6 1
157.115 1 6 1
157.254 1 6 1
157.394 2 6 1
157.673 3 6 1
157.812 2 6 1
157.952 3 6 1
158.091 2 6 1
158.231 4 6 1
158.37 2 6 1
158.51 3 6 1
158.65 2 6 1
158.789 1 6 1
158.929 4 6 1
159.068 2 6 1
159.208 3 6 1
159.347 2 6 1
159.487 1 6 1
159.905 1 6 1
160.184 1 6 1
160.463 1 6 1
160.603 4 6 1
160.882 4 6 1
161.301 3 6 1
161.44 2 6 1
161.58 2 6 1
161.719 3 6 1
161.859 1 6 1
161.998 3 6 1
162.138 2 6 1
162.277 4 6 1
162.417 1 6 1
162.556 3 6 1
162.696 2 6 1
162.835 4 6 1
163.115 1 6 1
163.115 3 6 1
163.394 2 6 1
163.394 4 6 1
163.673 2 6 1
163.673 4 6 1
163.952 1 6 1
164.231 1 6 1
164.37 3 6 1
164.649 1 6 1
164.789 3 6 1
164.928 4 6 1
165.068 2 6 1
165.347 3 6 1
165.487 4 6 1
165.766 3 6 1
165.905 2 6 1
166.045 4 6 1
166.324 2 6 1
166.603 3 6 1
166.742 3 6 1
166.882 2 6 1
167.021 3 6 1
167.161 4 6 1
167.3 1 6 1
167.58 1 6 1
167.719 4 6 1
167.859 2 6 1
167.998 3 6 1
168.138 2 6 1
168.277 2 6 1
168.417 1 6 1
168.556 1 6 1
168.696 3 6 1
168.835 4 6 1
169.114 2 6 1
169.254 2 6 1
169.393 1 6 1
169.533 3 6 1
169.812 1 6 1
169.952 4 6 1
170.231 1 6 1
170.37 2 6 1
170.51 4 6 1
170.649 2 6 1
170.789 1 6 1
171.207 3 6 1
171.486 3 6 1
171.766 1 6 1
172.184 4 6 1
172.324 1 6 1
172.603 2 6 1
172.672 3 6 1
172.812 2 6 1
172.882 1 6 1
173.196 2 6 1
173.422 2 6 1
173.579 3 6 1
173.765 2 6 1
173.952 4 6 1
174.138 1 6 1
174.324 3 6 1
174.51 2 6 1
174.696 3 6 1
174.882 2 6 1
175.068 1 6 1
175.254 4 6 234.36
177.207 1 6 150.72
178.463 4 6 1
178.742 1 6 1
178.882 3 6 1
179.021 2 6 1
179.161 2 6 1
179.3 2 6 1
179.37 3 6 1
179.44 4 6 1
179.51 1 6 1
179.579 2 6 1
179.649 3 6 1
179.719 4 6 1
179.928 4 6 1
180.091 2 6 1
180.277 2 6 1
180.463 3 6 1
180.649 3 6 1
180.835 2 6 1
181.021 1 6 1
181.393 4 6 1
181.579 1 6 1
181.719 3 6 1
181.765 2 6 1
181.882 1 6 1
181.951 4 6 201
183.068 2 6 66.96
183.486 1 6 1
183.73 4 6 1
183.835 3 6 1
184.044 2 6 1
184.184 1 6 1
184.184 3 6 217.68
185.998 2 6 1
186.277 1 6 1
186.277 4 6 200.88
187.533 1 6 1
187.672 2 6 1
187.951 2 6 1
187.951 3 6 1
188.23 3 6 1
188.509 1 6 1
188.509 4 6 1
188.788 2 6 1
188.928 3 6 1
189.067 1 6 1
189.207 3 6 1
189.346 2 6 1
189.486 4 6 1
189.626 1 6 1
189.626 2 6 33.48
189.905 3 6 1
190.044 1 6 1
190.184 4 6 1
190.323 3 6 1
190.463 2 6 1
190.602 4 6 1
190.742 1 6 1
190.742 2 6 1
191.021 2 6 1
191.16 4 6 1
191.3 2 6 1
191.439 3 6 1
191.579 1 6 1
191.719 2 6 1
191.858 1 6 33.48
191.858 4 6 1
192.137 3 6 1
192.277 1 6 1
192.416 2 6 1
192.556 4 6 1
192.695 2 6 1
192.835 3 6 1
192.974 2 6 33.48
192.974 4 6 1
193.253 1 6 1
193.393 3 6 1
193.393 4 6 1
193.532 2 6 1
193.672 3 6 1
193.812 4 6 1
193.951 3 6 1
194.091 1 6 33.48
194.091 2 6 1
194.37 3 6 1
194.509 4 6 1
194.649 2 6 1
194.788 3 6 1
194.928 2 6 1
195.067 3 6 1
195.207 1 6 1
195.207 3 6 33.48
195.486 4 6 1
195.625 2 6 1
195.765 3 6 1
195.904 1 6 1
196.044 4 6 1
196.184 2 6 1
196.323 1 6 33.48
196.602 3 6 1
196.742 2 6 1
196.881 4 6 1
197.16 3 6 1
197.3 2 6 1
197.439 1 6 1
197.858 4 6 1
197.997 2 6 1
198.277 4 6 1
198.556 3 6 1
198.835 1 6 1
199.114 1 6 1
199.393 1 6 1
199.672 2 6 1
199.951 3 6 1
200.23 4 6 1
200.509 3 6 1
200.788 1 6 1
201.067 3 6 1
201.207 2 6 1
201.346 4 6 1
201.486 4 6 1
201.625 2 6 1
201.765 1 6 1
201.835 3 6 1
201.904 1 6 33.48
202.183 4 6 1
202.323 2 6 1
202.742 3 6 1
203.021 1 6 1
203.3 1 6 1
203.579 2 6 1
203.858 3 6 1
204.137 4 6 1
204.416 1 6 1
204.695 3 6 1
204.974 4 6 1
205.253 1 6 1
205.532 2 6 1
205.672 2 6 1
205.811 4 6 1
205.951 3 6 1
206.09 1 6 1
206.23 3 6 1
206.369 3 6 1
206.509 2 6 1
206.927 4 6 1
207.346 4 6 1
208.183 1 6 33.48
208.462 4 6 33.48
208.741 3 6 1
208.741 1 6 33.48
209.02 2 6 33.6
209.3 3 6 33.48
209.579 2 6 33.48
209.858 3 6 1
209.997 2 6 1
210.137 3 6 1
210.276 2 6 1
210.416 3 6 1
210.555 2 6 1
210.695 1 6 1
210.695 4 6 1
210.834 2 6 1
210.834 3 6 1
