0.801 1 6 1
1.872 3 6 1
2.836 3 6 1
3.801 3 6 1
4.872 3 6 1
5.836 2 6 1
6.801 2 6 1
7.872 3 6 1
8.836 2 6 1
9.8 4 6 1
10.872 3 6 1
11.836 2 6 1
12.8 2 6 1
13.55 3 6 1
14.184 3 6 1
14.184 4 6 102.84
14.612 1 6 1
15.041 3 6 1
15.255 2 6 1
15.684 4 6 1
16.112 3 6 1
16.541 3 6 1
16.755 2 6 1
16.969 1 6 1
17.398 4 6 1
17.827 3 6 1
18.041 2 6 1
18.469 1 6 1
18.684 4 6 1
19.112 3 6 1
19.327 2 6 1
19.541 4 6 1
19.755 2 6 1
20.184 3 6 1
20.398 2 6 1
20.827 2 6 1
21.041 4 6 1
21.255 3 6 1
21.469 2 6 1
21.898 1 6 1
22.112 4 6 1
22.541 3 6 1
22.755 1 6 1
22.969 4 6 1
23.184 3 6 1
23.398 2 6 1
23.612 4 6 1
23.826 2 6 1
24.255 1 6 1
24.469 4 6 1
24.898 3 6 1
25.326 1 6 1
25.541 4 6 1
25.969 3 6 1
26.184 3 6 1
26.398 1 6 1
26.826 4 6 1
27.041 3 6 1
27.469 2 6 1
27.684 4 6 1
27.898 2 6 1
27.898 1 6 51.36
28.326 3 6 1
28.326 4 6 1
28.541 4 6 1
28.755 3 6 1
28.969 2 6 1
29.076 3 6 1
29.184 4 6 1
29.398 1 6 1
29.612 4 6 1
29.826 2 6 1
30.041 3 6 1
30.469 2 6 1
30.683 3 6 1
30.898 1 6 1
31.112 4 6 1
31.326 2 6 1
31.541 4 6 1
31.755 1 6 1
32.183 2 6 1
32.398 3 6 1
32.612 1 6 1
32.826 4 6 1
33.041 2 6 1
33.255 3 6 1
33.469 1 6 1
33.683 3 6 1
33.898 2 6 1
34.112 3 6 1
34.219 3 6 1
34.326 1 6 1
34.541 4 6 1
34.755 2 6 1
34.969 1 6 1
35.183 4 6 1
35.612 3 6 1
35.826 2 6 1
35.933 2 6 1
36.041 4 6 1
36.255 1 6 1
36.469 3 6 1
36.683 3 6 1
36.898 2 6 1
37.112 4 6 1
37.326 2 6 1
37.54 3 6 1
37.648 2 6 1
37.755 1 6 1
37.969 4 6 1
38.183 2 6 1
38.398 4 6 1
38.612 1 6 1
39.04 3 6 1
39.255 2 6 1
39.469 1 6 1
39.683 4 6 1
39.898 3 6 1
40.112 1 6 1
40.219 4 6 1
40.326 1 6 1
40.54 3 6 1
40.755 2 6 1
40.969 4 6 1
41.076 1 6 1
41.183 2 6 1
41.398 2 6 1
41.612 4 6 1
41.826 1 6 1
41.933 2 6 1
42.04 3 6 1
42.04 4 6 1
42.255 1 6 1
42.469 2 6 1
42.683 4 6 1
42.898 1 6 1
43.112 3 6 1
43.326 1 6 1
43.54 4 6 1
43.755 1 6 1
43.969 3 6 1
44.183 1 6 1
44.398 4 6 1
44.505 1 6 1
44.612 3 6 1
44.826 1 6 1
45.04 2 6 1
45.255 4 6 1
45.469 1 6 1
45.683 3 6 1
45.897 2 6 1
46.112 3 6 1
46.326 1 6 1
46.54 4 6 1
46.755 2 6 1
46.969 1 6 1
47.183 4 6 1
47.397 3 6 1
47.612 2 6 1
47.826 3 6 1
47.933 2 6 1
48.04 1 6 1
48.04 4 6 1
48.255 3 6 1
48.469 2 6 1
48.683 4 6 1
48.897 1 6 1
49.112 3 6 1
49.326 3 6 1
49.54 2 6 1
49.755 3 6 1
49.755 4 6 1
49.969 1 6 1
50.183 4 6 1
50.397 1 6 1
50.612 3 6 1
50.826 1 6 1
51.04 4 6 1
51.255 3 6 1
51.362 2 6 1
51.469 1 6 1
51.683 4 6 1
51.897 2 6 1
52.112 3 6 1
52.326 1 6 1
52.54 3 6 1
52.754 2 6 1
52.969 3 6 1
53.183 4 6 1
53.397 1 6 1
53.612 3 6 1
53.826 2 6 1
54.04 3 6 1
54.254 4 6 1
54.469 1 6 1
54.683 3 6 1
54.897 2 6 1
54.897 4 6 1
55.112 3 6 1
55.326 1 6 1
55.326 2 6 1
55.969 4 6 102.84
57.04 1 6 1
57.469 4 6 1
57.897 1 6 1
58.326 2 6 1
58.54 2 6 1
58.861 3 6 1
59.183 1 6 1
59.611 4 6 1
60.04 4 6 1
60.469 4 6 1
60.897 3 6 1
61.111 1 6 1
61.54 4 6 1
61.754 2 6 1
61.969 4 6 1
62.183 1 6 1
62.397 3 6 1
62.611 1 6 1
63.254 3 6 1
63.683 2 6 1
63.897 4 6 1
64.326 4 6 1
64.754 2 6 1
65.183 3 6 1
65.397 2 6 1
65.611 4 6 1
65.826 2 6 1
66.04 1 6 1
66.254 4 6 1
66.683 4 6 1
66.897 1 6 1
67.111 3 6 1
67.326 2 6 1
67.54 2 6 1
67.754 3 6 1
67.968 1 6 1
68.504 4 6 1
68.611 2 6 1
68.826 3 6 1
69.04 1 6 1
69.04 4 6 1
69.254 3 6 1
69.468 1 6 1
69.683 4 6 1
70.111 2 6 1
70.326 3 6 1
70.754 1 6 1
70.968 4 6 1
71.183 2 6 1
71.397 3 6 1
71.826 4 6 1
72.04 3 6 1
72.254 2 6 1
72.683 4 6 1
72.897 2 6 1
73.111 4 6 1
73.325 1 6 1
73.54 2 6 1
73.754 3 6 1
73.968 1 6 1
74.183 3 6 1
74.397 2 6 1
74.611 1 6 1
74.825 4 6 1
75.04 2 6 1
75.254 4 6 1
75.468 1 6 1
75.897 3 6 1
76.111 1 6 1
76.325 2 6 1
76.54 3 6 1
76.754 2 6 1
76.968 4 6 1
77.183 1 6 1
77.397 3 6 1
77.611 2 6 1
77.825 4 6 1
78.04 2 6 1
78.254 3 6 1
78.468 2 6 1
78.683 4 6 1
78.897 1 6 1
79.111 4 6 1
79.325 2 6 1
79.54 3 6 1
79.754 2 6 1
79.968 4 6 1
80.182 3 6 1
80.397 4 6 1
80.611 2 6 1
80.825 3 6 1
81.04 2 6 1
81.254 4 6 1
81.468 1 6 1
81.682 3 6 1
81.897 2 6 1
82.111 3 6 1
82.325 1 6 1
82.54 2 6 1
82.754 1 6 1
82.968 4 6 1
83.182 2 6 1
83.182 1 6 1
83.397 3 6 1
83.611 1 6 1
83.825 3 6 1
84.04 2 6 1
84.04 4 6 1
84.254 2 6 1
84.468 1 6 1
84.682 3 6 1
84.897 2 6 1
84.897 4 6 1
85.111 1 6 1
85.325 4 6 1
85.54 3 6 1
85.754 1 6 1
85.754 4 6 1
85.968 1 6 1
86.182 2 6 1
86.182 4 6 1
86.397 3 6 1
86.611 2 6 1
86.611 4 6 1
86.825 3 6 1
87.04 1 6 1
87.254 3 6 1
87.468 1 6 1
87.468 4 6 1
87.682 3 6 1
87.897 1 6 1
88.111 4 6 1
88.325 1 6 1
88.325 2 6 1
88.539 3 6 1
88.754 1 6 1
88.754 4 6 1
88.968 2 6 1
89.182 1 6 1
89.182 3 6 1
89.397 4 6 1
89.611 2 6 1
89.825 3 6 1
90.039 2 6 1
90.039 4 6 1
90.254 3 6 1
90.468 2 6 1
90.468 4 6 1
90.682 3 6 1
90.897 1 6 1
90.897 4 6 1
91.111 3 6 1
91.325 1 6 1
91.539 4 6 1
91.754 1 6 1
91.754 3 6 1
91.968 4 6 1
92.182 1 6 1
92.182 2 6 1
92.397 3 6 1
92.611 2 6 1
92.611 4 6 1
92.825 1 6 1
93.039 2 6 1
93.039 4 6 1
93.254 3 6 1
93.468 2 6 1
93.468 4 6 1
93.682 1 6 1
93.897 2 6 1
93.897 4 6 1
94.111 3 6 1
94.325 2 6 1
94.325 4 6 1
94.539 1 6 1
94.754 3 6 1
94.968 1 6 1
95.182 3 6 1
95.182 4 6 1
95.396 1 6 1
95.611 2 6 1
95.611 4 6 1
95.825 1 6 1
96.039 2 6 1
96.039 4 6 1
96.254 1 6 1
96.468 4 6 1
96.682 2 6 1
96.896 1 6 1
96.896 4 6 1
97.111 3 6 1
97.325 4 6 1
97.539 2 6 1
97.754 1 6 1
97.754 3 6 1
97.968 4 6 1
98.182 2 6 1
98.396 4 6 1
98.611 1 6 1
98.611 3 6 1
98.825 2 6 1
98.932 3 6 1
99.039 4 6 1
99.254 1 6 1
99.468 3 6 1
99.468 4 6 1
99.682 1 6 1
99.896 3 6 1
99.896 4 6 1
100.111 2 6 1
100.325 1 6 1
100.325 3 6 1
100.539 4 6 1
100.754 3 6 1
100.968 2 6 1
101.182 1 6 1
101.182 4 6 1
101.396 3 6 1
101.611 2 6 1
101.825 3 6 1
102.039 2 6 1
102.039 4 6 1
102.253 3 6 1
102.468 1 6 1
102.468 2 6 1
102.682 4 6 1
102.896 1 6 1
102.896 2 6 1
103.111 4 6 1
103.325 2 6 1
103.539 3 6 1
103.753 1 6 1
103.753 4 6 1
103.968 2 6 1
104.182 3 6 1
104.396 2 6 1
104.611 1 6 1
104.611 4 6 1
104.825 2 6 1
105.039 4 6 1
105.253 1 6 1
105.468 2 6 1
105.468 3 6 1
105.682 4 6 1
105.789 1 6 1
105.896 2 6 1
106.111 4 6 1
106.325 1 6 1
106.325 3 6 1
106.539 1 6 1
106.539 4 6 1
106.753 2 6 1
106.968 3 6 1
107.182 1 6 1
107.182 4 6 1
107.396 4 6 1
107.611 2 6 1
107.825 3 6 1
108.039 1 6 1
108.039 4 6 1
108.253 3 6 1
108.468 1 6 1
108.468 2 6 1
108.682 4 6 1
108.896 1 6 1
108.896 3 6 1
109.11 2 6 1
109.325 4 6 1
109.539 1 6 1
109.753 2 6 1
109.753 3 6 1
109.968 4 6 1
110.182 3 6 1
110.396 3 6 1
110.61 1 6 1
110.61 2 6 1
110.825 4 6 1
111.039 2 6 1
111.253 3 6 1
111.468 1 6 1
111.468 2 6 1
111.682 3 6 1
111.896 1 6 1
112.11 2 6 1
112.325 3 6 1
112.325 4 6 1
112.539 1 6 1
112.646 4 6 1
112.753 3 6 1
112.968 1 6 1
113.182 2 6 1
113.182 4 6 1
113.396 1 6 1
113.396 3 6 1
113.61 2 6 1
113.825 3 6 1
114.039 1 6 1
114.039 4 6 1
114.253 2 6 1
114.468 3 6 1
114.682 2 6 1
114.896 1 6 1
114.896 4 6 1
115.11 3 6 1
115.325 1 6 1
115.539 4 6 1
115.753 2 6 1
115.753 3 6 1
115.967 1 6 1
116.182 1 6 1
116.182 4 6 1
116.396 3 6 1
116.61 1 6 1
116.61 2 6 1
116.825 3 6 1
117.039 1 6 1
117.039 4 6 1
117.253 2 6 1
117.467 3 6 1
117.467 4 6 1
117.682 1 6 1
117.896 3 6 1
118.11 4 6 1
118.325 1 6 1
118.325 2 6 1
118.539 4 6 1
118.753 2 6 1
118.967 3 6 1
119.182 1 6 1
119.182 4 6 1
119.396 3 6 1
119.503 2 6 1
119.61 4 6 1
119.825 1 6 1
120.039 2 6 1
120.039 4 6 1
120.253 1 6 1
120.467 2 6 1
120.467 3 6 1
120.682 4 6 1
120.896 2 6 1
120.896 3 6 1
121.11 1 6 1
121.325 3 6 1
121.539 2 6 1
121.753 1 6 1
121.753 4 6 1
121.967 3 6 1
122.182 1 6 1
122.182 2 6 1
122.396 4 6 1
122.61 1 6 1
122.61 2 6 1
122.824 3 6 1
122.824 4 6 1
123.039 1 6 1
123.253 4 6 1
123.467 1 6 1
123.467 3 6 1
123.682 4 6 1
123.682 1 6 1
123.896 3 6 1
124.11 2 6 1
124.324 3 6 1
124.324 4 6 1
124.539 1 6 1
124.753 3 6 1
124.967 2 6 1
125.182 1 6 1
125.182 4 6 1
125.396 3 6 1
125.61 2 6 1
125.824 4 6 1
126.039 1 6 1
126.039 2 6 1
126.253 4 6 1
126.467 1 6 1
126.682 4 6 1
126.896 1 6 1
126.896 3 6 1
127.11 1 6 1
127.324 3 6 1
127.324 4 6 1
127.539 2 6 1
127.753 1 6 1
127.753 4 6 1
127.967 3 6 1
128.182 2 6 1
128.396 3 6 1
128.61 2 6 1
128.61 4 6 1
128.824 1 6 1
129.039 3 6 1
129.253 4 6 1
129.467 1 6 1
129.467 3 6 1
129.682 4 6 1
129.896 1 6 1
130.11 4 6 1
130.324 1 6 1
130.324 3 6 1
130.539 4 6 1
130.753 1 6 1
130.753 2 6 1
130.967 3 6 1
131.181 4 6 1
131.181 1 6 1
131.396 3 6 1
131.61 2 6 1
131.824 3 6 1
132.039 1 6 1
132.039 4 6 1
132.253 1 6 1
132.467 3 6 1
132.467 4 6 1
132.681 2 6 1
132.896 2 6 1
132.896 4 6 1
133.11 3 6 1
133.324 1 6 1
133.539 1 6 1
133.753 3 6 1
133.753 4 6 1
133.967 1 6 1
133.967 4 6 1
134.181 3 6 1
134.396 2 6 1
134.61 1 6 1
134.61 4 6 1
134.824 3 6 1
135.039 2 6 1
135.253 3 6 1
135.467 1 6 1
135.467 4 6 1
135.681 3 6 1
135.896 2 6 1
136.11 3 6 1
136.324 1 6 1
136.324 2 6 1
136.539 1 6 1
136.539 4 6 1
136.753 3 6 1
136.967 2 6 1
137.181 3 6 1
137.181 4 6 1
137.396 1 6 1
137.61 1 6 1
137.61 4 6 1
137.824 2 6 1
138.038 4 6 1
138.253 1 6 1
138.681 1 6 1
138.896 3 6 1
139.324 4 6 1
139.538 2 6 1
139.753 2 6 1
139.967 3 6 1
140.396 4 6 1
140.61 2 6 1
140.824 4 6 1
141.038 1 6 1
141.253 4 6 1
141.467 1 6 1
141.681 2 6 1
141.896 4 6 1
142.11 1 6 1
142.324 4 6 1
142.753 1 6 1
142.967 4 6 1
143.181 2 6 1
143.396 4 6 1
143.61 1 6 1
143.824 3 6 1
144.038 2 6 1
144.253 3 6 1
144.467 1 6 1
144.467 4 6 1
144.895 1 6 1
145.324 1 6 1
145.753 1 6 1
146.181 2 6 1
146.61 4 6 1
147.038 3 6 1
147.467 2 6 1
147.895 3 6 1
148.324 1 6 1
148.753 4 6 1
149.181 4 6 1
149.61 2 6 1
150.038 2 6 1
150.467 1 6 1
150.895 4 6 1
151.324 1 6 1
151.538 4 6 1
151.752 1 6 1
151.967 3 6 1
152.181 3 6 1
152.395 2 6 1
152.61 4 6 1
152.824 1 6 1
153.038 3 6 1
153.252 2 6 1
153.467 1 6 1
153.681 4 6 1
153.895 2 6 1
154.11 3 6 1
154.324 1 6 1
154.538 4 6 1
154.752 2 6 1
154.967 4 6 1
155.181 2 6 1
155.395 1 6 1
155.61 2 6 1
155.824 4 6 1
156.038 2 6 1
156.252 1 6 1
156.467 4 6 1
156.681 3 6 1
156.895 2 6 1
157.11 1 6 1
157.324 4 6 1
157.538 4 6 1
157.752 2 6 1
157.967 1 6 1
158.181 3 6 1
158.181 4 6 1
158.395 2 6 1
158.609 3 6 1
158.609 4 6 1
158.824 1 6 1
159.038 3 6 1
159.252 2 6 1
159.467 3 6 1
159.467 4 6 1
159.681 1 6 1
159.895 2 6 1
160.109 4 6 1
160.324 2 6 1
160.324 3 6 1
160.538 1 6 1
160.752 3 6 1
160.967 2 6 1
161.181 1 6 1
161.181 3 6 1
161.395 4 6 1
161.609 1 6 1
161.824 3 6 1
162.038 1 6 1
162.038 4 6 1
162.252 4 6 1
162.467 3 6 1
162.681 2 6 1
162.895 3 6 1
162.895 4 6 1
163.109 1 6 1
163.324 3 6 1
163.538 2 6 1
163.752 1 6 1
163.752 4 6 1
163.967 2 6 1
164.181 1 6 1
164.181 3 6 1
164.395 4 6 1
164.609 2 6 1
164.609 3 6 1
164.824 1 6 1
164.824 4 6 1
165.038 3 6 1
165.038 4 6 1
165.252 2 6 1
165.467 1 6 1
165.467 3 6 1
165.681 4 6 1
165.895 2 6 1
166.109 3 6 1
166.324 1 6 1
166.324 4 6 1
166.538 3 6 1
166.752 1 6 1
166.966 3 6 1
167.181 2 6 1
167.181 4 6 1
167.395 1 6 1
167.609 2 6 1
167.609 3 6 1
167.824 1 6 1
168.038 2 6 1
168.038 4 6 1
168.252 1 6 1
168.252 4 6 1
168.466 3 6 1
168.681 2 6 1
168.895 1 6 1
168.895 4 6 1
169.109 3 6 1
169.324 1 6 1
169.538 3 6 1
169.752 2 6 1
169.752 4 6 1
169.966 1 6 1
170.181 4 6 1
170.395 1 6 1
170.609 2 6 1
170.609 4 6 1
170.824 1 6 1
171.038 3 6 1
171.252 2 6 1
171.359 3 6 1
171.466 1 6 1
171.466 4 6 1
171.681 3 6 1
171.788 2 6 1
171.895 1 6 1
171.895 4 6 1
172.109 3 6 1
172.324 1 6 1
172.324 4 6 1
172.538 2 6 1
172.752 3 6 1
172.752 4 6 1
172.966 2 6 1
173.181 1 6 1
173.181 4 6 1
173.395 3 6 1
173.609 1 6 1
173.609 2 6 1
173.823 3 6 1
174.038 1 6 1
174.038 2 6 1
174.252 4 6 1
174.466 3 6 1
174.681 1 6 1
174.895 2 6 1
174.895 4 6 1
175.109 1 6 1
175.323 1 6 1
175.538 3 6 1
175.752 4 6 1
175.752 1 6 1
175.966 3 6 1
176.181 2 6 1
176.395 3 6 1
176.609 1 6 1
176.609 4 6 1
176.823 2 6 1
177.038 3 6 1
177.252 2 6 1
177.466 1 6 1
177.466 4 6 1
177.681 2 6 1
177.895 3 6 1
178.109 1 6 1
178.323 2 6 1
178.323 4 6 1
178.538 1 6 1
178.538 3 6 1
178.752 2 6 1
178.752 4 6 1
178.966 3 6 1
179.181 1 6 1
179.181 4 6 1
179.395 1 6 1
179.609 3 6 1
179.823 2 6 1
180.038 1 6 1
180.038 2 6 1
180.252 4 6 1
180.466 3 6 1
180.68 2 6 1
180.895 1 6 1
180.895 3 6 1
181.109 4 6 1
181.323 1 6 1
181.538 3 6 1
181.752 1 6 1
181.752 4 6 1
181.966 3 6 1
182.18 1 6 1
182.18 4 6 1
182.395 2 6 1
182.609 1 6 1
182.609 4 6 1
182.823 4 6 1
183.038 3 6 1
183.252 2 6 1
183.466 1 6 1
183.466 4 6 1
183.68 4 6 1
183.895 2 6 1
183.895 3 6 1
184.109 4 6 1
184.323 2 6 1
184.323 3 6 1
184.538 1 6 1
184.538 4 6 1
184.752 2 6 1
184.752 3 6 1
184.966 4 6 1
185.18 1 6 1
185.18 2 6 1
185.395 4 6 1
185.609 1 6 1
185.609 3 6 1
186.038 1 6 1
186.466 4 6 1
186.895 3 6 1
187.109 2 6 1
187.323 4 6 1
187.537 1 6 1
187.752 2 6 1
187.966 3 6 1
188.18 1 6 1
188.609 2 6 1
188.823 4 6 1
189.037 1 6 1
189.466 4 6 1
189.68 2 6 1
189.895 4 6 1
190.109 3 6 1
190.323 1 6 1
190.537 1 6 1
190.752 3 6 1
190.966 2 6 1
191.18 1 6 1
191.395 4 6 1
191.609 2 6 1
191.716 3 6 1
191.823 3 6 1
191.93 2 6 1
192.037 1 6 1
192.037 4 6 1
192.145 3 6 1
192.252 2 6 1
192.466 1 6 1
192.466 4 6 1
192.68 3 6 1
192.895 2 6 1
193.002 4 6 1
193.216 1 6 1
193.645 2 6 1
193.752 4 6 1
193.966 2 6 1
194.18 3 6 1
194.287 2 6 1
194.394 1 6 1
194.609 4 6 1
194.716 3 6 1
194.93 2 6 1
195.144 3 6 1
195.466 2 6 1
195.68 4 6 1
195.894 1 6 1
196.002 2 6 1
196.109 3 6 1
196.323 4 6 1
196.43 1 6 1
196.644 4 6 1
196.859 2 6 1
197.073 2 6 1
197.18 3 6 1
197.394 1 6 1
197.609 4 6 1
197.716 1 6 1
197.823 3 6 1
198.037 2 6 1
198.144 4 6 1
198.359 1 6 1
198.573 3 6 1
198.787 2 6 1
198.894 3 6 1
199.109 1 6 1
199.323 4 6 784.32
