0.271 2 6 1
0.473 3 6 1
0.879 1 6 1
1.284 3 6 1
1.69 3 6 1
1.69 2 6 1
1.892 4 6 1
2.095 1 6 1
2.298 2 6 1
2.501 2 6 1
2.501 3 6 1
2.906 3 6 1
3.311 4 6 1
3.717 3 6 1
4.122 2 6 1
4.528 3 6 1
4.933 4 6 1
4.933 1 6 389.28
5.339 3 6 1
5.744 4 6 1
6.149 2 6 1
6.555 4 6 1
6.96 3 6 1
7.366 2 6 1
7.771 4 6 1
8.177 2 6 1
8.177 3 6 196.08
8.481 1 6 1
8.582 2 6 1
8.988 1 6 1
9.393 1 6 1
9.748 1 6 1
9.748 2 6 1
9.811 1 6 533.64
9.811 4 6 1
10.204 2 6 1
10.609 4 6 1
11.015 4 6 1
11.369 3 6 1
11.42 2 6 1
11.737 4 6 1
11.826 3 6 1
12.231 4 6 1
12.636 4 6 1
13.042 4 6 1
13.447 2 6 1
13.853 3 6 1
14.258 4 6 1
14.258 2 6 48.72
14.664 3 6 340.56
14.664 4 6 1
15.069 1 6 1
15.474 4 6 1
15.88 1 6 1
16.285 4 6 1
16.691 2 6 1
17.096 4 6 97.32
17.502 1 6 1
17.907 3 6 1
17.907 1 6 1
17.907 2 6 389.28
18.313 4 6 1
18.718 3 6 1
19.123 3 6 1
19.529 3 6 1
19.529 4 6 1
19.934 3 6 1
20.34 4 6 1
20.745 4 6 1
21.151 1 6 1
21.151 3 6 194.52
21.556 4 6 1
21.961 4 6 1
22.367 1 6 1
22.772 2 6 1
22.772 4 6 194.64
23.178 1 6 1
23.583 3 6 1
23.989 1 6 1
24.394 1 6 1
24.394 3 6 1
25.205 3 6 1
26.016 1 6 1
26.421 3 6 1
26.827 2 6 1
26.827 4 6 1
27.638 4 6 145.92
27.638 2 6 1
29.259 1 6 1
29.665 2 6 1
30.07 2 6 1
30.881 2 6 1
30.881 3 6 1
33.314 2 6 1
33.719 3 6 1
33.922 2 6 1
34.125 1 6 1
34.125 4 6 1
34.53 3 6 1
35.746 3 6 1
37.368 1 6 1
39.193 3 6 1
39.395 2 6 1
39.801 1 6 1
40.612 3 6 1
40.612 4 6 1
42.233 1 6 1
42.233 3 6 1
42.639 2 6 1
43.044 1 6 1
43.45 3 6 1
43.855 2 6 1
43.855 4 6 194.64
44.26 2 6 1
44.666 1 6 1
45.477 2 6 97.32
45.477 3 6 1
45.882 1 6 1
46.288 3 6 48.6
46.693 2 6 1
47.099 4 6 1
47.099 1 6 145.92
48.315 3 6 1
48.72 1 6 194.64
48.72 2 6 1
50.342 2 6 1
50.342 3 6 1
52.369 3 6 1
52.775 1 6 1
52.775 2 6 1
53.18 2 6 1
53.586 1 6 1
53.586 2 6 1
53.586 4 6 267.48
53.991 1 6 1
54.396 3 6 1
54.396 2 6 1
54.802 3 6 1
55.207 2 6 1
55.41 1 6 1
55.613 1 6 1
55.815 3 6 24.36
56.018 1 6 1
56.018 4 6 1
56.424 1 6 1
56.829 2 6 1
56.829 3 6 194.64
57.234 1 6 1
57.437 2 6 1
57.64 2 6 1
57.64 4 6 1
58.045 1 6 1
58.451 2 6 1
58.653 4 6 1
58.856 3 6 1
59.262 3 6 1
59.262 4 6 1
59.667 3 6 1
60.072 2 6 194.64
60.072 4 6 1
60.478 1 6 1
60.681 3 6 1
60.883 1 6 1
60.883 3 6 1
61.289 4 6 1
61.694 4 6 1
61.745 3 6 1
61.821 2 6 1
62.1 1 6 1
62.1 2 6 1
62.505 1 6 1
62.505 4 6 1
62.911 3 6 1
63.316 1 6 1
63.316 4 6 291.96
63.721 3 6 1
63.924 2 6 1
64.127 1 6 1
64.127 3 6 1
64.532 3 6 1
64.938 1 6 1
65.14 2 6 1
65.343 2 6 1
65.343 3 6 1
65.749 1 6 1
65.749 3 6 1
66.154 2 6 1
66.559 1 6 194.64
66.559 4 6 1
66.965 3 6 1
67.168 2 6 1
67.37 2 6 1
67.37 3 6 1
67.776 2 6 1
68.181 3 6 1
68.384 4 6 1
68.587 1 6 1
68.992 2 6 1
68.992 3 6 1
69.398 3 6 1
69.803 3 6 194.64
69.803 4 6 1
70.208 1 6 1
70.411 4 6 1
70.614 1 6 1
70.614 2 6 1
71.019 2 6 1
71.425 4 6 1
71.627 2 6 1
71.83 3 6 1
72.033 3 6 1
72.236 1 6 1
72.236 2 6 1
72.641 4 6 1
73.046 2 6 170.28
73.046 3 6 1
73.452 4 6 1
73.655 3 6 1
73.857 4 6 1
73.857 1 6 1
74.263 3 6 1
74.465 3 6 1
74.668 1 6 1
74.871 2 6 1
75.074 2 6 1
75.074 4 6 1
75.479 1 6 1
75.479 3 6 1
75.479 4 6 1
75.885 2 6 1
76.29 1 6 1
76.29 2 6 1
76.493 4 6 1
76.695 3 6 1
76.898 3 6 1
77.101 1 6 1
77.101 2 6 1
77.506 2 6 1
77.912 2 6 1
77.912 3 6 1
78.114 3 6 1
78.317 4 6 1
78.52 2 6 1
78.723 2 6 1
78.723 1 6 1
79.128 2 6 1
79.533 2 6 1
79.533 3 6 1
80.952 2 6 1
81.155 3 6 1
81.155 4 6 1
81.561 1 6 1
81.763 2 6 1
81.966 3 6 1
81.966 4 6 1
82.169 3 6 1
82.371 4 6 1
82.371 1 6 1
82.574 3 6 1
82.777 1 6 1
82.777 2 6 48.6
83.182 4 6 1
83.385 3 6 1
83.588 2 6 1
83.588 4 6 72.96
83.993 3 6 1
84.196 3 6 1
84.399 2 6 1
84.601 3 6 1
84.804 3 6 1
85.21 3 6 1
85.21 4 6 48.6
85.615 2 6 1
85.615 3 6 48.6
86.02 1 6 1
86.02 2 6 48.72
86.02 4 6 1
86.426 4 6 1
86.629 3 6 24.24
86.831 1 6 1
86.831 2 6 72.96
87.237 4 6 1
87.439 1 6 121.68
87.642 2 6 1
87.642 3 6 1
87.845 3 6 1
88.048 4 6 1
88.453 2 6 1
88.453 4 6 64.92
88.757 2 6 1
88.858 3 6 146.04
89.264 1 6 1
89.264 4 6 1
89.669 2 6 1
89.872 4 6 1
90.075 1 6 1
90.075 2 6 48.6
90.48 3 6 1
90.683 1 6 1
90.886 4 6 1
90.886 2 6 48.6
91.291 3 6 1
91.291 4 6 97.32
91.697 1 6 1
91.697 2 6 1
92.102 3 6 48.6
92.507 1 6 1
92.507 2 6 48.72
92.913 4 6 145.92
93.116 2 6 1
93.318 1 6 1
93.318 3 6 1
93.724 3 6 1
93.926 1 6 1
94.129 2 6 1
94.129 3 6 1
94.332 4 6 1
94.535 1 6 1
94.94 3 6 1
94.94 4 6 48.6
95.345 2 6 48.72
95.345 3 6 1
95.751 1 6 1
95.751 3 6 48.6
96.156 4 6 1
96.359 2 6 72.96
96.562 1 6 1
96.562 3 6 1
96.967 4 6 1
97.17 4 6 72.96
97.373 3 6 1
97.575 1 6 1
97.778 2 6 1
97.778 3 6 48.72
98.184 2 6 1
98.184 4 6 1
98.589 2 6 1
98.792 3 6 1
98.994 1 6 1
98.994 4 6 48.72
99.4 3 6 48.6
99.603 2 6 1
99.805 1 6 72.96
99.805 4 6 1
100.211 4 6 1
100.413 2 6 73.08
100.413 3 6 1
100.616 1 6 1
100.819 3 6 1
101.022 1 6 1
101.022 3 6 1
101.224 4 6 1
101.427 1 6 1
101.427 3 6 1
101.63 4 6 1
101.832 1 6 1
101.832 2 6 1
102.035 3 6 1
102.238 1 6 48.6
102.238 2 6 1
102.238 4 6 1
102.643 3 6 1
102.846 3 6 1
103.049 4 6 48.6
103.049 2 6 1
103.454 2 6 1
103.657 3 6 1
103.86 3 6 1
104.062 3 6 1
104.265 3 6 1
104.67 1 6 48.72
104.67 2 6 1
105.076 2 6 48.6
105.076 3 6 1
105.481 1 6 1
105.481 4 6 48.72
105.887 3 6 48.6
106.09 1 6 1
106.292 2 6 48.72
106.698 1 6 97.32
106.9 3 6 1
107.103 2 6 1
107.103 4 6 1
107.509 3 6 1
107.914 1 6 1
107.914 4 6 48.6
108.218 3 6 1
108.319 2 6 48.72
108.522 3 6 1
108.725 1 6 97.32
108.725 4 6 1
109.13 4 6 1
109.13 2 6 24.36
109.333 3 6 1
109.536 3 6 1
109.536 4 6 48.6
109.941 1 6 1
110.144 3 6 72.96
110.347 4 6 1
110.347 1 6 1
110.549 2 6 1
110.752 1 6 48.6
110.752 4 6 1
110.955 2 6 1
111.157 2 6 24.36
111.157 3 6 1
111.157 4 6 1
111.36 4 6 1
111.563 3 6 48.6
111.766 1 6 1
111.968 4 6 1
111.968 2 6 48.72
112.374 1 6 145.92
112.576 2 6 1
112.779 3 6 1
112.779 4 6 1
113.185 2 6 1
113.387 3 6 1
113.59 2 6 1
113.59 3 6 1
113.793 1 6 1
113.996 3 6 1
114.401 2 6 1
114.401 3 6 48.6
114.806 1 6 48.72
114.806 2 6 1
115.212 2 6 1
115.212 4 6 48.6
115.617 2 6 48.72
115.82 3 6 1
116.023 3 6 48.6
116.023 4 6 1
116.428 4 6 48.72
116.631 2 6 1
116.834 2 6 86.64
116.834 3 6 1
117.036 1 6 1
117.239 3 6 1
117.644 2 6 97.32
117.644 3 6 1
118.05 3 6 1
118.455 1 6 48.72
118.455 3 6 1
118.455 4 6 1
118.861 2 6 72.96
119.063 4 6 1
119.266 1 6 1
119.266 3 6 1
119.469 3 6 1
119.57 4 6 1
119.672 3 6 1
119.874 2 6 1
120.077 1 6 1
120.077 3 6 1
120.077 4 6 145.92
120.28 3 6 1
120.483 1 6 1
120.483 2 6 1
120.685 3 6 1
120.888 1 6 1
120.888 2 6 1
121.091 3 6 1
121.293 1 6 48.72
121.496 4 6 1
121.699 2 6 1
121.699 4 6 1
121.699 3 6 48.6
122.104 2 6 121.68
122.307 1 6 1
122.51 3 6 1
122.51 4 6 1
122.915 3 6 1
123.118 4 6 72.96
123.321 2 6 1
123.321 1 6 1
123.726 3 6 48.6
123.929 4 6 1
124.131 1 6 1
124.131 2 6 48.72
124.334 4 6 1
124.537 1 6 97.32
124.537 3 6 1
124.74 4 6 1
124.942 2 6 1
124.942 4 6 1
125.145 3 6 1
125.348 4 6 340.56
125.55 3 6 1
125.753 2 6 1
126.159 1 6 1
126.361 3 6 1
126.564 2 6 1
126.564 3 6 1
126.767 1 6 1
126.969 3 6 1
127.375 2 6 1
127.578 1 6 1
127.78 3 6 1
127.983 2 6 1
128.186 1 6 145.92
128.186 3 6 1
128.591 4 6 1
128.997 3 6 1
129.402 4 6 48.72
129.808 1 6 194.52
129.808 2 6 1
130.213 3 6 1
130.618 4 6 1
131.024 2 6 1
131.429 3 6 194.64
131.429 4 6 1
131.835 1 6 1
132.24 4 6 1
132.646 1 6 1
133.051 2 6 1
133.051 4 6 194.64
133.456 3 6 1
133.862 1 6 1
134.267 2 6 1
134.673 1 6 1
134.673 2 6 194.64
135.078 4 6 1
135.484 3 6 1
135.889 1 6 1
136.295 3 6 1
136.295 4 6 194.52
136.7 3 6 1
137.105 1 6 1
137.511 1 6 1
137.916 2 6 1
137.916 3 6 219
138.322 4 6 1
138.74 1 6 1
139.145 2 6 1
139.551 4 6 1
139.956 2 6 1
140.349 4 6 86.64
140.767 1 6 1
141.071 2 6 1
141.172 1 6 1
141.172 3 6 194.64
141.578 4 6 1
141.983 2 6 1
142.389 1 6 1
142.794 2 6 95.76
142.794 4 6 1
143.187 4 6 1
143.592 1 6 1
143.592 3 6 98.88
143.998 2 6 1
144.416 1 6 193.08
144.416 4 6 1
144.821 2 6 1
145.227 3 6 1
145.632 4 6 1
146.025 2 6 1
146.038 3 6 194.52
146.443 4 6 1
146.836 4 6 1
147.254 1 6 1
147.659 2 6 147.48
147.659 4 6 1
148.065 1 6 1
148.47 4 6 1
148.888 4 6 1
148.888 1 6 953.88
149.294 3 6 1
149.687 2 6 1
150.105 3 6 1
150.485 4 6 1
151.363 3 6 34.44
