2.469 3 6 40.2
3.115 1 6 1
3.115 3 6 293.16
4.6 1 6 1
6.001 2 6 242.76
8.024 1 6 429.12
12.071 4 6 89.04
13.041 3 6 87.6
13.771 4 6 40.2
14.442 1 6 1
14.442 2 6 91.92
15.783 3 6 68.88
16.645 4 6 80.4
17.315 1 6 1
17.89 3 6 60.36
19.279 2 6 45.96
19.925 1 6 722.64
20.093 4 6 1
26.271 4 6 534.48
30.82 4 6 637.92
36.136 1 6 1114.92
37.118 4 6 1
38.579 4 6 1
39.249 3 6 1
40.111 4 6 1
43.009 4 6 1
46.349 4 6 289.8
48.764 3 6 272.04
51.031 1 6 126.36
51.174 4 6 465.48
54.127 1 6 766.32
54.127 3 6 1
60.848 4 6 333.36
63.323 3 6 36.36
63.833 1 6 124.56
65.558 2 6 245.16
67.768 1 6 298.92
67.768 2 6 386.04
70.331 1 6 1
70.331 3 6 293.04
72.773 2 6 1
72.773 4 6 1
73.228 3 6 1
76.82 4 6 1145.04
79.925 1 6 122.64
82.351 1 6 112.08
86.362 1 6 62.76
87.14 4 6 429.12
88.96 1 6 210.72
90.816 1 6 132.24
91.714 2 6 24.48
91.918 3 6 261.96
94.372 2 6 287.4
94.372 1 6 1
96.767 3 6 277.68
96.767 4 6 277.68
99.209 1 6 255.72
99.209 4 6 283.56
101.572 1 6 578.52
101.572 3 6 145.56
102.785 4 6 141.24
104.106 2 6 274.44
104.106 3 6 25.32
106.393 3 6 481.32
106.393 4 6 42.12
107.015 4 6 178.2
111.134 3 6 557.4
115.62 1 6 1
115.779 2 6 1
115.939 4 6 578.52
118.378 1 6 297.36
120.856 2 6 1
120.856 3 6 34.44
120.856 4 6 275.88
121.303 2 6 1
121.778 2 6 1
122.556 1 6 1
123.155 1 6 249.96
123.155 3 6 1
124.124 2 6 1
124.368 4 6 1
124.975 2 6 1
125.573 1 6 1
125.573 3 6 1
125.573 4 6 235.68
126.731 1 6 70.8
127.321 2 6 1
127.704 1 6 36.48
128.008 2 6 145.56
128.008 4 6 1
128.455 3 6 1
129.221 3 6 1
129.221 4 6 1
129.548 2 6 1
129.979 3 6 1
129.979 4 6 1
130.434 1 6 281.64
132.35 4 6 1
132.781 3 6 195.36
135.463 1 6 255.72
136.971 4 6 250.08
137.594 2 6 290.16
140.012 1 6 264.36
140.012 3 6 245.28
142.215 2 6 23.04
142.407 3 6 284.52
142.407 4 6 284.52
145.077 1 6 825.12
150.764 4 6 1
151.059 3 6 1
151.195 2 6 1
151.351 3 6 1
151.506 4 6 1
151.662 3 6 1
151.818 2 6 1
151.953 3 6 1
152.105 1 6 1
152.189 2 6 1
152.273 4 6 1
152.44 1 6 1
152.608 4 6 1
152.871 2 6 1
153.039 3 6 1
153.182 1 6 1
153.326 4 6 1
153.486 1 6 1
153.637 4 6 1
153.781 3 6 1
154.08 2 6 1
154.236 1 6 1
154.38 4 6 1
154.523 2 6 1
154.667 3 6 1
154.827 3 6 1
154.978 2 6 1
155.122 4 6 1
155.274 3 6 1
155.421 2 6 1
155.577 4 6 1
155.721 1 6 1
155.876 3 6 1
156.032 1 6 1
156.168 2 6 1
156.319 4 6 1
156.463 2 6 1
156.615 1 6 1
156.774 3 6 1
156.918 1 6 1
157.062 4 6 1
157.217 3 6 1
157.373 1 6 1
157.509 4 6 1
157.66 2 6 1
157.804 2 6 1
157.956 1 6 1
158.103 3 6 1
158.259 4 6 1
158.403 1 6 1
158.546 3 6 1
158.69 1 6 1
158.85 2 6 1
159.001 4 6 1
159.145 3 6 34.44
159.145 4 6 34.44
159.432 1 6 57.48
159.432 2 6 57.48
159.911 3 6 60.36
159.911 4 6 60.36
160.414 1 6 14.4
160.773 2 6 91.92
161.539 4 6 112.08
161.851 3 6 1
162.473 1 6 132.24
163.934 3 6 112.08
163.934 4 6 130.8
165.85 4 6 1
165.85 3 6 1
165.993 2 6 1
165.993 1 6 1
166.113 3 6 124.56
166.113 4 6 238.56
168.101 2 6 1
172.938 2 6 1
173.165 4 6 1
173.584 4 6 1
173.919 3 6 1
174.71 3 6 1
175.388 4 6 1
176.146 3 6 1
176.936 3 6 1
176.936 4 6 1
178.23 3 6 1
178.289 2 6 1
178.541 4 6 1
179.331 3 6 1
179.475 1 6 1
179.858 2 6 1
180.193 2 6 1
180.193 4 6 1
181.007 1 6 270.12
182.588 3 6 1
182.659 4 6 1
183.306 2 6 1
183.665 4 6 1
