1.321 1 6 1
1.488 1 6 1
1.655 4 6 1
1.821 1 6 1
1.988 4 6 1
2.155 2 6 1
2.321 1 6 1
2.488 4 6 1
2.655 3 6 1
2.821 1 6 1
2.988 4 6 1
3.155 1 6 1
3.321 4 6 1
3.655 4 6 1
3.821 1 6 1
3.988 1 6 1
4.488 4 6 1
4.571 3 6 1
4.655 1 6 1
4.738 2 6 1
4.821 3 6 1
4.905 2 6 1
5.071 2 6 1
5.155 1 6 1
5.155 4 6 1
5.655 1 6 1
5.655 3 6 1
6.155 3 6 1
6.155 2 6 1
6.571 3 6 1
6.655 2 6 1
6.655 3 6 1
7.155 1 6 1
7.155 4 6 1
7.655 1 6 1
7.655 4 6 1
7.738 2 6 1
7.821 1 6 1
7.905 3 6 1
7.988 2 6 1
8.071 1 6 1
8.155 3 6 1
8.155 4 6 1
8.571 2 6 1
8.655 3 6 1
8.821 3 6 1
8.988 3 6 1
9.155 1 6 1
9.155 4 6 1
9.655 2 6 1
9.655 4 6 1
10.155 1 6 1
10.155 3 6 1
10.655 2 6 1
10.655 3 6 1
11.155 1 6 1
11.155 3 6 1
11.655 1 6 1
11.655 4 6 1
11.738 3 6 1
11.821 2 6 1
11.905 3 6 1
11.988 2 6 1
12.071 3 6 1
12.155 1 6 1
12.155 4 6 1
12.571 1 6 1
12.655 3 6 1
13.071 3 6 1
13.155 1 6 1
13.155 2 6 1
13.655 2 6 1
13.655 4 6 1
14.155 2 6 1
14.155 4 6 1
14.571 3 6 1
14.655 2 6 1
14.655 1 6 1
15.155 1 6 1
15.155 3 6 1
15.655 1 6 1
15.738 3 6 1
15.821 2 6 1
15.905 3 6 1
15.988 2 6 1
16.071 3 6 1
16.155 1 6 1
16.155 4 6 1
16.655 2 6 1
16.655 3 6 1
17.071 1 6 1
17.155 3 6 1
17.155 4 6 1
17.655 1 6 1
17.655 3 6 1
18.155 2 6 1
18.155 3 6 1
18.238 4 6 1
18.655 3 6 1
18.655 4 6 1
19.155 2 6 1
19.155 4 6 1
19.655 3 6 1
19.655 4 6 1
19.738 2 6 1
19.821 3 6 1
19.905 2 6 1
19.988 3 6 1
20.071 2 6 1
20.155 3 6 1
20.155 4 6 1
21.821 4 6 40.08
22.155 1 6 1
22.155 2 6 1
22.655 3 6 1
22.655 1 6 1
23.155 3 6 1
23.155 4 6 1
23.238 3 6 1
23.571 2 6 1
23.655 3 6 1
23.988 4 6 1
24.155 1 6 1
24.238 4 6 1
24.321 2 6 1
24.488 1 6 1
24.655 2 6 1
24.738 1 6 1
24.821 3 6 1
24.988 3 6 1
25.155 1 6 1
25.321 4 6 1
25.488 2 6 1
25.655 3 6 1
25.821 4 6 40.08
26.155 2 6 1
26.321 1 6 1
26.488 3 6 1
26.655 4 6 1
26.821 2 6 1
26.905 1 6 1
26.988 2 6 1
27.071 3 6 1
27.155 4 6 1
27.238 2 6 1
27.321 4 6 1
27.405 2 6 1
27.488 1 6 1
27.571 3 6 1
27.655 2 6 1
27.738 3 6 1
27.821 1 6 1
27.905 4 6 1
27.988 2 6 1
28.071 3 6 1
28.155 2 6 1
28.238 4 6 1
28.321 1 6 1
28.405 2 6 1
28.488 4 6 1
28.571 3 6 1
28.655 2 6 1
28.738 4 6 1
28.821 3 6 1
28.905 1 6 1
28.988 2 6 1
29.071 3 6 1
29.155 1 6 60
29.988 1 6 1
30.488 1 6 1
30.488 3 6 1
30.655 2 6 1
30.821 1 6 1
30.988 2 6 1
30.988 4 6 1
31.155 1 6 1
31.238 3 6 1
31.321 2 6 1
31.405 4 6 1
31.488 3 6 1
31.571 1 6 1
31.655 2 6 1
31.821 4 6 1
31.905 3 6 1
31.988 2 6 1
32.071 4 6 1
32.155 3 6 1
32.238 1 6 1
32.321 4 6 1
32.405 3 6 1
32.488 2 6 1
32.571 1 6 1
32.655 4 6 1
32.738 1 6 1
32.738 3 6 1
32.821 4 6 1
32.905 2 6 1
32.988 4 6 1
33.071 1 6 1
33.155 4 6 1
33.238 1 6 1
33.321 3 6 1
33.488 1 6 1
33.821 2 6 1
33.988 4 6 1
34.071 3 6 1
34.155 2 6 1
34.238 1 6 1
34.321 3 6 1
34.405 2 6 1
34.488 3 6 1
34.571 1 6 1
34.655 2 6 1
34.738 3 6 1
34.821 4 6 1
34.905 3 6 1
34.988 2 6 1
35.071 1 6 1
35.155 4 6 1
35.238 2 6 1
35.321 3 6 1
35.405 4 6 1
35.488 2 6 1
35.571 3 6 1
35.655 1 6 1
35.738 2 6 1
35.821 4 6 1
35.905 1 6 1
35.988 3 6 1
36.071 2 6 1
36.155 3 6 1
36.238 2 6 1
36.321 4 6 1
36.405 1 6 1
36.488 4 6 1
36.571 3 6 1
36.655 1 6 1
36.738 2 6 1
36.821 3 6 1
36.905 2 6 1
36.988 3 6 1
37.488 4 6 1
37.488 2 6 1
37.655 1 6 1
37.821 2 6 1
37.988 1 6 1
37.988 4 6 1
38.155 3 6 1
38.321 4 6 1
38.488 3 6 1
38.655 2 6 1
38.821 1 6 1
38.988 4 6 1
39.071 2 6 1
39.155 4 6 1
39.238 3 6 1
39.321 2 6 1
39.405 3 6 1
39.488 1 6 1
39.571 4 6 1
39.655 2 6 1
39.738 3 6 1
39.821 2 6 1
39.988 4 6 120
40.988 1 6 99.96
41.821 3 6 1
42.655 3 6 1
42.821 1 6 1
42.988 2 6 1
43.071 3 6 1
43.155 4 6 1
43.321 1 6 1
43.321 3 6 1
43.488 4 6 1
43.655 2 6 1
43.821 4 6 1
43.988 2 6 1
44.155 4 6 1
44.321 2 6 1
44.488 1 6 1
44.655 2 6 1
44.821 3 6 1
44.988 2 6 1
45.155 4 6 1
45.321 1 6 1
45.488 3 6 1
45.655 4 6 1
45.821 3 6 1
45.988 4 6 1
46.155 3 6 1
46.321 4 6 1
46.405 3 6 1
46.488 1 6 1
46.655 4 6 1
46.821 2 6 1
46.988 4 6 1
47.155 2 6 1
47.321 4 6 1
47.488 2 6 1
47.655 3 6 1
47.821 4 6 1
47.988 1 6 1
48.155 2 6 1
48.321 2 6 1
48.488 1 6 1
48.655 4 6 1
48.821 2 6 1
48.988 4 6 1
49.155 2 6 1
49.321 1 6 1
49.321 4 6 1
49.488 3 6 1
49.655 4 6 1
49.821 2 6 1
49.988 4 6 1
50.155 4 6 1
50.321 1 6 1
50.488 4 6 1
50.655 1 6 1
50.821 3 6 1
50.988 2 6 1
51.155 3 6 1
51.321 4 6 1
51.488 1 6 1
51.655 4 6 1
51.821 2 6 1
51.988 3 6 1
52.155 2 6 1
52.321 4 6 1
52.488 2 6 1
52.655 4 6 1
52.821 1 6 1
52.988 4 6 1
53.155 4 6 1
53.321 2 6 1
53.488 3 6 1
53.655 4 6 1
53.821 2 6 1
53.988 4 6 1
54.155 3 6 1
54.321 4 6 1
54.488 2 6 1
54.655 3 6 1
54.821 2 6 1
54.988 3 6 1
55.155 1 6 1
55.321 3 6 1
55.488 4 6 1
55.655 1 6 1
55.821 4 6 1
55.988 2 6 1
56.155 4 6 1
56.321 3 6 1
56.488 1 6 1
56.655 2 6 1
56.821 3 6 1
56.988 2 6 1
57.155 3 6 1
57.321 1 6 1
57.321 4 6 1
57.488 3 6 1
57.821 2 6 1
57.821 4 6 1
58.155 2 6 1
58.321 3 6 1
58.321 4 6 1
58.738 3 6 1
58.821 1 6 1
58.821 2 6 1
59.321 1 6 1
59.321 4 6 1
59.488 1 6 1
59.571 3 6 1
59.655 2 6 1
59.738 1 6 1
59.821 3 6 1
59.905 4 6 1
59.988 3 6 1
60.071 2 6 1
60.238 1 6 1
60.655 3 6 1
60.738 2 6 1
60.821 3 6 1
60.905 1 6 1
60.988 2 6 1
61.071 3 6 1
61.155 4 6 1
61.238 2 6 1
61.321 3 6 60
61.321 4 6 1
61.821 1 6 1
61.821 4 6 1
62.321 1 6 1
62.321 4 6 1
62.655 2 6 1
62.738 1 6 1
62.821 2 6 1
62.988 4 6 1
63.155 2 6 1
63.321 1 6 1
63.321 4 6 1
63.488 3 6 1
63.821 1 6 1
63.821 2 6 1
63.905 3 6 1
63.988 4 6 1
64.321 1 6 60
64.321 3 6 1
64.821 2 6 1
64.988 3 6 1
65.155 2 6 1
65.321 1 6 1
65.321 3 6 1
65.821 1 6 60
65.821 2 6 1
66.321 2 6 60
66.321 4 6 1
66.821 4 6 60
66.821 3 6 1
67.321 3 6 1
67.321 1 6 60
67.654 2 6 1
67.821 3 6 1
67.904 2 6 1
67.988 1 6 1
68.071 3 6 1
68.071 4 6 1
68.154 2 6 1
68.321 1 6 60
68.321 4 6 1
68.488 3 6 1
68.654 3 6 1
68.821 4 6 1
68.904 2 6 1
68.988 1 6 1
69.154 4 6 1
69.321 1 6 1
69.321 3 6 1
69.821 4 6 1
69.821 2 6 1
70.321 1 6 1
70.321 3 6 1
70.654 4 6 1
70.821 3 6 1
70.904 2 6 1
70.988 4 6 1
71.321 1 6 60
71.821 3 6 1
71.904 2 6 1
71.988 1 6 1
72.071 3 6 1
72.154 2 6 1
72.321 3 6 1
72.321 4 6 50.04
72.821 2 6 1
72.988 3 6 1
73.154 2 6 1
73.321 4 6 1
73.654 4 6 1
73.821 2 6 1
73.988 4 6 1
74.154 2 6 1
74.321 4 6 1
74.488 2 6 1
74.654 2 6 1
74.821 2 6 1
74.988 2 6 1
75.154 2 6 1
75.321 2 6 1
75.488 4 6 1
75.654 1 6 1
75.821 4 6 1
75.988 4 6 1
76.154 1 6 1
76.321 4 6 1
76.404 3 6 1
76.488 2 6 1
76.571 1 6 1
76.654 4 6 1
76.738 3 6 1
76.821 1 6 1
76.904 2 6 1
76.988 1 6 1
77.071 4 6 1
77.154 3 6 1
77.238 2 6 129.96
78.321 4 6 1
80.821 3 6 99.96
80.821 4 6 335.04
86.821 4 6 1
86.988 2 6 1
87.154 4 6 1
87.321 3 6 1
87.488 1 6 1
87.654 2 6 1
87.821 4 6 1
87.988 1 6 1
88.154 4 6 1
88.321 1 6 1
88.488 4 6 1
88.654 3 6 1
88.821 4 6 1
88.821 2 6 1
88.988 3 6 1
89.154 1 6 1
89.321 2 6 1
89.488 4 6 1
89.654 3 6 1
89.821 1 6 1
89.821 4 6 1
89.988 1 6 1
90.154 1 6 1
90.321 4 6 1
90.488 3 6 1
90.654 1 6 1
90.821 3 6 1
90.988 4 6 1
91.154 1 6 1
91.321 3 6 1
91.321 4 6 1
91.488 2 6 1
91.654 1 6 1
91.821 4 6 1
91.988 1 6 1
92.154 2 6 1
92.321 4 6 1
92.488 1 6 1
92.654 3 6 1
92.821 2 6 1
92.821 4 6 1
92.988 3 6 1
93.154 1 6 1
93.321 4 6 1
93.488 2 6 1
93.654 4 6 1
93.821 1 6 1
93.821 3 6 1
93.988 4 6 1
94.154 1 6 1
94.321 4 6 1
94.488 1 6 1
94.654 4 6 1
94.821 3 6 1
94.821 1 6 1
94.988 2 6 1
95.154 2 6 1
95.154 4 6 1
95.321 1 6 1
95.321 3 6 1
95.488 3 6 1
95.654 1 6 1
95.821 1 6 1
95.988 3 6 1
96.154 1 6 1
96.321 3 6 1
96.321 4 6 1
96.488 1 6 1
96.488 2 6 1
96.654 4 6 1
96.821 2 6 1
96.821 3 6 1
96.988 1 6 1
97.154 3 6 1
97.321 3 6 1
97.488 2 6 1
97.654 2 6 1
97.654 3 6 1
97.821 3 6 1
97.821 4 6 1
97.988 2 6 1
98.154 1 6 1
98.321 3 6 1
98.488 1 6 1
98.488 2 6 1
98.654 3 6 1
98.821 3 6 1
98.821 2 6 1
98.988 2 6 1
99.154 3 6 1
99.154 4 6 1
99.321 2 6 1
99.488 3 6 1
99.488 4 6 1
99.654 1 6 1
99.821 2 6 1
99.988 3 6 1
100.154 2 6 1
100.321 3 6 1
100.488 4 6 1
100.738 3 6 1
100.842 2 6 22.44
100.852 1 6 21.24
101.113 2 6 11.64
101.154 4 6 6.72
102.154 1 6 1
102.321 3 6 1
102.404 2 6 1
102.488 4 6 1
102.571 3 6 1
102.654 2 6 1
102.821 1 6 1
102.821 4 6 1
103.321 1 6 1
103.321 3 6 1
103.321 4 6 1
103.821 2 6 1
103.821 1 6 1
104.238 2 6 1
104.321 1 6 1
104.404 3 6 1
104.488 2 6 1
104.654 3 6 1
104.821 1 6 1
104.821 4 6 1
105.321 2 6 1
105.571 2 6 1
105.738 2 6 1
105.821 3 6 1
105.821 4 6 39.96
106.154 2 6 1
106.238 3 6 1
106.321 1 6 1
106.404 3 6 1
106.571 3 6 1
106.654 2 6 1
106.821 1 6 1
106.821 3 6 1
107.321 1 6 60
107.321 2 6 1
107.821 2 6 42.48
107.821 4 6 1
108.321 1 6 1
108.321 2 6 50.04
108.821 3 6 1
108.821 4 6 1
108.904 2 6 1
108.988 1 6 1
109.071 3 6 1
109.154 2 6 1
109.321 3 6 1
109.321 4 6 1
109.404 1 6 1
109.488 2 6 1
109.571 3 6 1
109.654 2 6 1
109.738 4 6 1
109.821 3 6 1
109.821 1 6 1
109.988 3 6 1
110.071 4 6 1
110.154 2 6 1
110.154 1 6 1
110.321 4 6 1
110.488 1 6 1
110.488 3 6 1
110.654 2 6 1
110.821 1 6 1
110.821 4 6 39.96
110.988 2 6 1
111.154 2 6 1
111.321 3 6 1
111.321 4 6 1
111.488 2 6 1
111.654 4 6 1
111.821 1 6 60
111.821 3 6 1
111.988 2 6 1
112.154 3 6 1
112.321 2 6 1
112.321 4 6 1
112.488 1 6 1
112.654 2 6 60
112.654 3 6 1
112.821 4 6 1
113.154 4 6 20.04
113.321 3 6 1
113.404 2 6 1
113.488 1 6 1
113.571 3 6 1
113.654 4 6 1
113.738 3 6 1
113.821 2 6 20.04
113.988 3 6 19.92
114.154 2 6 1
114.321 4 6 1
114.488 3 6 1
114.654 1 6 1
114.738 2 6 1
114.821 1 6 1
114.821 4 6 60
114.988 1 6 1
115.154 2 6 1
115.321 1 6 1
115.321 3 6 39.96
115.488 2 6 1
115.654 4 6 20.04
115.821 2 6 1
115.821 3 6 20.04
115.988 1 6 1
116.154 3 6 1
116.238 2 6 1
116.321 1 6 1
116.321 4 6 1
116.488 2 6 1
116.488 3 6 39.96
116.821 1 6 1
116.821 4 6 140.04
116.988 3 6 1
117.154 2 6 1
117.321 3 6 1
117.488 1 6 1
117.654 2 6 1
117.821 1 6 1
117.821 3 6 1
117.988 2 6 1
118.154 1 6 1
118.321 4 6 1
118.488 2 6 1
118.654 4 6 1
118.821 1 6 69.96
118.988 2 6 1
119.154 4 6 1
119.238 3 6 1
119.321 2 6 1
119.404 3 6 1
119.488 4 6 1
119.571 3 6 1
119.654 1 6 1
119.738 2 6 1
119.821 4 6 1
119.904 3 6 1
119.988 2 6 1
120.071 1 6 1
120.154 4 6 1
120.238 3 6 1
120.321 4 6 1
120.404 2 6 1
120.488 4 6 1
120.571 3 6 1
120.654 1 6 1
120.654 2 6 1
127.821 1 6 1
127.821 3 6 1
127.988 3 6 1
128.154 2 6 1
128.321 3 6 1
128.488 1 6 1
128.654 2 6 1
128.821 3 6 1
128.988 4 6 1
129.154 1 6 1
129.321 3 6 1
129.321 4 6 1
129.488 1 6 1
129.654 3 6 1
129.821 4 6 1
129.988 2 6 1
130.154 2 6 1
130.321 4 6 1
130.404 3 6 1
130.488 2 6 1
130.571 3 6 1
130.654 2 6 1
130.738 4 6 1
130.821 3 6 1
130.821 1 6 99.96
131.321 3 6 1
131.654 2 6 1
131.821 3 6 1
131.821 2 6 1
131.988 4 6 1
132.154 2 6 1
132.321 4 6 1
132.321 3 6 1
132.488 2 6 1
132.654 3 6 1
132.821 2 6 1
132.821 4 6 1
132.988 3 6 1
133.154 1 6 1
133.321 2 6 1
133.321 4 6 1
133.488 3 6 1
133.654 4 6 1
133.821 3 6 1
133.904 2 6 1
133.988 4 6 1
134.071 1 6 1
134.154 2 6 1
134.237 3 6 1
134.321 4 6 1
134.404 3 6 1
134.487 1 6 1
134.571 2 6 1
134.654 3 6 1
134.737 1 6 1
134.821 4 6 1
134.904 3 6 1
134.987 1 6 1
135.071 2 6 1
135.154 3 6 1
135.237 4 6 1
135.321 2 6 1
135.404 3 6 1
135.487 4 6 1
135.571 3 6 1
135.654 1 6 1
135.737 2 6 1
135.821 3 6 1
135.821 4 6 1
136.237 4 6 1
136.321 2 6 1
136.737 3 6 1
136.821 2 6 1
136.821 4 6 1
137.237 4 6 1
137.321 1 6 1
137.654 2 6 1
137.821 1 6 1
137.821 3 6 1
137.904 2 6 1
138.321 1 6 1
138.321 3 6 1
138.821 2 6 1
138.987 1 6 1
139.154 1 6 1
139.321 4 6 1
139.404 2 6 1
139.487 4 6 1
139.654 3 6 1
139.821 2 6 1
139.904 4 6 1
139.987 3 6 1
140.321 1 6 1
140.404 2 6 1
140.487 1 6 1
140.571 2 6 1
140.654 4 6 1
141.154 3 6 1
141.321 3 6 1
141.487 3 6 1
141.654 2 6 1
141.821 2 6 1
141.987 3 6 1
142.154 3 6 1
142.154 4 6 1
142.321 1 6 1
142.404 3 6 1
142.487 2 6 1
142.654 4 6 1
142.821 3 6 1
142.904 2 6 1
142.987 3 6 1
143.071 2 6 1
143.154 1 6 20.04
143.321 3 6 1
143.487 3 6 20.04
143.654 2 6 39.96
143.654 4 6 1
143.821 3 6 1
143.987 1 6 1
144.154 1 6 1
144.321 1 6 1
144.487 1 6 1
144.654 1 6 1
144.821 3 6 1
144.821 4 6 1
145.321 4 6 1
145.321 2 6 1
145.821 1 6 99.96
145.821 4 6 99.96
