8.11 1 6 1
8.11 4 6 323.16
8.11 2 6 1
8.422 1 6 1
8.734 1 6 1
9.359 2 6 1
9.983 2 6 1
10.315 2 6 1
10.608 1 6 1
10.608 3 6 299.64
11.232 2 6 1
11.681 1 6 1
11.856 1 6 1
12.169 2 6 1
12.481 1 6 1
12.793 2 6 1
13.105 1 6 487.08
13.105 4 6 1
13.574 4 6 1
14.042 3 6 1
14.354 4 6 1
14.666 3 6 1
14.979 3 6 1
15.291 3 6 1
15.603 2 6 1
15.603 3 6 1
16.15 3 6 1
16.403 3 6 1
16.833 4 6 1
16.904 3 6 1
17.476 1 6 1
17.476 4 6 1
17.73 3 6 1
18.101 1 6 299.76
18.101 3 6 1
18.101 4 6 1
18.413 4 6 1
18.725 3 6 1
19.038 2 6 1
19.35 3 6 1
19.662 4 6 1
19.974 3 6 1
20.286 3 6 1
20.599 2 6 1
20.599 4 6 299.64
21.223 1 6 1
21.535 3 6 1
21.848 1 6 1
22.316 3 6 1
22.472 1 6 1
22.667 3 6 1
22.784 1 6 1
23.096 2 6 1
23.096 3 6 152.28
23.721 1 6 1
24.111 1 6 1
24.365 1 6 1
24.365 2 6 149.88
25.302 3 6 1
25.614 4 6 1
25.614 1 6 1
26.043 1 6 1
26.238 2 6 1
26.707 2 6 1
26.863 4 6 149.88
27.487 1 6 1
27.487 2 6 1
27.663 3 6 1
27.799 1 6 1
27.936 2 6 1
28.112 1 6 1
28.112 3 6 1
28.58 4 6 1
28.736 3 6 1
28.892 2 6 1
29.048 4 6 1
29.36 1 6 1
30.004 1 6 1
30.16 3 6 1
30.297 4 6 1
30.453 2 6 1
30.609 1 6 1
30.609 4 6 1
31.078 4 6 1
31.234 1 6 1
31.39 3 6 1
31.546 4 6 1
31.702 2 6 1
31.858 1 6 1
32.483 4 6 1
32.795 2 6 1
32.951 4 6 1
33.088 1 6 1
33.556 1 6 1
33.712 4 6 1
33.868 2 6 1
34.024 1 6 1
34.18 3 6 1
34.336 1 6 99.96
34.336 4 6 1
34.941 4 6 1
35.663 1 6 210.84
35.663 2 6 1
35.663 4 6 1
38.016 1 6 1
38.576 2 6 1
39.23 4 6 1
39.791 4 6 1
40.375 4 6 1
40.948 1 6 1
41.485 1 6 1
42.128 1 6 1
42.688 1 6 1
43.249 1 6 1
43.81 1 6 1
44.371 1 6 1
44.931 1 6 1
44.931 2 6 1
45.399 1 6 1
45.492 2 6 1
45.772 1 6 1
46.053 1 6 1
46.333 2 6 1
46.52 2 6 1
46.613 1 6 1
46.8 2 6 1
46.894 4 6 1
47.174 1 6 1
47.174 2 6 1
47.455 2 6 1
47.641 1 6 1
47.735 3 6 1
48.015 3 6 1
48.015 4 6 1
48.202 3 6 1
48.296 4 6 1
48.576 4 6 1
48.763 2 6 1
48.763 4 6 1
48.856 1 6 1
49.043 4 6 1
49.137 2 6 1
49.417 2 6 1
49.417 3 6 1
49.698 2 6 1
49.884 1 6 1
49.978 1 6 1
50.165 2 6 1
50.258 3 6 1
50.258 4 6 1
50.445 4 6 1
50.539 3 6 1
50.726 2 6 1
50.819 4 6 1
51.006 1 6 1
51.006 2 6 1
51.099 3 6 1
51.38 1 6 1
51.38 2 6 1
51.567 2 6 1
51.66 2 6 1
51.66 4 6 1
51.847 1 6 1
51.94 4 6 1
52.127 4 6 1
52.221 1 6 1
52.221 2 6 1
52.408 2 6 1
52.501 1 6 1
52.501 3 6 1
52.688 2 6 1
52.782 3 6 1
52.782 4 6 1
52.968 2 6 1
53.062 3 6 1
53.062 4 6 1
53.249 4 6 1
53.342 1 6 1
53.342 2 6 1
53.529 3 6 1
53.623 1 6 1
53.623 2 6 1
53.903 3 6 22.44
53.903 4 6 1
54.183 3 6 22.44
54.37 1 6 11.28
54.464 3 6 1
54.464 2 6 1
54.744 3 6 33.6
55.024 2 6 33.72
55.024 4 6 1
55.305 3 6 1
55.492 4 6 1
55.585 3 6 1
55.585 4 6 1
55.866 1 6 1
55.866 2 6 67.2
56.146 4 6 1
56.146 3 6 1
56.426 1 6 19.68
56.707 4 6 1
56.707 2 6 1
56.707 3 6 22.44
56.894 4 6 1
56.987 1 6 22.44
57.174 2 6 11.16
57.267 3 6 11.28
57.267 4 6 1
57.454 3 6 11.28
57.548 2 6 22.44
57.735 3 6 11.16
57.828 1 6 1
57.828 2 6 1
57.828 4 6 1
58.015 3 6 44.88
58.389 2 6 67.32
58.669 4 6 11.28
58.856 1 6 1
58.95 3 6 1
58.95 4 6 1
59.23 3 6 1
59.51 2 6 33.72
59.51 3 6 1
59.791 4 6 1
59.978 1 6 11.16
60.071 3 6 1
60.071 4 6 1
60.351 4 6 33.72
60.632 1 6 22.44
60.632 2 6 1
60.912 1 6 1
60.912 2 6 33.72
61.193 4 6 1
61.193 3 6 22.32
61.379 2 6 11.28
61.473 1 6 22.44
61.473 3 6 1
61.66 2 6 1
61.753 2 6 33.72
61.753 4 6 22.44
61.94 1 6 1
62.034 3 6 33.6
62.221 1 6 11.16
62.314 2 6 1
62.314 4 6 1
62.501 3 6 1
62.594 2 6 15
62.875 1 6 1
62.875 2 6 33.6
63.155 3 6 22.44
63.342 1 6 11.28
63.436 2 6 1
63.436 4 6 1
63.716 3 6 1
63.996 1 6 1
63.996 2 6 33.72
64.277 3 6 1
64.464 4 6 1
64.557 3 6 1
64.837 3 6 33.72
64.837 4 6 1
65.118 1 6 22.44
65.118 2 6 1
65.398 4 6 28.08
65.678 1 6 22.44
65.678 2 6 1
65.865 3 6 11.28
65.959 2 6 33.6
65.959 4 6 1
66.146 4 6 1
66.239 1 6 22.44
66.239 3 6 1
66.426 2 6 1
66.52 2 6 22.32
66.706 3 6 78.6
66.8 2 6 1
66.8 4 6 1
66.987 1 6 1
67.08 2 6 33.72
67.361 4 6 11.16
67.641 1 6 22.44
67.828 4 6 1
67.828 3 6 11.16
67.921 1 6 1
67.921 2 6 1
68.202 3 6 1
68.482 2 6 33.72
68.482 3 6 1
68.763 4 6 1
68.949 4 6 1
69.043 1 6 1
69.043 2 6 33.6
69.323 4 6 33.72
69.604 1 6 16.8
69.604 3 6 1
69.884 1 6 33.6
69.884 2 6 1
70.164 3 6 22.44
70.351 1 6 1
70.445 2 6 33.6
70.632 3 6 1
70.725 3 6 33.6
70.912 4 6 33.6
71.005 1 6 1
71.192 3 6 11.28
71.473 1 6 33.6
71.473 2 6 33.6
71.847 3 6 1
71.847 4 6 22.32
72.127 1 6 11.16
72.314 3 6 1
72.314 1 6 11.16
72.407 2 6 1
72.407 4 6 1
72.688 2 6 33.6
72.968 1 6 33.6
72.968 4 6 1
73.248 3 6 1
73.435 2 6 1
73.529 1 6 1
73.529 4 6 1
73.809 4 6 33.6
74.089 1 6 1
74.089 2 6 67.32
74.37 4 6 1
74.65 1 6 1
74.65 3 6 1
74.837 3 6 11.28
74.931 2 6 33.6
74.931 4 6 1
75.118 1 6 1
75.211 3 6 33.6
75.211 4 6 1
75.398 2 6 1
75.491 2 6 33.72
75.678 3 6 1
75.772 1 6 1
75.772 3 6 22.44
75.959 2 6 44.76
76.052 3 6 1
76.332 3 6 11.28
76.332 4 6 16.92
76.613 4 6 22.44
76.8 3 6 11.16
76.893 1 6 1
76.893 2 6 1
77.174 4 6 22.32
77.454 1 6 1
77.454 2 6 33.6
77.734 4 6 1
77.921 4 6 1
78.015 1 6 1
78.015 2 6 1
78.295 4 6 33.6
78.575 1 6 33.72
78.856 4 6 33.6
79.136 2 6 22.44
79.136 1 6 1
79.323 3 6 11.16
79.416 1 6 22.44
79.603 2 6 1
79.603 3 6 11.28
79.697 4 6 22.44
79.884 3 6 1
79.884 2 6 33.6
79.977 1 6 1
80.164 3 6 11.28
80.258 1 6 1
80.258 2 6 1
80.258 4 6 22.32
80.444 1 6 1
80.538 3 6 33.6
80.818 1 6 22.44
80.818 2 6 22.44
81.099 4 6 1
81.286 1 6 11.16
81.379 3 6 1
81.659 1 6 33.72
81.94 3 6 33.6
81.94 4 6 1
82.22 4 6 1
82.407 4 6 1
82.501 1 6 22.32
82.501 2 6 1
82.781 1 6 33.6
83.061 3 6 1
83.061 4 6 33.72
83.342 1 6 1
83.342 2 6 33.6
83.622 1 6 22.44
83.622 4 6 1
83.809 3 6 11.16
83.902 4 6 22.44
84.089 1 6 1
84.183 3 6 33.6
84.37 1 6 1
84.463 2 6 33.6
84.65 1 6 11.16
84.743 3 6 1
84.743 4 6 1
84.93 2 6 33.72
85.024 1 6 33.6
85.304 4 6 33.72
85.585 2 6 22.32
85.771 3 6 11.28
85.865 1 6 1
85.865 2 6 1
86.145 3 6 1
86.145 4 6 1
86.426 2 6 33.6
86.426 3 6 1
86.706 4 6 1
86.893 4 6 1
86.986 1 6 1
86.986 2 6 1
87.267 2 6 33.6
87.547 3 6 1
87.547 4 6 33.6
87.827 2 6 33.72
88.108 1 6 22.44
88.295 2 6 11.16
88.388 3 6 33.72
88.575 4 6 1
88.669 1 6 22.44
88.856 2 6 11.16
88.949 3 6 22.44
89.136 2 6 33.6
89.416 4 6 33.72
89.79 1 6 56.04
89.79 3 6 1
89.79 4 6 1
90.257 3 6 1
90.351 2 6 1
90.351 3 6 33.6
90.631 2 6 33.72
90.912 1 6 67.2
90.912 4 6 33.6
91.192 3 6 1
91.379 4 6 1
91.472 2 6 33.72
91.472 3 6 1
91.753 4 6 8.4
92.033 1 6 67.32
92.033 2 6 1
92.407 4 6 1
92.594 4 6 33.6
92.874 2 6 33.6
93.154 4 6 86.04
93.435 1 6 1
93.559 1 6 18.72
93.622 2 6 5.52
93.715 3 6 33.72
93.996 1 6 19.56
93.996 2 6 33.6
94.276 1 6 44.88
94.556 2 6 33.72
94.556 3 6 1
94.743 1 6 11.28
94.837 4 6 33.6
95.117 1 6 1
95.117 3 6 33.6
95.397 1 6 67.32
95.397 4 6 1
95.678 2 6 33.6
95.865 3 6 1
95.958 4 6 33.72
96.239 3 6 33.6
96.519 1 6 100.92
96.519 4 6 1
96.986 3 6 1
97.08 2 6 1
97.36 4 6 78.48
97.64 3 6 1
97.827 2 6 22.44
98.108 1 6 1
98.201 3 6 1
98.201 4 6 67.32
98.481 2 6 1
98.481 3 6 33.72
98.762 1 6 67.32
98.762 2 6 1
99.042 3 6 1
99.229 3 6 11.28
99.323 4 6 33.6
99.603 2 6 33.6
99.883 1 6 67.32
99.883 4 6 22.44
100.351 3 6 1
100.444 2 6 33.6
100.444 4 6 1
100.724 3 6 33.72
101.005 1 6 9.84
101.005 4 6 67.32
101.472 2 6 1
101.566 3 6 33.6
101.846 1 6 33.6
102.126 4 6 100.92
102.407 1 6 1
102.5 3 6 1
102.594 2 6 11.16
102.687 3 6 1
102.967 1 6 33.72
102.967 3 6 33.72
103.248 4 6 22.44
103.528 2 6 33.6
103.528 1 6 67.32
103.715 4 6 1
103.808 3 6 67.32
104.089 2 6 33.6
104.369 4 6 100.92
104.65 3 6 1
104.836 1 6 1
104.93 2 6 1
105.21 2 6 33.72
105.491 1 6 134.52
105.771 2 6 33.6
105.958 4 6 1
106.238 4 6 1
106.332 2 6 1
106.612 4 6 1
106.799 1 6 1
106.892 2 6 1
107.079 1 6 1
107.173 4 6 1
107.453 1 6 1
107.734 2 6 33.6
107.734 4 6 1
108.014 1 6 1
108.014 4 6 1
108.201 3 6 1
108.294 4 6 22.44
108.294 2 6 1
108.481 2 6 1
108.575 1 6 22.44
108.762 2 6 1
108.855 3 6 1
108.855 4 6 33.6
109.042 1 6 1
109.135 2 6 1
109.322 1 6 1
109.416 3 6 22.44
109.696 1 6 1
109.696 4 6 33.72
109.977 1 6 1
109.977 2 6 1
110.257 3 6 11.16
110.257 4 6 1
110.444 3 6 11.16
110.537 1 6 22.44
110.724 2 6 1
110.818 3 6 22.44
110.818 4 6 22.44
111.098 2 6 22.44
111.098 4 6 1
111.378 1 6 22.44
111.378 3 6 1
111.565 2 6 11.28
111.659 1 6 1
111.846 2 6 11.16
111.939 1 6 1
111.939 3 6 1
112.126 3 6 1
112.219 2 6 11.28
112.219 4 6 1
112.5 3 6 1
112.687 4 6 1
112.78 2 6 16.8
112.78 3 6 1
113.061 2 6 33.6
113.061 3 6 1
113.247 4 6 1
113.341 1 6 1
113.528 1 6 33.6
113.621 4 6 1
113.808 3 6 1
113.902 1 6 1
113.902 2 6 1
114.182 1 6 1
114.182 4 6 33.6
114.462 1 6 1
114.462 3 6 33.72
114.743 1 6 22.44
114.93 2 6 11.16
115.023 3 6 33.72
115.023 4 6 1
115.304 1 6 33.6
115.304 2 6 1
115.49 3 6 1
115.584 2 6 1
115.584 3 6 22.44
115.771 1 6 11.16
115.864 2 6 22.44
116.051 3 6 11.28
116.145 4 6 1
116.332 2 6 11.16
116.425 3 6 1
116.425 4 6 1
116.612 2 6 1
116.705 1 6 22.44
116.986 3 6 1
117.173 4 6 1
117.266 2 6 22.44
117.453 1 6 1
117.546 2 6 22.44
117.546 3 6 1
117.733 3 6 1
117.827 1 6 1
117.827 4 6 22.44
118.014 3 6 1
118.107 1 6 1
118.294 1 6 11.28
118.388 2 6 22.32
118.388 4 6 1
118.574 3 6 1
118.668 1 6 1
118.668 4 6 22.44
118.948 1 6 1
118.948 4 6 22.44
119.229 2 6 22.44
119.229 3 6 1
119.416 4 6 1
119.509 2 6 33.6
119.696 3 6 11.16
119.789 1 6 22.44
119.976 2 6 11.28
120.07 3 6 33.6
120.07 4 6 1
120.35 1 6 1
120.35 4 6 22.44
120.537 2 6 11.16
120.63 3 6 22.44
120.817 2 6 11.28
120.911 3 6 1
120.911 4 6 1
121.191 1 6 1
121.191 4 6 1
121.472 3 6 1
121.659 2 6 11.16
121.752 1 6 1
121.752 4 6 1
121.939 2 6 33.6
122.032 3 6 1
122.219 1 6 11.28
122.313 3 6 1
122.313 4 6 1
122.5 1 6 11.16
122.593 4 6 1
122.78 3 6 1
122.873 2 6 22.44
123.154 3 6 1
123.154 4 6 1
123.434 2 6 33.72
123.434 4 6 1
123.715 1 6 1
123.715 4 6 22.32
123.901 2 6 11.28
123.995 3 6 22.44
123.995 4 6 1
124.182 1 6 1
124.275 2 6 1
124.275 3 6 22.44
124.462 2 6 11.28
124.556 4 6 1
124.556 1 6 33.6
124.836 3 6 11.16
125.023 3 6 11.16
125.116 2 6 22.44
125.303 1 6 1
125.397 4 6 1
125.677 1 6 11.28
125.677 3 6 1
125.957 1 6 1
125.957 2 6 1
126.144 3 6 1
126.238 1 6 1
126.238 2 6 22.44
126.518 1 6 22.44
126.518 4 6 1
126.705 2 6 1
126.799 4 6 1
126.799 1 6 1
126.985 3 6 11.28
127.079 2 6 1
127.079 1 6 1
127.266 4 6 1
127.359 3 6 1
127.359 2 6 33.72
127.64 1 6 22.44
127.64 4 6 1
127.827 4 6 11.16
127.92 3 6 1
127.92 1 6 1
128.2 2 6 22.44
128.2 4 6 1
128.481 1 6 22.44
128.668 3 6 11.16
128.761 2 6 1
128.761 4 6 22.44
128.948 2 6 39.24
129.042 1 6 1
129.322 3 6 1
129.322 1 6 16.8
129.509 2 6 11.16
129.602 4 6 1
129.883 2 6 33.6
129.883 4 6 1
130.163 1 6 1
130.163 3 6 1
130.443 1 6 1
130.443 3 6 1
130.63 1 6 1
130.63 2 6 1
130.724 3 6 11.16
130.724 4 6 1
131.004 1 6 1
131.004 2 6 1
131.191 2 6 11.16
131.191 4 6 1
131.284 1 6 1
131.471 4 6 1
131.565 3 6 1
131.565 2 6 1
131.752 2 6 11.16
131.845 1 6 1
131.845 4 6 1
132.126 4 6 1
132.126 3 6 33.6
132.406 1 6 1
132.406 2 6 33.6
132.406 4 6 1
132.686 1 6 22.44
132.686 4 6 1
132.873 3 6 11.28
132.967 2 6 22.44
132.967 4 6 1
133.154 1 6 11.16
133.247 3 6 1
133.247 4 6 22.44
133.434 3 6 11.16
133.527 4 6 1
133.527 1 6 22.44
133.714 2 6 11.28
133.808 3 6 22.44
133.995 2 6 11.16
134.088 4 6 1
134.275 3 6 44.88
134.368 2 6 1
134.649 1 6 11.16
134.649 4 6 1
134.929 2 6 1
134.929 3 6 1
135.116 4 6 1
135.116 3 6 1
135.21 1 6 1
135.21 2 6 1
135.49 4 6 1
135.49 1 6 11.16
135.677 3 6 1
135.77 4 6 1
135.77 1 6 11.28
135.957 2 6 1
136.051 3 6 1
136.051 4 6 1
136.238 2 6 1
136.331 1 6 1
136.331 3 6 1
136.518 4 6 1
136.611 1 6 1
136.611 2 6 22.44
136.798 3 6 1
136.892 4 6 1
136.892 1 6 33.6
137.172 2 6 33.72
137.172 4 6 1
137.453 3 6 1
137.453 1 6 22.32
137.733 1 6 1
137.733 3 6 22.44
137.92 2 6 11.16
138.013 1 6 1
138.013 4 6 22.44
138.294 1 6 22.44
138.294 2 6 1
138.481 2 6 11.16
138.574 3 6 1
138.574 4 6 1
138.854 1 6 1
138.854 3 6 1
139.135 3 6 8.4
139.135 4 6 1
139.415 3 6 1
139.415 4 6 1
139.602 1 6 11.16
139.602 2 6 1
139.695 3 6 1
139.695 4 6 1
139.976 1 6 11.16
139.976 4 6 1
140.163 3 6 1
140.256 1 6 1
140.256 2 6 1
140.256 4 6 1
140.443 2 6 11.28
140.537 1 6 1
140.723 3 6 1
140.817 1 6 22.44
140.817 4 6 1
141.097 2 6 1
141.097 3 6 16.8
141.378 1 6 1
141.378 4 6 22.44
141.565 2 6 1
141.658 1 6 1
141.658 3 6 22.44
141.845 2 6 1
141.938 1 6 22.44
141.938 4 6 1
142.125 3 6 11.28
142.219 1 6 1
142.219 2 6 22.44
142.219 4 6 1
142.406 3 6 11.16
142.499 1 6 22.44
142.499 4 6 1
142.686 3 6 1
142.78 2 6 22.32
142.966 4 6 11.28
143.06 3 6 33.6
143.34 1 6 33.72
143.34 2 6 1
143.621 2 6 1
143.621 4 6 1
143.621 3 6 33.6
143.901 2 6 1
144.181 3 6 1
144.181 4 6 67.32
144.462 2 6 1
144.462 3 6 1
144.742 2 6 1
144.742 3 6 67.32
145.022 1 6 1
145.303 4 6 1
145.303 1 6 1
145.303 2 6 67.32
145.583 3 6 1
145.864 4 6 33.6
145.864 3 6 1
146.144 3 6 22.44
146.331 1 6 11.16
146.424 2 6 67.32
146.424 4 6 1
146.705 1 6 1
146.705 3 6 1
146.985 3 6 56.04
146.985 4 6 1
147.172 2 6 1
147.265 1 6 1
147.452 4 6 11.28
147.546 2 6 67.32
147.826 3 6 1
147.826 4 6 1
148.107 1 6 22.32
148.107 4 6 67.2
148.387 2 6 1
148.574 1 6 1
148.667 3 6 33.72
148.948 1 6 89.64
148.948 2 6 1
149.228 3 6 1
149.415 4 6 1
149.508 2 6 1
149.695 4 6 1
149.789 1 6 33.6
150.069 3 6 1
150.349 1 6 1
150.349 3 6 1
150.536 2 6 1
150.63 4 6 1
150.91 1 6 1
150.91 3 6 1
151.191 1 6 1
151.191 2 6 1
151.471 3 6 1
151.471 4 6 1
151.751 1 6 1
151.751 2 6 1
152.032 1 6 1
152.032 3 6 1
152.312 2 6 1
152.312 4 6 1
152.592 3 6 1
152.592 4 6 56.16
152.873 1 6 1
153.06 3 6 11.16
153.153 2 6 33.6
153.433 1 6 1
153.433 3 6 33.72
153.714 1 6 67.32
153.994 2 6 1
154.181 2 6 11.28
154.275 3 6 33.6
154.275 4 6 1
154.555 1 6 33.6
154.835 4 6 1
154.835 3 6 33.72
155.116 2 6 33.6
155.396 1 6 33.6
155.396 4 6 1
155.676 3 6 33.72
155.676 4 6 1
155.957 2 6 50.4
156.237 3 6 1
156.377 3 6 50.52
156.518 1 6 1
156.798 2 6 22.44
156.798 4 6 1
157.078 2 6 100.92
157.359 4 6 1
157.546 1 6 1
157.639 3 6 1
157.919 3 6 1
158.2 4 6 67.2
158.387 3 6 1
158.48 2 6 1
158.667 2 6 1
158.76 1 6 67.32
159.041 3 6 1
159.228 3 6 1
159.321 4 6 291.6
