0.228 4 6 144
1.428 2 6 240
3.428 3 6 216
4.628 4 6 240
5.828 3 6 96
6.628 1 6 144
7.828 3 6 240
9.828 2 6 192
11.428 4 6 192.12
12.829 3 6 1
13.029 1 6 1
13.429 3 6 24
13.629 2 6 24
13.829 1 6 48
13.829 4 6 1
14.229 3 6 1
14.229 4 6 48
14.429 1 6 1
14.429 2 6 1
14.629 3 6 48
15.029 2 6 24
15.229 3 6 24
15.429 1 6 1
15.429 4 6 48
15.829 1 6 48
16.229 2 6 1
16.229 3 6 192
17.029 4 6 1
17.029 1 6 1
17.429 2 6 1
18.229 2 6 1
18.629 1 6 1
18.629 4 6 1
19.029 3 6 1
19.429 1 6 1
19.429 2 6 1
19.829 4 6 24
20.029 2 6 24
20.229 1 6 48
20.229 4 6 1
20.629 3 6 1
20.629 4 6 48
20.829 1 6 1
21.029 2 6 48
21.429 3 6 48
21.629 2 6 1
21.829 1 6 48
21.829 4 6 48
22.229 3 6 48
22.629 2 6 168
22.629 4 6 1
23.429 1 6 1
23.429 3 6 1
23.829 3 6 1
24.029 4 6 1
24.429 3 6 1
24.629 2 6 1
25.029 1 6 1
25.029 2 6 1
25.429 2 6 1
25.629 3 6 1
25.829 1 6 1
25.829 4 6 24
26.029 2 6 39.96
26.229 3 6 72
26.629 2 6 24
26.629 4 6 1
26.829 4 6 48
27.029 1 6 1
27.029 2 6 144
27.229 1 6 1
27.229 3 6 120
28.229 4 6 1
28.229 1 6 1
29.029 4 6 48
29.229 1 6 72
29.429 2 6 24
29.629 4 6 24
29.829 2 6 1
29.829 3 6 48
30.029 2 6 120
30.229 4 6 120
30.229 1 6 1
31.029 3 6 1
31.429 2 6 96
31.429 1 6 96
32.229 3 6 1
32.229 4 6 1
32.629 4 6 48
32.829 3 6 24
33.029 1 6 24
33.029 2 6 1
33.229 3 6 24
33.429 1 6 1
33.429 2 6 24
33.629 3 6 1
33.629 4 6 72
33.829 1 6 1
34.229 3 6 48
34.629 2 6 48
34.629 4 6 1
35.029 1 6 48
35.429 2 6 144
35.429 4 6 1
36.229 3 6 1
36.229 4 6 1
36.629 3 6 1
36.829 4 6 1
37.229 2 6 1
37.429 3 6 1
37.829 1 6 1
37.829 2 6 1
38.229 4 6 1
38.629 2 6 288
38.629 3 6 144
39.829 1 6 144
41.829 3 6 48
42.229 1 6 24
42.429 2 6 216
42.829 1 6 1
43.029 3 6 144
44.229 1 6 1
44.629 4 6 48
44.829 1 6 96
45.029 2 6 24
45.229 3 6 19.92
45.629 4 6 48
46.029 3 6 111.96
48.229 4 6 12
48.429 4 6 24
48.629 2 6 24
48.829 3 6 120
51.029 3 6 1
51.429 2 6 1
51.429 1 6 1
51.829 3 6 1
52.029 2 6 1
52.029 1 6 24
52.229 3 6 1
52.629 1 6 1
52.629 2 6 1
53.029 3 6 1
53.229 1 6 1
53.429 2 6 1
53.429 4 6 1
53.829 2 6 1
53.829 3 6 1
54.229 1 6 1
54.229 3 6 24
54.429 4 6 24
54.629 2 6 1
55.029 4 6 1
55.229 1 6 1
55.229 3 6 24
55.429 4 6 1
55.829 1 6 1
55.829 3 6 1
56.229 2 6 1
56.429 3 6 1
56.629 1 6 1
56.629 4 6 1
57.029 4 6 1
57.029 2 6 1
57.429 2 6 1
57.429 3 6 1
57.629 4 6 24
57.829 1 6 96
57.829 3 6 1
58.229 2 6 1
58.429 4 6 1
58.629 2 6 1
58.629 3 6 48
59.029 1 6 1
59.029 2 6 96
59.429 4 6 1
59.829 4 6 144
60.229 1 6 1
60.629 3 6 1
60.829 2 6 1
61.029 1 6 192
61.429 3 6 1
64.229 1 6 144
64.229 3 6 126
64.229 4 6 1
65.029 4 6 1
65.429 3 6 144
65.429 4 6 1
65.629 4 6 1
66.629 1 6 1
66.629 4 6 1
66.829 2 6 24
67.029 4 6 24
67.229 3 6 24
67.429 1 6 24
67.429 2 6 1
67.629 2 6 24
67.829 4 6 24
68.029 1 6 24
68.229 2 6 48
68.229 4 6 1
68.429 3 6 1
68.629 1 6 1
68.629 4 6 72
69.229 1 6 24
69.429 3 6 24
69.429 2 6 1
69.629 4 6 24
69.829 1 6 1
69.829 2 6 24
70.029 4 6 24
70.229 2 6 24
70.429 3 6 24
70.629 1 6 1
70.629 2 6 36
71.429 1 6 1
71.429 2 6 1
71.829 1 6 1
71.829 4 6 168
72.029 1 6 1
73.029 1 6 1
73.029 2 6 1
73.029 3 6 1
73.229 1 6 24
73.429 2 6 24
73.629 4 6 24
73.829 1 6 168
73.829 3 6 1
74.629 2 6 1
74.629 4 6 1
75.029 3 6 1
75.229 2 6 24
75.229 4 6 1
75.429 3 6 48
75.629 1 6 1
75.829 4 6 48
76.229 2 6 1
76.229 1 6 48
76.629 2 6 1
76.629 3 6 192
77.029 1 6 120
77.029 4 6 1
77.829 4 6 48
78.229 1 6 1
78.229 2 6 144
78.429 4 6 1
79.429 1 6 1
79.429 4 6 1
79.629 3 6 24
79.829 2 6 24
80.029 4 6 24
80.229 2 6 1
80.229 3 6 24
80.429 4 6 24
80.629 1 6 24
80.829 2 6 24
81.029 1 6 1
81.029 3 6 24
81.229 1 6 24
81.429 3 6 1
81.429 4 6 72
82.029 1 6 24
82.229 2 6 24
82.229 4 6 1
82.429 3 6 24
82.629 1 6 24
82.629 2 6 1
82.829 4 6 24
83.029 2 6 24
83.229 3 6 24
83.429 1 6 288
83.429 2 6 1
84.229 2 6 1
84.229 3 6 1
84.629 4 6 1
84.829 3 6 1
85.829 2 6 24
85.829 4 6 1
86.029 3 6 24
86.229 1 6 24
86.429 4 6 264
86.629 2 6 1
86.629 1 6 1
87.429 1 6 1
87.429 3 6 1
87.829 2 6 1
88.029 1 6 1
88.429 1 6 1
88.629 2 6 1
89.029 1 6 1
89.029 2 6 1
89.429 4 6 1
89.829 2 6 1
90.229 4 6 1
90.429 2 6 24
90.629 3 6 48
90.829 4 6 1
91.029 1 6 48
91.229 3 6 1
91.429 2 6 48
91.829 3 6 1
91.829 4 6 48
92.029 2 6 1
92.229 2 6 1
92.229 3 6 24
92.429 1 6 72
92.429 4 6 1
92.629 2 6 1
92.829 3 6 1
93.029 2 6 192
93.029 4 6 1
93.829 1 6 1
93.829 3 6 1
94.229 1 6 1
95.029 3 6 1
95.029 4 6 1
95.429 1 6 1
95.429 2 6 48
95.829 3 6 48
96.229 2 6 1
96.229 4 6 1
96.629 1 6 48
96.829 3 6 1
97.029 2 6 48
97.029 4 6 1
97.429 3 6 24
97.629 1 6 1
97.629 4 6 24
97.829 3 6 48
98.229 2 6 24
98.429 1 6 24
98.629 2 6 48
98.629 4 6 1
99.029 1 6 48
99.429 2 6 1
99.429 4 6 192
99.829 1 6 1
100.229 2 6 1
100.229 3 6 1
100.629 2 6 1
100.829 3 6 1
101.229 2 6 1
101.429 3 6 1
101.829 1 6 1
101.829 4 6 1
102.229 1 6 1
102.629 4 6 48
102.629 2 6 1
102.829 3 6 24
103.029 1 6 48
103.229 4 6 24
103.429 3 6 24
103.629 2 6 94.44
103.829 4 6 1
103.829 1 6 1
104.029 1 6 1
104.029 3 6 1
105.029 4 6 1
105.029 1 6 1
105.429 2 6 24
105.629 3 6 48
105.829 1 6 24
105.829 2 6 1
106.029 4 6 24
106.229 3 6 48
106.229 2 6 48
106.629 4 6 1
106.629 1 6 48
106.829 3 6 24
107.029 2 6 96
107.029 4 6 1
107.429 1 6 1
107.829 4 6 1
107.829 3 6 1
108.229 1 6 1
108.229 3 6 96
109.029 1 6 1
109.029 2 6 1
109.429 4 6 48
109.629 3 6 24
109.829 1 6 48
109.829 2 6 1
110.229 3 6 1
110.229 4 6 48
110.429 1 6 1
110.429 2 6 1
110.629 3 6 48
110.829 1 6 1
111.029 2 6 48
111.429 1 6 48
111.429 3 6 1
111.829 4 6 144
112.229 1 6 1
112.229 3 6 1
113.029 2 6 1
113.029 3 6 1
113.429 2 6 1
113.629 3 6 1
113.829 2 6 1
114.029 2 6 1
114.229 3 6 1
114.629 3 6 1
114.629 4 6 1
115.029 1 6 1
115.429 4 6 1
115.429 3 6 288
116.229 4 6 1
116.629 2 6 144
117.829 4 6 1
118.629 3 6 48
118.629 4 6 72
119.029 1 6 72
119.229 3 6 216
119.629 2 6 24
119.829 4 6 48
120.229 2 6 96
121.629 4 6 168
121.829 1 6 72
121.829 2 6 1
122.029 2 6 1
122.429 3 6 216
123.029 2 6 48
124.229 1 6 1
124.829 4 6 48
125.029 1 6 324
126.229 4 6 180
128.229 1 6 1
128.229 2 6 1
128.629 2 6 1
128.629 4 6 1
128.829 3 6 24
129.029 1 6 1
129.029 2 6 1
129.229 4 6 1
129.429 1 6 1
129.429 2 6 1
129.829 3 6 1
130.029 1 6 1
130.229 1 6 1
130.229 4 6 1
130.629 2 6 1
130.629 3 6 1
131.029 1 6 1
131.029 3 6 1
131.229 3 6 24
131.429 1 6 1
131.829 4 6 1
132.029 2 6 24
132.229 4 6 1
132.629 1 6 1
132.629 3 6 48
133.029 1 6 1
133.029 2 6 1
133.229 1 6 1
133.229 3 6 1
133.429 1 6 1
133.429 2 6 1
133.829 1 6 1
133.829 3 6 1
134.229 1 6 1
134.229 4 6 48
134.629 1 6 1
134.629 2 6 144
134.629 3 6 1
135.029 4 6 1
135.429 1 6 1
135.829 3 6 144
135.829 4 6 1
136.229 2 6 1
136.629 4 6 1
137.029 2 6 96
137.029 4 6 1
137.429 4 6 1
137.829 1 6 192
141.029 3 6 144
141.029 1 6 144
141.029 4 6 1
141.829 4 6 1
142.229 2 6 43.92
142.229 4 6 1
142.429 1 6 1
143.429 1 6 1
143.429 4 6 1
143.629 3 6 24
143.829 2 6 24
144.029 4 6 24
144.229 3 6 1
144.229 1 6 24
144.429 2 6 24
144.629 4 6 24
144.829 2 6 24
145.029 1 6 1
145.029 3 6 24
145.229 4 6 24
145.429 1 6 72
145.429 3 6 1
146.029 2 6 24
146.229 3 6 24
146.229 4 6 1
146.429 2 6 24
146.629 1 6 1
146.629 4 6 24
146.829 3 6 24
147.029 1 6 24
147.229 2 6 24
147.429 3 6 144
147.429 4 6 1
148.229 1 6 1
148.229 2 6 1
148.629 4 6 24
148.629 1 6 144
148.829 3 6 1
149.829 2 6 1
149.829 4 6 24
150.029 3 6 24
150.229 1 6 48
150.429 4 6 1
150.629 2 6 168
150.629 4 6 1
151.429 1 6 1
151.429 3 6 1
151.829 4 6 1
152.029 1 6 24
152.229 3 6 48
152.429 1 6 1
152.629 4 6 48
153.029 1 6 1
153.029 3 6 48
153.429 1 6 192
153.829 3 6 288
153.829 4 6 1
154.629 4 6 1
155.029 4 6 1
155.229 1 6 1
156.229 1 6 1
156.229 4 6 1
156.429 2 6 24
156.629 3 6 24
156.829 4 6 24
157.029 2 6 24
157.029 3 6 1
157.229 1 6 24
157.429 4 6 24
157.629 3 6 24
157.829 2 6 10.44
157.829 4 6 1
158.029 2 6 24
158.229 1 6 72
158.229 3 6 1
158.829 2 6 24
159.029 3 6 1
159.029 4 6 24
159.229 1 6 24
159.429 2 6 1
159.429 4 6 24
159.629 3 6 24
159.829 2 6 24
160.029 1 6 24
160.229 3 6 144
160.229 4 6 1
161.029 1 6 1
161.029 2 6 1
161.429 2 6 1
161.429 4 6 144
161.629 1 6 1
162.629 2 6 1
162.629 3 6 1
162.629 1 6 24
162.829 3 6 24
163.029 2 6 24
163.229 4 6 24
163.429 1 6 312
163.429 3 6 1
166.629 4 6 240
169.029 3 6 48
169.429 2 6 48
169.829 1 6 48
172.229 2 6 31.92
172.629 2 6 48
173.029 3 6 240
175.029 1 6 48
175.429 2 6 48
175.829 4 6 48
176.229 2 6 144
178.229 2 6 96
178.229 3 6 48
178.629 4 6 96
179.029 1 6 48
179.429 2 6 1
179.429 3 6 192
180.229 1 6 1
180.229 4 6 36
180.629 2 6 24
180.629 4 6 48
181.029 1 6 96
181.829 2 6 48
181.829 3 6 192
182.629 2 6 1
182.629 4 6 60
183.429 1 6 192
183.429 4 6 72
183.829 2 6 1
184.229 3 6 48
185.029 3 6 48
185.029 4 6 1
185.429 1 6 48
185.829 4 6 144
185.829 3 6 84
186.629 3 6 48
187.029 1 6 336
187.029 2 6 96
188.229 4 6 24
189.029 2 6 1
189.829 4 6 1
190.629 3 6 1
191.029 2 6 1
191.829 2 6 1
192.229 1 6 120
192.229 3 6 144
192.229 4 6 1
193.029 4 6 1
193.429 1 6 24
193.429 4 6 144
193.629 3 6 1
194.229 3 6 1
194.629 1 6 1
194.629 2 6 1
194.829 3 6 24
194.829 4 6 1
195.029 2 6 24
195.229 1 6 24
195.429 3 6 24
195.429 4 6 24
195.629 2 6 24
195.829 1 6 24
196.029 2 6 24
196.029 4 6 1
196.229 1 6 1
196.229 3 6 24
196.429 4 6 24
196.629 1 6 72
196.629 3 6 1
197.229 4 6 24
197.429 3 6 24
197.429 2 6 1
197.629 4 6 24
197.829 1 6 24
197.829 2 6 1
198.029 3 6 24
198.229 2 6 24
198.429 4 6 1
198.629 1 6 96
198.629 2 6 1
199.429 2 6 48
199.829 1 6 168
199.829 4 6 24
200.029 2 6 1
200.029 3 6 1
200.629 4 6 1
201.029 4 6 1
201.029 3 6 1
201.229 2 6 24
201.429 3 6 24
201.629 4 6 216
201.829 1 6 1
201.829 3 6 1
202.629 1 6 1
202.629 3 6 1
203.029 2 6 1
203.229 1 6 1
203.429 2 6 48
203.629 1 6 1
203.829 4 6 48
204.229 2 6 96
204.229 3 6 1
204.629 4 6 1
204.629 1 6 1
205.029 3 6 1
205.029 4 6 120
205.829 1 6 1
205.829 3 6 48
206.029 1 6 24
206.229 2 6 144
206.229 4 6 1
206.429 4 6 1
207.429 1 6 1
207.429 3 6 1
207.429 4 6 1
207.629 2 6 24
207.829 1 6 24
208.029 4 6 24
208.229 2 6 1
208.229 3 6 24
208.429 4 6 24
208.629 3 6 24
208.829 1 6 24
209.029 2 6 24
209.029 4 6 1
209.229 3 6 24
209.429 2 6 72
209.429 4 6 1
210.029 1 6 24
210.229 3 6 24
210.229 4 6 1
210.429 4 6 24
210.629 1 6 24
210.629 2 6 1
210.829 3 6 24
211.029 2 6 24
211.229 4 6 24
211.429 2 6 1
211.429 3 6 144
212.229 2 6 1
212.229 4 6 1
212.629 1 6 168
212.629 4 6 1
212.829 3 6 1
213.829 2 6 1
213.829 3 6 1
214.029 4 6 1
214.029 2 6 24
214.229 3 6 24
214.429 1 6 24
214.629 2 6 1
214.629 4 6 168
215.429 2 6 1
215.429 3 6 1
215.829 1 6 1
216.029 3 6 1
216.429 2 6 1
216.629 3 6 1
217.029 2 6 1
217.029 3 6 1
217.429 2 6 1
217.629 4 6 1
217.829 1 6 1
217.829 3 6 168
220.829 1 6 1
221.029 4 6 48
221.429 3 6 1
221.629 2 6 48
222.029 4 6 72
224.029 1 6 1
224.229 2 6 1
224.629 3 6 48
227.229 3 6 1
227.429 3 6 1
227.829 4 6 1
229.029 1 6 1
229.829 4 6 1
230.229 2 6 1
230.629 4 6 1
231.029 1 6 1
231.429 4 6 1
231.829 1 6 1
232.229 3 6 1
232.629 1 6 1
233.029 2 6 1
233.429 3 6 1
233.829 4 6 1
234.229 1 6 1
234.829 4 6 1
235.229 1 6 1
236.029 4 6 1
236.829 3 6 1
237.429 4 6 1
237.829 1 6 1
238.629 4 6 1
239.029 3 6 1
239.429 1 6 1
239.829 3 6 1
240.229 1 6 1
