5.261 4 6 1
5.766 4 6 1
5.9 1 6 1
6.302 4 6 1
6.752 4 6 1
7.036 2 6 1
7.107 4 6 1
7.178 1 6 1
7.249 2 6 1
7.407 4 6 1
7.51 1 6 1
7.652 1 6 1
7.77 2 6 1
7.912 4 6 1
8.054 4 6 1
8.354 4 6 1
8.883 4 6 1
9.238 4 6 1
9.759 4 6 1
10.114 1 6 1
10.627 3 6 1
10.967 1 6 1
11.18 1 6 1
11.251 2 6 1
11.405 1 6 1
11.574 1 6 1
11.724 4 6 1
11.827 1 6 1
12.151 1 6 1
12.245 4 6 1
12.6 4 6 1
12.837 3 6 1
13.216 4 6 1
13.405 4 6 1
13.532 2 6 1
13.571 4 6 1
13.721 1 6 1
13.903 4 6 1
14.1 4 6 1
14.175 1 6 1
14.258 4 6 1
14.668 1 6 1
14.826 2 6 1
15.087 1 6 1
15.489 1 6 1
15.915 1 6 1
16.341 1 6 1
16.791 4 6 1
16.886 3 6 1
16.993 1 6 1
17.17 4 6 1
17.241 3 6 1
17.446 3 6 1
17.636 1 6 1
17.825 4 6 1
18.046 1 6 1
18.141 4 6 1
18.756 4 6 1
19.277 4 6 1
19.719 1 6 1
20.13 4 6 1
20.367 4 6 1
20.477 2 6 1
20.556 1 6 1
20.627 4 6 1
20.781 1 6 1
20.856 2 6 1
20.982 1 6 1
21.029 4 6 1
21.266 4 6 1
21.424 3 6 1
21.503 1 6 1
21.74 4 6 1
22.166 4 6 1
22.592 4 6 1
23.03 4 6 1
23.492 4 6 1
23.887 1 6 1
24.38 2 6 1
24.557 2 6 1
24.707 1 6 1
24.913 1 6 1
25.043 4 6 1
25.291 1 6 1
25.481 1 6 1
25.931 4 6 1
26.238 4 6 1
26.665 2 6 1
26.83 4 6 1
27.107 4 6 1
27.186 1 6 1
27.351 4 6 1
27.493 4 6 1
27.564 3 6 1
27.706 4 6 1
27.801 4 6 1
27.967 1 6 1
28.433 4 6 1
28.855 1 6 1
29.293 4 6 1
29.364 1 6 1
29.758 4 6 1
30.181 2 6 1
30.181 4 6 1
30.579 4 6 1
31.147 1 6 1
31.147 2 6 75.84
31.147 3 6 75.84
31.463 1 6 37.92
32.158 1 6 1
32.264 2 6 1
32.371 4 6 1
32.473 3 6 1
32.6 1 6 1
32.738 2 6 1
32.915 4 6 1
33.081 1 6 1
33.168 2 6 1
33.247 3 6 1
33.413 4 6 1
33.661 4 6 1
33.815 1 6 1
33.91 2 6 1
33.981 3 6 1
34.076 4 6 1
34.17 2 6 1
34.289 3 6 1
34.407 1 6 1
34.478 4 6 1
34.585 3 6 1
34.739 4 6 1
34.81 3 6 1
34.904 1 6 1
35.283 3 6 1
35.378 4 6 1
35.603 1 6 1
35.78 2 6 1
35.934 3 6 1
36.053 4 6 1
36.577 3 6 1
36.704 1 6 1
36.81 4 6 1
37.13 4 6 1
37.13 1 6 1
37.343 2 6 1
37.556 3 6 1
37.994 1 6 1
37.994 4 6 1
38.432 4 6 1
38.598 1 6 1
38.858 3 6 1
39.024 4 6 1
39.292 1 6 1
39.462 3 6 1
39.616 4 6 1
39.734 1 6 1
39.9 4 6 1
40.066 3 6 1
40.239 4 6 1
40.35 1 6 1
40.634 2 6 1
40.752 4 6 1
40.871 2 6 1
41.037 3 6 1
41.143 4 6 1
41.297 2 6 1
41.415 4 6 1
41.51 3 6 1
41.629 2 6 1
41.83 4 6 1
42.055 3 6 1
42.41 1 6 1
42.41 4 6 160.56
44.186 1 6 1
45.701 4 6 1
46.009 2 6 1
46.151 4 6 1
46.151 1 6 1
46.317 3 6 1
46.53 3 6 1
46.695 2 6 1
46.869 1 6 1
46.869 4 6 1
47.358 3 6 1
47.477 2 6 1
47.595 4 6 1
47.737 3 6 1
47.832 2 6 1
48.006 1 6 1
48.069 2 6 1
48.234 1 6 1
48.384 4 6 1
48.448 1 6 1
48.732 1 6 1
48.732 3 6 1
49.205 2 6 1
49.631 1 6 161.04
49.631 3 6 1
50.973 4 6 1
51.324 1 6 1
51.324 2 6 1
52.011 3 6 1
52.331 1 6 1
52.662 3 6 1
52.733 1 6 1
52.982 3 6 1
53.207 1 6 1
53.42 3 6 1
53.751 3 6 1
53.976 3 6 1
54.095 1 6 1
54.509 2 6 1
54.793 1 6 1
55.053 1 6 1
55.053 3 6 1
55.432 1 6 1
55.622 2 6 1
55.898 1 6 1
56.379 2 6 1
56.64 1 6 1
56.782 4 6 1
57.161 2 6 1
57.563 1 6 1
58.336 3 6 1
58.616 4 6 1
58.803 3 6 1
59.177 3 6 1
59.458 3 6 1
59.738 3 6 1
59.925 2 6 1
60.205 3 6 1
60.299 3 6 1
60.579 3 6 1
60.859 3 6 1
61.046 3 6 1
61.327 3 6 1
61.42 2 6 1
61.701 4 6 1
61.981 4 6 1
62.168 3 6 1
62.448 2 6 1
62.542 3 6 1
62.542 4 6 1
62.822 1 6 1
62.822 3 6 1
63.102 4 6 1
63.289 2 6 1
63.383 3 6 1
63.383 4 6 1
63.663 3 6 33.72
63.944 1 6 1
63.944 2 6 1
64.224 2 6 1
64.411 3 6 1
64.504 4 6 1
64.785 1 6 1
64.785 2 6 1
65.065 1 6 1
65.065 3 6 1
65.345 2 6 1
65.345 4 6 1
65.626 1 6 1
65.626 3 6 1
65.813 2 6 1
65.906 4 6 1
66.093 1 6 1
66.187 2 6 1
66.187 4 6 1
66.373 3 6 1
66.467 1 6 1
66.654 3 6 1
66.747 2 6 1
66.747 4 6 1
66.934 3 6 1
67.028 2 6 33.6
67.308 1 6 1
67.308 3 6 1
67.588 1 6 1
67.775 3 6 1
67.775 4 6 1
67.869 2 6 11.16
68.149 3 6 1
68.43 1 6 1
68.43 2 6 1
68.71 3 6 1
68.897 1 6 1
68.99 3 6 1
68.99 4 6 1
69.271 4 6 1
69.551 1 6 1
69.551 2 6 1
69.831 2 6 1
69.831 3 6 1
70.112 3 6 1
70.112 4 6 1
70.299 2 6 1
70.392 4 6 1
70.579 1 6 1
70.673 2 6 1
70.673 4 6 1
70.859 3 6 1
70.953 2 6 1
71.14 2 6 1
71.233 1 6 1
71.233 4 6 1
71.42 3 6 1
71.514 2 6 1
71.794 1 6 1
71.794 3 6 1
72.074 4 6 1
72.261 3 6 1
72.355 2 6 1
72.355 1 6 1
72.635 3 6 1
72.916 3 6 1
72.916 4 6 1
73.196 1 6 1
73.383 4 6 1
73.476 2 6 1
73.476 3 6 1
73.757 1 6 1
74.037 2 6 1
74.037 4 6 1
74.317 1 6 1
74.598 1 6 1
74.598 3 6 1
74.785 2 6 1
74.878 4 6 1
75.065 3 6 1
75.159 4 6 1
75.345 3 6 1
75.439 1 6 1
75.626 2 6 1
75.719 1 6 1
75.719 3 6 1
75.906 4 6 1
76 2 6 1
76.28 4 6 1
76.28 2 6 1
76.56 4 6 1
76.747 1 6 1
76.841 3 6 1
76.841 2 6 5.64
77.121 2 6 1
77.402 2 6 1
77.402 4 6 1
77.682 4 6 1
77.869 1 6 1
77.962 2 6 1
77.962 3 6 1
78.243 2 6 1
78.523 1 6 1
78.523 4 6 1
78.803 2 6 1
78.803 3 6 1
79.084 2 6 1
79.084 4 6 1
79.271 1 6 1
79.364 4 6 1
79.551 2 6 1
79.645 1 6 1
79.831 2 6 1
79.925 3 6 1
80.112 4 6 1
80.392 3 6 44.88
80.766 1 6 1
80.766 2 6 1
81.046 4 6 1
81.233 2 6 11.28
81.233 3 6 1
81.607 3 6 11.28
81.888 3 6 1
81.888 4 6 1
82.168 1 6 1
82.355 3 6 1
82.448 1 6 1
82.448 2 6 1
82.729 4 6 1
83.009 2 6 1
83.009 4 6 1
83.289 2 6 1
83.289 1 6 1
83.57 2 6 1
83.57 4 6 1
83.757 3 6 1
83.85 4 6 1
84.037 1 6 1
84.131 2 6 1
84.318 3 6 1
84.411 1 6 1
84.598 3 6 1
84.691 2 6 1
84.691 4 6 1
84.878 2 6 1
84.972 3 6 1
85.252 2 6 1
85.252 4 6 1
85.532 1 6 1
85.719 3 6 1
85.813 2 6 11.16
86.093 2 6 11.28
86.374 3 6 1
86.374 4 6 1
86.654 4 6 1
86.841 1 6 1
86.934 2 6 1
86.934 3 6 1
87.215 1 6 1
87.495 2 6 1
87.495 3 6 1
87.775 4 6 1
88.056 4 6 1
88.056 2 6 1
88.243 3 6 1
88.336 1 6 1
88.523 1 6 1
88.617 2 6 1
88.617 3 6 1
88.804 4 6 1
88.897 2 6 1
89.084 2 6 1
89.177 1 6 1
89.177 3 6 1
89.364 4 6 1
89.458 2 6 1
89.738 3 6 1
89.738 4 6 1
90.018 3 6 1
90.205 2 6 1
90.299 3 6 11.16
90.299 4 6 1
90.579 1 6 1
90.579 2 6 11.28
90.86 4 6 1
90.86 2 6 1
91.14 3 6 1
91.327 1 6 1
91.42 3 6 1
91.42 4 6 1
91.701 4 6 1
91.981 1 6 1
91.981 3 6 1
92.261 2 6 1
92.261 4 6 1
92.542 1 6 1
92.542 3 6 1
92.729 3 6 1
92.822 4 6 1
93.009 3 6 1
93.103 1 6 1
93.103 2 6 1
93.29 4 6 1
93.383 2 6 1
93.57 3 6 1
93.663 2 6 1
93.663 4 6 1
93.85 3 6 1
93.944 1 6 1
94.224 2 6 1
94.224 3 6 1
94.691 3 6 11.28
94.785 1 6 1
94.785 2 6 1
95.065 3 6 11.28
95.065 1 6 1
95.346 1 6 1
95.346 3 6 1
95.626 4 6 1
95.813 3 6 1
95.906 1 6 1
95.906 2 6 1
96.187 4 6 1
96.467 1 6 1
96.467 2 6 1
96.748 1 6 1
96.748 3 6 1
97.028 4 6 1
97.028 2 6 1
97.215 3 6 1
97.308 1 6 1
97.495 4 6 1
97.589 1 6 1
97.776 3 6 1
97.869 1 6 1
98.056 2 6 1
98.149 4 6 1
98.336 1 6 44.88
98.71 2 6 134.64
98.71 4 6 1
99.271 3 6 1
99.551 4 6 1
99.832 3 6 134.52
100.392 1 6 1
100.673 2 6 1
100.953 1 6 1
100.953 4 6 134.64
101.514 2 6 1
101.794 3 6 1
102.075 1 6 1
102.075 2 6 100.92
102.635 1 6 1
102.916 3 6 33.6
103.196 1 6 134.64
103.196 4 6 1
103.757 3 6 1
104.037 2 6 1
104.318 3 6 100.92
104.318 4 6 1
104.878 4 6 1
105.159 2 6 33.6
105.439 1 6 1
105.439 4 6 134.64
106.28 2 6 1
106.561 2 6 1
107.121 1 6 134.64
107.402 2 6 1
107.682 3 6 1
107.682 4 6 1
108.243 3 6 67.32
108.804 4 6 235.44
109.364 3 6 1
109.645 1 6 1
109.925 2 6 1
109.925 3 6 1
110.486 3 6 1
110.766 1 6 33.72
111.047 4 6 1
111.047 2 6 67.2
112.168 1 6 100.92
113.009 2 6 33.72
113.29 3 6 134.52
114.131 1 6 1
114.411 1 6 538.32
114.411 4 6 1
114.411 2 6 1
