1.816 4 6 1
2.27 3 6 1
2.497 3 6 1
2.725 2 6 1
3.407 2 6 1
3.634 1 6 1
4.316 2 6 1
4.543 1 6 1
5.225 3 6 1
5.452 2 6 1
7.27 4 6 1
7.952 2 6 1
8.179 1 6 1
10.907 1 6 1
11.134 2 6 1
11.361 2 6 1
11.588 3 6 1
12.043 3 6 1
12.497 1 6 1
14.543 2 6 1
14.77 3 6 1
14.997 3 6 1
15.225 2 6 1
15.793 1 6 1
16.134 3 6 1
18.179 1 6 1
18.406 2 6 1
18.634 2 6 1
18.861 3 6 1
19.316 2 6 1
19.543 1 6 1
19.77 2 6 1
21.816 4 6 1
22.043 3 6 1
22.27 2 6 1
22.497 2 6 1
22.952 1 6 1
23.179 4 6 1
23.406 3 6 1
23.634 2 6 1
25.452 1 6 1
25.679 4 6 1
25.906 2 6 1
26.134 3 6 1
26.588 3 6 1
26.816 4 6 1
27.043 4 6 1
29.088 1 6 1
29.316 3 6 1
29.543 3 6 1
29.77 4 6 1
30.225 3 6 1
30.452 2 6 1
30.679 1 6 1
32.725 1 6 1
32.952 4 6 1
33.179 3 6 1
33.406 2 6 1
33.861 3 6 1
34.088 1 6 1
34.315 4 6 1
36.361 1 6 1
37.043 3 6 1
37.497 2 6 1
38.179 1 6 1
38.179 4 6 1
38.861 3 6 1
39.77 2 6 1
39.997 2 6 1
39.997 4 6 1
40.679 2 6 1
40.679 4 6 1
40.906 3 6 1
41.134 4 6 1
41.361 3 6 1
41.588 2 6 1
41.588 4 6 1
41.815 2 6 1
41.815 4 6 1
42.497 4 6 1
43.634 4 6 1
44.315 3 6 1
44.543 4 6 1
44.77 3 6 1
44.997 1 6 1
45.225 3 6 1
45.452 1 6 1
46.134 1 6 1
47.043 3 6 1
47.27 3 6 1
47.952 3 6 1
47.952 4 6 1
48.179 2 6 1
48.406 4 6 1
48.634 2 6 1
48.861 4 6 1
49.088 1 6 1
49.77 1 6 1
50.452 1 6 1
50.679 1 6 1
50.906 2 6 1
50.906 3 6 1
51.588 4 6 1
51.815 2 6 1
52.043 1 6 1
52.043 2 6 1
52.27 3 6 1
52.384 4 6 1
52.497 2 6 1
52.724 1 6 54.6
52.724 4 6 1
53.065 3 6 1
53.179 4 6 1
53.406 2 6 1
53.634 4 6 1
53.974 2 6 1
54.088 4 6 1
54.315 2 6 1
54.543 1 6 1
54.543 3 6 54.48
54.884 2 6 1
54.997 1 6 1
55.224 1 6 1
55.452 1 6 1
55.452 4 6 1
55.679 2 6 1
55.793 3 6 1
55.906 4 6 1
56.134 3 6 1
56.361 1 6 1
56.361 4 6 1
56.361 3 6 54.48
56.702 1 6 1
56.815 4 6 1
57.043 4 6 1
57.27 4 6 1
57.611 2 6 1
57.724 1 6 1
57.952 1 6 1
57.952 3 6 1
58.179 1 6 1
58.179 4 6 54.6
58.52 3 6 1
58.634 1 6 1
58.861 1 6 1
59.088 2 6 1
59.088 4 6 1
59.315 3 6 1
59.429 2 6 1
59.543 4 6 1
59.77 2 6 1
59.77 4 6 1
59.997 1 6 54.6
59.997 3 6 1
60.338 2 6 1
60.452 4 6 1
60.679 1 6 1
60.906 1 6 1
61.02 3 6 1
61.247 2 6 1
61.361 1 6 1
61.588 3 6 1
61.815 1 6 54.6
61.815 4 6 1
62.156 3 6 1
62.27 4 6 1
62.497 2 6 27.24
62.724 4 6 1
62.838 3 6 1
62.952 1 6 1
63.065 4 6 1
63.179 1 6 1
63.406 4 6 1
63.634 1 6 81.72
63.634 2 6 1
63.747 3 6 1
63.861 4 6 1
63.974 2 6 1
64.088 3 6 1
64.202 4 6 1
64.315 2 6 27.36
64.543 4 6 1
64.656 3 6 1
64.77 2 6 1
64.884 3 6 1
64.997 4 6 54.6
65.111 2 6 1
65.224 3 6 1
65.452 1 6 1
65.452 2 6 1
65.679 3 6 1
65.906 2 6 1
66.134 4 6 1
66.361 3 6 1
66.588 2 6 1
66.815 3 6 1
67.043 2 6 1
67.27 1 6 1
67.27 4 6 27.24
67.497 3 6 27.24
67.724 1 6 1
67.724 4 6 27.36
67.952 3 6 27.24
68.179 4 6 27.24
68.406 2 6 27.36
68.634 4 6 1
68.634 1 6 1
69.088 1 6 15.36
69.088 3 6 1
69.315 1 6 27.36
69.543 4 6 27.24
69.77 1 6 27.24
69.997 4 6 1
70.224 1 6 27.36
70.452 2 6 1
70.452 4 6 27.24
70.679 2 6 27.24
70.906 1 6 27.24
71.133 2 6 13.68
71.361 2 6 27.24
71.361 4 6 1
71.588 3 6 27.24
71.815 2 6 27.36
72.043 3 6 27.24
72.27 1 6 1
72.27 4 6 1
72.724 2 6 1
72.724 4 6 27.36
72.952 3 6 27.24
73.179 1 6 1
73.179 2 6 27.24
73.406 4 6 27.24
73.633 1 6 1
73.861 3 6 27.24
74.088 4 6 54.6
74.088 2 6 1
74.543 1 6 27.24
74.543 3 6 1
74.77 2 6 27.24
74.997 3 6 1
74.997 4 6 54.6
75.224 1 6 1
75.452 3 6 27.24
75.679 2 6 27.24
75.906 4 6 1
76.361 1 6 27.24
76.361 4 6 1
76.588 3 6 27.24
76.815 1 6 40.92
76.815 4 6 1
77.043 3 6 1
77.27 1 6 13.56
77.497 3 6 27.24
77.724 1 6 1
77.724 4 6 44.4
78.179 1 6 1
78.179 4 6 27.24
78.406 2 6 27.24
78.633 4 6 27.36
78.861 2 6 27.24
79.088 4 6 54.6
79.315 2 6 1
79.543 1 6 1
79.997 2 6 1
79.997 3 6 27.24
80.224 2 6 27.36
80.452 1 6 54.48
80.452 4 6 1
80.679 3 6 1
80.906 2 6 1
81.133 3 6 27.36
81.474 2 6 22.8
81.815 4 6 1
81.815 1 6 27.36
82.043 2 6 27.24
82.27 1 6 27.24
82.27 3 6 1
82.497 3 6 27.24
82.724 1 6 27.36
82.724 4 6 1
82.952 2 6 27.24
83.179 4 6 1
83.179 1 6 54.48
83.633 2 6 1
83.633 4 6 27.36
83.861 1 6 42.6
84.088 2 6 1
84.088 4 6 1
84.315 1 6 27.36
84.543 4 6 27.24
84.77 1 6 27.24
84.997 2 6 54.6
84.997 4 6 1
85.452 1 6 27.24
85.452 3 6 1
85.679 3 6 27.24
85.906 1 6 54.6
85.906 4 6 1
86.133 2 6 1
86.361 3 6 27.24
86.588 1 6 27.24
86.815 4 6 1
86.815 2 6 1
87.27 1 6 27.24
87.27 4 6 1
87.497 3 6 27.24
87.724 1 6 27.36
87.724 4 6 1
87.952 3 6 27.24
88.179 1 6 27.24
88.406 3 6 27.24
88.633 2 6 27.36
88.633 4 6 1
89.088 1 6 1
89.088 4 6 27.24
89.315 2 6 27.36
89.543 1 6 1
89.543 4 6 54.48
89.77 2 6 1
89.997 3 6 27.24
90.224 2 6 27.36
90.452 1 6 1
90.452 4 6 1
90.906 1 6 27.24
91.133 3 6 27.36
91.361 4 6 54.48
91.361 2 6 1
91.588 1 6 1
91.815 3 6 27.24
92.042 2 6 27.36
92.27 3 6 54.48
92.27 4 6 1
92.724 1 6 54.6
93.179 3 6 54.48
93.179 4 6 1
93.633 2 6 54.6
94.088 4 6 1
94.088 1 6 1
94.315 3 6 1
94.542 4 6 54.6
94.997 2 6 1
95.224 3 6 1
95.452 2 6 1
95.679 3 6 1
95.906 1 6 1
96.133 4 6 27.36
96.361 2 6 1
96.361 1 6 1
96.361 3 6 1
96.588 1 6 1
96.815 2 6 1
96.815 4 6 1
97.042 3 6 1
97.27 1 6 1
97.27 2 6 1
97.497 3 6 1
97.724 1 6 1
97.724 2 6 1
97.952 3 6 1
98.179 2 6 1
98.179 4 6 1
98.406 3 6 1
98.633 1 6 1
98.633 2 6 1
98.861 3 6 1
99.088 2 6 1
99.088 4 6 1
99.315 1 6 1
99.542 1 6 1
99.542 3 6 1
99.77 1 6 1
99.997 2 6 1
99.997 3 6 1
100.224 4 6 1
100.452 2 6 1
100.452 3 6 1
100.679 1 6 1
100.906 2 6 1
100.906 3 6 1
101.133 4 6 1
101.361 1 6 1
101.361 3 6 1
101.588 2 6 1
101.815 3 6 1
101.815 4 6 1
102.042 1 6 1
102.27 2 6 1
102.27 4 6 1
102.497 3 6 1
102.724 1 6 1
102.724 3 6 1
102.952 4 6 1
103.179 1 6 1
103.179 2 6 1
103.406 3 6 1
103.633 2 6 1
103.633 4 6 1
103.861 1 6 1
104.088 2 6 1
104.088 4 6 1
104.315 2 6 1
104.542 1 6 1
104.542 4 6 1
104.77 3 6 1
104.997 2 6 1
104.997 4 6 1
105.224 3 6 1
105.452 1 6 1
105.452 2 6 1
105.679 1 6 1
105.906 2 6 1
105.906 4 6 1
106.133 4 6 1
106.361 2 6 1
106.361 3 6 1
106.588 1 6 1
106.815 2 6 1
106.815 4 6 1
107.042 3 6 1
107.27 2 6 1
107.27 4 6 1
107.497 3 6 1
107.724 1 6 1
107.724 3 6 1
107.952 2 6 1
108.179 3 6 1
108.179 4 6 1
108.406 3 6 1
108.633 2 6 1
108.861 3 6 1
109.088 1 6 1
109.088 4 6 1
109.315 2 6 1
109.542 1 6 1
109.542 4 6 1
109.77 4 6 1
109.997 2 6 1
110.679 4 6 1
110.906 1 6 1
110.906 3 6 1
114.542 2 6 1
127.27 1 6 1
127.497 2 6 1
127.724 3 6 1
127.951 2 6 1
128.406 1 6 1
128.861 1 6 1
130.906 1 6 1
131.133 2 6 1
131.36 2 6 1
131.588 3 6 1
132.042 3 6 1
132.497 4 6 1
134.542 4 6 1
134.77 3 6 1
134.997 3 6 1
135.224 2 6 1
135.679 1 6 1
136.133 3 6 1
138.179 2 6 1
138.633 1 6 1
138.86 3 6 1
139.315 4 6 1
141.815 1 6 1
142.042 3 6 1
142.27 2 6 1
142.497 2 6 1
142.951 4 6 1
143.179 3 6 1
143.406 1 6 1
145.451 4 6 1
145.679 3 6 1
145.906 2 6 1
146.133 2 6 1
146.588 1 6 1
147.042 1 6 1
149.088 1 6 1
149.315 3 6 1
149.542 2 6 1
149.769 2 6 1
150.224 3 6 1
150.451 3 6 1
150.679 4 6 1
152.724 2 6 1
153.406 3 6 1
153.86 2 6 1
154.542 2 6 1
154.542 4 6 1
155.224 2 6 1
155.451 1 6 1
155.906 4 6 1
156.133 3 6 1
156.36 1 6 1
156.36 4 6 1
157.042 3 6 1
157.269 1 6 1
157.497 1 6 1
157.724 3 6 1
157.951 4 6 1
158.179 3 6 1
158.179 4 6 1
158.86 4 6 1
159.088 3 6 1
159.542 4 6 1
159.769 4 6 1
159.997 2 6 1
159.997 3 6 1
160.679 1 6 1
160.679 3 6 1
160.906 2 6 1
161.133 1 6 1
161.36 4 6 1
161.588 3 6 1
161.815 1 6 1
162.269 3 6 1
162.497 3 6 1
162.724 1 6 1
163.179 2 6 1
163.406 4 6 1
163.633 2 6 1
163.633 4 6 1
164.088 4 6 1
164.315 3 6 1
164.542 4 6 1
164.769 1 6 1
165.224 2 6 1
165.224 3 6 1
165.451 1 6 1
165.451 4 6 1
166.133 4 6 1
166.36 4 6 1
166.815 4 6 1
167.269 2 6 1
167.269 3 6 1
167.724 4 6 1
167.951 2 6 1
168.179 1 6 1
168.179 4 6 1
168.406 2 6 1
168.633 1 6 1
168.747 2 6 1
168.86 2 6 1
169.088 1 6 1
169.088 4 6 1
169.428 1 6 1
169.542 2 6 1
169.769 4 6 1
169.997 3 6 1
169.997 4 6 1
170.338 2 6 1
170.451 2 6 1
170.678 2 6 1
170.906 2 6 1
170.906 3 6 1
171.36 1 6 1
171.588 3 6 1
171.815 1 6 1
171.815 4 6 1
172.042 3 6 1
172.156 4 6 1
172.269 3 6 1
172.497 1 6 1
172.724 2 6 1
172.724 4 6 1
173.065 3 6 1
173.178 4 6 1
173.406 2 6 1
173.633 1 6 1
173.633 2 6 1
173.974 2 6 1
174.088 3 6 1
174.315 1 6 1
174.542 4 6 54.6
174.542 2 6 1
174.883 1 6 1
174.997 2 6 1
175.224 3 6 1
175.451 2 6 1
175.451 4 6 1
175.678 3 6 1
175.792 1 6 1
175.906 4 6 1
176.133 3 6 1
176.36 1 6 54.6
176.36 4 6 1
176.701 4 6 1
176.815 3 6 1
177.042 1 6 27.24
177.269 4 6 1
177.269 2 6 1
177.61 3 6 1
177.724 4 6 1
177.951 4 6 1
178.178 1 6 1
178.178 3 6 54.6
178.519 2 6 1
178.633 1 6 1
178.86 1 6 1
178.86 2 6 1
179.088 3 6 1
179.201 2 6 1
179.315 1 6 1
179.428 2 6 1
179.542 1 6 1
179.769 2 6 1
179.997 1 6 1
179.997 4 6 54.48
180.11 2 6 1
180.224 3 6 1
180.338 2 6 1
180.451 1 6 27.24
180.678 4 6 68.28
180.906 2 6 1
181.019 3 6 1
181.133 1 6 1
181.247 3 6 1
181.36 4 6 54.6
181.588 1 6 1
181.815 3 6 1
182.269 3 6 1
182.497 2 6 1
182.724 3 6 1
182.951 2 6 1
183.178 2 6 1
183.406 3 6 1
183.633 1 6 27.24
183.633 4 6 1
183.86 2 6 27.36
184.088 4 6 1
184.088 1 6 27.24
184.315 3 6 27.24
184.542 1 6 1
184.542 4 6 27.24
184.769 2 6 27.36
184.997 1 6 1
185.451 1 6 27.24
185.678 4 6 27.36
185.906 1 6 27.24
185.906 2 6 1
186.133 4 6 27.24
186.36 1 6 27.36
186.588 4 6 27.24
186.815 1 6 1
186.815 2 6 27.24
187.042 1 6 27.24
187.269 4 6 27.36
187.269 2 6 1
187.497 3 6 27.24
187.724 1 6 27.24
187.724 2 6 1
187.951 3 6 27.24
188.178 1 6 27.36
188.406 2 6 27.24
188.633 1 6 1
188.633 3 6 1
189.087 1 6 1
189.087 4 6 54.6
189.315 3 6 1
189.542 2 6 1
189.542 1 6 17.04
189.769 1 6 27.36
189.997 2 6 1
190.224 3 6 27.24
190.451 1 6 27.24
190.451 4 6 1
190.678 3 6 1
190.906 1 6 54.48
190.906 4 6 1
191.133 2 6 1
191.36 3 6 27.24
191.36 4 6 1
191.587 2 6 27.36
191.815 1 6 54.48
191.815 4 6 1
192.042 2 6 1
192.269 3 6 1
192.269 4 6 1
192.724 2 6 1
192.724 4 6 81.84
192.951 1 6 1
193.178 1 6 1
193.178 3 6 1
193.406 1 6 27.24
193.633 4 6 27.24
193.86 1 6 1
194.087 2 6 1
194.087 4 6 27.36
194.315 1 6 27.24
194.542 4 6 27.24
194.769 3 6 27.36
194.997 2 6 27.24
194.997 4 6 1
195.224 3 6 27.24
195.451 1 6 1
195.451 4 6 54.6
195.678 3 6 1
195.906 1 6 1
196.36 1 6 27.24
196.587 2 6 27.36
196.815 4 6 27.24
197.042 2 6 27.24
197.269 1 6 1
197.497 3 6 27.24
197.837 1 6 1
197.837 2 6 1
198.178 4 6 1
198.178 1 6 54.6
198.406 2 6 1
198.633 3 6 27.24
198.633 4 6 1
198.86 2 6 27.24
199.087 1 6 27.36
199.087 4 6 1
199.315 2 6 27.24
199.542 1 6 1
199.542 3 6 54.6
199.997 1 6 1
199.997 4 6 54.48
200.224 3 6 1
200.451 1 6 27.24
200.451 2 6 1
200.678 4 6 27.36
200.906 1 6 27.24
201.133 2 6 27.24
201.36 4 6 1
201.36 1 6 54.6
201.815 2 6 1
201.815 4 6 54.48
202.042 2 6 1
202.269 1 6 27.36
202.269 3 6 1
202.497 4 6 27.24
202.724 2 6 27.24
202.951 1 6 27.24
203.178 2 6 1
203.178 4 6 1
203.633 4 6 27.24
203.633 2 6 1
203.86 2 6 27.24
203.86 3 6 1
204.087 1 6 1
204.087 4 6 27.36
204.315 2 6 54.48
204.542 1 6 1
204.542 4 6 1
204.769 3 6 27.36
204.997 2 6 1
204.997 4 6 27.24
205.451 1 6 27.24
205.451 4 6 1
205.678 2 6 27.36
205.906 1 6 27.24
205.906 4 6 1
206.133 2 6 27.24
206.36 3 6 54.6
206.815 2 6 54.48
206.815 4 6 1
207.269 4 6 27.24
207.269 1 6 1
207.496 2 6 27.36
207.724 1 6 1
207.724 4 6 27.24
207.951 2 6 27.24
208.178 1 6 27.36
208.406 3 6 81.72
208.633 1 6 1
208.633 4 6 1
209.087 2 6 1
209.087 4 6 27.36
209.315 3 6 27.24
209.542 1 6 27.24
209.542 4 6 1
209.769 2 6 27.24
209.996 1 6 54.6
210.451 2 6 1
210.451 3 6 1
210.906 4 6 54.48
211.36 2 6 27.24
211.587 4 6 1
211.815 1 6 1
212.042 3 6 1
212.269 2 6 1
212.496 3 6 1
212.724 2 6 1
212.724 4 6 1
212.951 3 6 1
213.178 4 6 1
213.178 2 6 1
213.406 3 6 1
213.633 4 6 1
213.86 2 6 1
214.087 1 6 1
214.087 3 6 1
214.315 4 6 1
214.542 1 6 1
214.542 2 6 1
214.769 1 6 1
214.996 2 6 1
214.996 3 6 1
215.224 4 6 1
215.451 2 6 1
215.678 1 6 1
215.906 2 6 1
215.906 4 6 1
216.133 4 6 1
216.36 1 6 1
216.36 2 6 1
216.587 4 6 1
216.815 1 6 1
216.815 3 6 1
217.042 2 6 1
217.269 2 6 1
217.269 4 6 1
217.496 3 6 1
217.724 1 6 1
217.724 2 6 1
217.951 3 6 1
218.178 2 6 1
218.178 4 6 1
218.406 2 6 1
218.633 1 6 1
218.633 3 6 1
218.86 3 6 1
219.087 2 6 1
219.087 4 6 1
219.315 2 6 1
219.542 1 6 1
219.542 3 6 1
219.769 3 6 1
219.996 3 6 1
219.996 4 6 1
220.224 1 6 1
220.451 2 6 1
220.451 4 6 1
220.678 3 6 1
220.906 2 6 1
220.906 4 6 1
221.133 3 6 1
221.36 1 6 1
221.36 2 6 1
221.587 1 6 1
221.815 4 6 1
221.815 3 6 1
222.042 1 6 1
222.269 2 6 1
222.269 4 6 1
222.496 3 6 1
222.724 2 6 1
222.724 3 6 1
222.951 1 6 1
223.178 2 6 1
223.178 3 6 1
223.406 3 6 1
223.633 2 6 1
223.633 4 6 1
223.86 3 6 1
224.087 1 6 1
224.087 3 6 1
224.315 1 6 1
224.542 2 6 1
224.542 4 6 1
224.769 3 6 1
224.996 2 6 1
225.224 4 6 1
225.451 1 6 1
225.451 3 6 1
225.678 2 6 1
225.906 4 6 1
225.906 3 6 1
226.133 1 6 1
226.36 2 6 1
226.587 4 6 1
226.815 4 6 1
227.042 3 6 1
227.269 2 6 1
227.269 1 6 1
230.905 3 6 1
243.633 4 6 1
243.86 3 6 1
244.087 3 6 1
244.315 1 6 1
244.769 2 6 1
245.224 4 6 1
247.269 1 6 1
247.496 2 6 1
247.724 3 6 1
247.951 4 6 1
248.405 3 6 1
248.86 1 6 1
250.905 3 6 1
251.133 2 6 1
251.36 3 6 1
251.587 2 6 1
252.042 4 6 1
252.496 1 6 1
254.314 1 6 1
254.542 2 6 1
254.996 1 6 1
255.224 2 6 1
255.678 3 6 1
255.905 3 6 1
