0.001 2 6 10.92
0.001 4 6 1
0.255 2 6 1
0.473 4 6 1
0.69 4 6 26.04
0.907 3 6 1
1.125 3 6 1
1.342 1 6 1
1.56 2 6 1
1.777 1 6 1
1.994 1 6 1
2.212 3 6 1
2.429 4 6 1
2.646 4 6 1
2.864 1 6 1
2.973 2 6 1
3.081 3 6 1
3.299 2 6 1
3.407 4 6 1
3.516 2 6 1
3.733 3 6 1
3.951 1 6 1
4.168 3 6 1
4.386 2 6 1
4.603 1 6 1
4.82 3 6 1
5.038 2 6 1
5.255 4 6 1
5.473 3 6 1
5.69 2 6 1
5.907 2 6 1
6.125 3 6 1
6.342 1 6 1
6.56 3 6 1
6.886 1 6 91.32
6.994 2 6 1
6.994 4 6 1
7.212 3 6 1
7.429 2 6 1
7.647 3 6 1
7.647 4 6 52.08
7.864 1 6 1
8.081 2 6 1
8.299 3 6 1
8.408 2 6 1
8.516 1 6 1
8.734 4 6 1
8.951 3 6 1
9.06 2 6 1
9.168 1 6 52.2
9.386 3 6 1
9.603 4 6 1
9.821 3 6 1
10.038 2 6 1
10.255 4 6 1
10.473 1 6 78.24
10.69 3 6 1
10.908 3 6 1
11.125 4 6 1
11.234 3 6 1
11.56 2 6 78.24
11.56 3 6 78.24
12.212 4 6 1
12.212 1 6 1
12.538 1 6 1
12.538 2 6 1
12.864 2 6 1
12.864 3 6 1
13.951 1 6 1
13.951 4 6 1
14.277 2 6 1
14.386 3 6 1
14.603 1 6 1
14.821 2 6 1
15.038 3 6 1
15.256 1 6 1
15.256 4 6 1
15.473 3 6 1
15.69 1 6 1
15.69 2 6 1
16.125 1 6 1
16.125 4 6 1
16.343 3 6 1
16.56 4 6 1
16.669 2 6 1
16.777 3 6 1
16.886 4 6 1
16.995 1 6 1
16.995 3 6 1
17.212 2 6 1
17.43 1 6 1
17.756 3 6 1
17.864 2 6 1
17.864 4 6 1
18.082 1 6 1
18.299 3 6 1
18.517 2 6 1
18.734 1 6 1
18.734 4 6 1
18.951 3 6 1
19.169 1 6 1
19.495 2 6 1
19.604 1 6 1
19.604 4 6 1
19.821 1 6 1
19.93 3 6 1
20.038 2 6 1
20.038 4 6 1
20.147 1 6 1
20.364 4 6 1
20.473 2 6 1
20.473 1 6 1
20.69 2 6 1
20.799 3 6 1
20.908 2 6 1
20.908 4 6 1
21.234 1 6 1
21.343 4 6 1
21.56 1 6 26.04
21.777 4 6 1
21.995 3 6 1
22.212 2 6 1
22.321 3 6 1
22.43 4 6 26.04
22.864 3 6 1
22.973 2 6 1
23.082 1 6 1
23.082 4 6 1
23.299 3 6 1
23.517 2 6 1
23.625 4 6 1
23.843 2 6 1
23.951 1 6 1
23.951 4 6 1
24.169 3 6 1
24.386 4 6 1
24.495 1 6 1
24.604 2 6 1
24.712 4 6 1
24.821 1 6 1
24.93 3 6 1
25.038 3 6 26.16
25.256 2 6 1
25.473 4 6 1
25.582 2 6 1
25.799 1 6 39.12
25.908 4 6 1
26.125 2 6 1
26.125 3 6 1
26.778 4 6 1
27.212 3 6 1
27.43 1 6 26.04
27.865 2 6 1
27.865 4 6 1
28.082 3 6 1
28.299 1 6 1
28.408 2 6 1
28.517 4 6 1
28.734 4 6 26.16
29.06 2 6 1
29.278 1 6 1
29.386 3 6 1
29.604 4 6 1
29.712 3 6 1
29.93 1 6 1
30.039 3 6 1
30.256 2 6 1
30.365 3 6 1
30.473 1 6 1
30.582 2 6 1
30.799 4 6 17.4
31.126 1 6 1
31.343 3 6 1
31.56 2 6 1
31.778 4 6 1
31.995 4 6 1
32.104 1 6 1
32.213 3 6 1
32.43 3 6 26.04
32.647 1 6 1
32.756 2 6 1
32.865 4 6 26.04
33.082 1 6 1
33.408 3 6 1
33.626 1 6 1
33.734 4 6 1
33.952 4 6 1
34.06 2 6 1
34.278 1 6 1
34.387 3 6 1
34.604 1 6 1
34.821 1 6 1
34.821 4 6 1
35.039 2 6 1
35.256 3 6 26.16
35.474 4 6 1
35.691 2 6 26.04
36.126 4 6 26.04
36.343 1 6 1
36.561 1 6 1
36.778 2 6 1
36.887 4 6 12.96
36.995 1 6 1
37.104 3 6 1
37.213 4 6 1
37.321 2 6 13.08
37.43 1 6 1
37.43 3 6 1
37.648 2 6 1
37.756 4 6 1
37.865 3 6 1
37.974 2 6 1
38.082 1 6 1
38.3 3 6 1
38.408 1 6 1
38.517 4 6 13.08
38.734 3 6 13.08
38.952 1 6 26.04
39.169 2 6 1
39.169 4 6 1
39.604 1 6 1
39.821 4 6 26.16
40.039 2 6 1
40.256 2 6 1
40.365 3 6 26.04
40.474 1 6 1
40.582 2 6 1
40.691 4 6 13.08
40.8 3 6 12.96
40.908 1 6 1
41.017 3 6 1
41.126 1 6 1
41.235 4 6 1
41.343 2 6 1
41.452 3 6 1
41.561 1 6 1
41.778 2 6 1
41.778 4 6 1
41.995 3 6 1
42.213 3 6 26.04
42.43 2 6 26.16
42.648 4 6 1
42.648 1 6 1
43.082 4 6 1
43.191 2 6 39.12
43.517 4 6 1
43.735 3 6 1
43.843 1 6 1
43.952 4 6 1
44.061 3 6 1
44.169 1 6 13.08
44.387 2 6 1
44.496 3 6 1
44.604 1 6 1
44.713 2 6 1
44.822 4 6 1
44.93 3 6 1
45.039 1 6 1
45.148 2 6 1
45.256 3 6 1
45.474 4 6 1
45.583 2 6 1
45.691 2 6 1
45.909 4 6 26.04
46.126 1 6 1
46.343 3 6 1
46.561 2 6 26.04
46.778 4 6 26.16
46.996 2 6 1
47.213 4 6 1
47.322 1 6 1
47.43 3 6 13.08
47.539 2 6 1
47.648 2 6 26.04
47.865 3 6 1
48.083 4 6 1
48.3 1 6 13.08
48.409 3 6 1
48.517 1 6 26.16
48.626 4 6 1
48.735 2 6 1
48.735 3 6 1
48.952 3 6 1
49.17 2 6 1
49.387 2 6 1
49.604 1 6 1
49.604 4 6 39.12
50.039 3 6 1
50.257 2 6 26.04
50.474 4 6 26.04
50.691 1 6 1
50.8 3 6 1
50.909 2 6 1
51.017 1 6 13.08
51.126 2 6 13.08
51.344 4 6 1
51.561 3 6 26.04
51.887 1 6 1
51.996 4 6 26.04
52.431 2 6 1
52.539 3 6 1
52.648 2 6 52.2
52.865 4 6 1
53.083 3 6 1
53.083 4 6 1
53.3 1 6 52.2
53.735 2 6 26.04
53.952 4 6 1
54.278 1 6 26.16
54.496 4 6 39.12
54.605 2 6 1
54.822 3 6 1
55.039 4 6 1
55.148 1 6 1
55.365 4 6 1
55.474 2 6 1
55.583 4 6 1
55.692 3 6 1
56.126 1 6 1
56.235 3 6 1
56.344 2 6 1
56.561 4 6 1
56.996 2 6 1
57.213 2 6 26.16
57.431 4 6 1
57.431 1 6 1
57.648 3 6 1
57.757 1 6 1
57.974 4 6 39.12
58.083 1 6 1
58.3 2 6 1
58.518 3 6 1
58.735 1 6 1
58.844 3 6 1
58.952 2 6 1
59.17 3 6 1
59.17 4 6 1
59.387 1 6 1
59.605 4 6 1
59.713 1 6 1
59.822 3 6 1
60.039 2 6 1
60.257 4 6 1
60.474 2 6 1
60.583 2 6 1
60.692 3 6 1
60.909 1 6 1
60.909 4 6 1
61.235 1 6 1
61.344 3 6 1
61.453 2 6 1
61.561 3 6 26.16
61.779 1 6 1
61.779 4 6 39.12
62.105 1 6 12.96
62.213 2 6 26.16
62.322 4 6 1
62.431 3 6 26.04
62.54 2 6 1
62.648 1 6 52.2
62.648 4 6 1
62.866 2 6 1
63.083 3 6 1
63.3 4 6 13.08
63.518 4 6 26.04
63.953 2 6 1
64.17 2 6 1
64.387 3 6 1
64.605 4 6 1
64.822 4 6 1
65.04 4 6 52.08
65.474 2 6 1
65.909 3 6 1
66.127 1 6 1
66.344 4 6 1
66.561 4 6 1
66.779 2 6 1
66.996 1 6 1
67.214 3 6 1
67.431 3 6 1
67.648 1 6 1
67.866 2 6 1
68.083 4 6 1
68.301 4 6 1
68.409 2 6 1
68.518 2 6 1
68.735 1 6 1
68.953 4 6 1
69.17 3 6 1
69.388 3 6 1
69.605 1 6 52.2
69.822 3 6 1
70.04 2 6 1
70.257 2 6 26.16
70.257 4 6 1
70.475 4 6 1
70.692 3 6 1
70.909 2 6 1
71.127 1 6 26.04
71.344 3 6 1
71.562 4 6 1
71.779 4 6 1
71.996 1 6 1
72.214 2 6 52.2
72.431 3 6 1
72.649 3 6 1
72.866 3 6 1
73.083 2 6 1
73.083 4 6 1
73.301 1 6 1
73.301 4 6 1
73.736 2 6 1
73.736 3 6 1
74.17 1 6 1
74.17 4 6 1
74.605 1 6 1
74.605 3 6 1
75.04 2 6 1
75.04 4 6 1
75.475 3 6 1
75.475 4 6 1
75.909 1 6 1
75.909 2 6 1
76.127 1 6 1
76.236 2 6 1
76.344 3 6 26.16
76.562 4 6 1
76.779 4 6 1
76.779 2 6 1
77.214 1 6 1
77.214 3 6 1
77.649 2 6 1
77.649 3 6 1
78.083 2 6 1
78.083 3 6 1
78.518 1 6 1
78.518 2 6 1
78.953 1 6 1
78.953 4 6 1
79.388 1 6 1
79.605 4 6 1
79.823 3 6 1
80.04 2 6 1
80.04 4 6 1
80.475 2 6 1
80.475 4 6 1
80.692 1 6 1
81.127 2 6 1
81.344 1 6 1
81.344 4 6 1
81.562 3 6 1
81.779 1 6 1
82.214 1 6 1
82.214 4 6 1
82.431 2 6 1
82.649 4 6 1
82.758 3 6 1
82.975 2 6 1
83.084 4 6 1
83.192 3 6 1
83.301 4 6 1
83.41 3 6 1
83.518 1 6 1
83.736 3 6 1
83.953 1 6 1
83.953 4 6 1
84.171 2 6 1
84.605 2 6 1
84.823 1 6 1
84.823 4 6 1
85.04 3 6 1
85.258 1 6 1
85.692 1 6 1
85.692 4 6 1
85.91 3 6 1
86.127 3 6 1
86.236 4 6 1
86.453 1 6 1
86.562 3 6 1
86.671 2 6 1
86.779 3 6 1
86.997 1 6 1
87.214 3 6 1
87.323 2 6 1
87.432 2 6 1
87.649 4 6 1
87.866 3 6 26.16
88.192 1 6 1
88.301 3 6 1
88.519 4 6 1
88.736 2 6 1
88.953 3 6 1
89.171 2 6 1
89.388 1 6 1
89.606 3 6 1
89.714 2 6 1
89.823 4 6 1
89.932 3 6 1
90.04 2 6 1
90.258 2 6 1
90.366 2 6 1
90.475 4 6 1
90.801 2 6 1
90.91 1 6 1
90.91 4 6 1
91.127 3 6 1
91.345 2 6 1
91.562 2 6 1
91.78 1 6 1
91.78 3 6 1
91.997 4 6 1
92.214 1 6 1
92.432 2 6 1
92.54 3 6 1
92.649 2 6 1
92.758 4 6 1
92.866 1 6 1
93.084 2 6 1
93.193 4 6 1
93.41 3 6 1
93.519 2 6 1
93.627 4 6 1
93.736 3 6 1
93.953 1 6 1
93.953 4 6 1
94.388 2 6 1
94.388 3 6 1
94.606 1 6 1
95.04 3 6 1
95.258 1 6 1
95.258 4 6 1
95.475 2 6 1
95.693 2 6 1
95.91 4 6 1
96.127 1 6 1
96.127 3 6 1
96.345 3 6 1
96.562 2 6 1
96.671 3 6 1
96.78 2 6 1
96.997 4 6 1
97.106 3 6 1
97.214 4 6 1
97.323 2 6 1
97.432 1 6 1
97.432 3 6 1
97.758 2 6 1
97.867 1 6 1
97.867 4 6 1
98.084 3 6 1
98.301 2 6 1
98.519 3 6 1
98.736 1 6 1
98.736 4 6 1
98.954 2 6 1
99.171 1 6 1
99.497 4 6 1
99.606 2 6 1
99.715 1 6 1
99.823 2 6 1
100.041 3 6 1
100.149 4 6 1
100.367 1 6 1
100.475 4 6 13.08
100.584 2 6 1
100.693 3 6 1
100.802 1 6 1
100.91 3 6 1
100.91 4 6 1
101.128 1 6 1
101.345 2 6 1
101.454 3 6 1
101.562 4 6 26.16
101.78 2 6 1
101.997 3 6 1
102.215 1 6 1
102.215 4 6 1
102.432 3 6 1
102.649 2 6 1
102.975 3 6 1
103.084 2 6 1
103.084 4 6 1
103.302 3 6 1
103.519 1 6 1
103.628 4 6 1
103.736 3 6 1
103.954 3 6 1
103.954 2 6 1
104.171 1 6 1
104.389 3 6 1
104.606 2 6 1
104.715 3 6 1
104.823 2 6 1
104.823 4 6 1
105.041 3 6 26.04
105.258 4 6 1
105.476 1 6 1
105.693 2 6 1
105.693 3 6 1
105.91 4 6 26.16
106.128 1 6 1
106.128 3 6 1
106.78 3 6 13.08
107.432 3 6 1
107.867 1 6 1
107.867 4 6 26.04
108.084 3 6 1
108.193 2 6 1
108.302 4 6 12.96
108.519 2 6 1
108.628 1 6 26.04
108.845 3 6 1
108.954 4 6 1
109.171 2 6 13.08
109.28 4 6 1
109.389 1 6 26.04
109.606 4 6 1
109.932 1 6 1
110.041 4 6 26.04
110.258 2 6 1
110.367 3 6 1
110.584 1 6 13.08
110.693 3 6 1
110.802 2 6 1
110.91 4 6 13.08
111.237 2 6 1
111.345 1 6 1
111.345 3 6 1
111.563 2 6 1
111.671 4 6 1
111.78 2 6 13.08
111.997 1 6 1
112.106 4 6 26.16
112.432 1 6 1
112.65 3 6 1
112.758 2 6 1
112.867 1 6 1
113.084 2 6 1
113.084 4 6 26.16
113.411 3 6 1
113.519 2 6 26.16
113.628 1 6 1
113.737 4 6 1
113.954 2 6 1
114.063 3 6 1
114.28 4 6 1
114.389 3 6 1
114.606 2 6 1
114.715 1 6 1
114.824 3 6 1
114.824 4 6 1
115.041 2 6 1
115.15 1 6 1
115.258 4 6 1
115.476 3 6 1
115.693 2 6 13.08
115.911 2 6 1
116.128 1 6 1
116.345 4 6 26.16
116.563 1 6 1
116.998 2 6 16.2
117.215 2 6 6.48
117.432 3 6 26.16
117.541 1 6 1
117.65 4 6 1
117.867 1 6 1
118.085 2 6 12.96
118.302 1 6 1
118.302 4 6 1
118.519 1 6 1
118.628 4 6 1
118.737 3 6 1
118.954 3 6 1
119.172 2 6 1
119.389 4 6 1
119.606 2 6 1
119.824 4 6 26.04
120.041 2 6 1
120.259 1 6 1
120.367 3 6 1
120.476 1 6 1
120.585 4 6 1
120.693 3 6 1
120.802 2 6 1
120.911 3 6 1
121.019 1 6 1
121.128 4 6 1
121.346 2 6 1
121.454 1 6 1
121.563 4 6 1
121.672 2 6 1
121.78 4 6 1
121.78 3 6 1
121.998 1 6 26.04
122.215 4 6 13.08
122.433 3 6 1
122.867 1 6 1
123.085 1 6 1
123.193 3 6 1
123.302 4 6 26.16
123.52 1 6 26.04
123.737 3 6 1
123.846 2 6 1
123.954 4 6 26.16
124.172 1 6 26.04
124.607 4 6 26.04
124.824 3 6 1
125.041 1 6 26.16
125.041 4 6 1
125.476 3 6 1
125.585 4 6 13.08
125.694 2 6 1
125.802 1 6 1
125.911 2 6 39.12
125.911 3 6 1
126.237 3 6 1
126.346 1 6 1
126.563 4 6 1
126.672 2 6 1
126.781 4 6 26.04
126.998 2 6 1
126.998 1 6 1
127.215 3 6 1
127.324 1 6 26.04
127.541 2 6 1
127.65 4 6 13.08
127.976 2 6 13.08
128.194 3 6 12.96
128.302 2 6 1
128.411 4 6 1
128.52 3 6 1
128.628 4 6 117.48
128.737 1 6 1
128.737 2 6 1
128.954 3 6 1
129.172 3 6 1
129.389 2 6 1
129.607 1 6 26.04
130.041 4 6 1
130.259 3 6 1
130.476 3 6 1
130.694 1 6 26.04
130.911 4 6 1
131.128 1 6 26.16
131.346 3 6 13.08
131.563 4 6 1
131.998 2 6 1
132.215 1 6 1
132.433 3 6 1
132.542 2 6 1
132.759 2 6 1
132.868 4 6 1
133.085 4 6 26.04
133.302 1 6 1
133.52 2 6 1
133.737 3 6 1
133.955 1 6 1
134.172 4 6 1
134.389 2 6 1
134.498 1 6 1
134.607 3 6 1
134.824 4 6 1
135.042 3 6 1
135.259 1 6 26.04
135.476 3 6 26.16
135.694 1 6 1
135.911 4 6 1
136.129 2 6 1
136.346 2 6 1
136.563 2 6 26.16
136.781 3 6 1
136.998 4 6 1
137.216 2 6 1
137.433 1 6 1
137.65 3 6 1
137.868 1 6 1
138.085 4 6 1
138.303 2 6 26.04
138.52 3 6 1
138.737 1 6 1
138.955 1 6 1
139.172 2 6 1
139.172 4 6 1
139.39 2 6 1
139.39 3 6 1
139.824 2 6 1
139.824 4 6 1
140.259 1 6 1
140.259 3 6 1
140.694 2 6 1
140.694 4 6 1
141.129 2 6 1
141.129 3 6 1
141.564 1 6 1
141.564 2 6 1
141.564 3 6 1
141.998 1 6 104.4
141.998 4 6 1
142.433 4 6 1
142.651 3 6 1
142.868 4 6 1
142.868 3 6 1
143.303 3 6 1
143.303 2 6 1
143.738 2 6 1
143.738 4 6 1
144.172 2 6 1
144.172 3 6 1
144.607 1 6 1
144.607 3 6 1
145.042 4 6 52.2
145.042 2 6 1
145.477 1 6 1
145.694 3 6 1
145.912 2 6 1
146.02 3 6 1
146.129 4 6 1
146.346 1 6 1
146.346 2 6 1
146.564 1 6 1
146.564 3 6 1
146.672 4 6 1
146.781 2 6 1
146.998 3 6 1
146.998 4 6 1
147.433 1 6 1
147.651 4 6 1
147.868 2 6 1
148.303 1 6 1
148.303 4 6 1
148.52 3 6 1
148.738 4 6 1
148.955 2 6 1
149.172 3 6 1
149.39 1 6 1
149.499 3 6 1
149.607 4 6 1
149.607 1 6 1
149.716 2 6 1
149.825 3 6 1
149.933 2 6 1
150.042 4 6 1
150.151 3 6 1
150.259 1 6 1
150.368 2 6 1
150.477 1 6 1
150.803 3 6 1
150.912 2 6 1
150.912 4 6 1
151.129 4 6 1
151.346 2 6 1
151.564 3 6 1
151.781 1 6 1
151.781 4 6 1
151.999 2 6 1
152.216 3 6 1
152.433 4 6 1
152.651 1 6 1
152.651 3 6 1
152.868 2 6 1
153.086 3 6 1
153.194 1 6 1
153.303 4 6 13.08
153.412 2 6 1
153.52 3 6 1
153.738 2 6 1
153.847 3 6 1
153.955 1 6 1
153.955 4 6 1
154.173 4 6 1
154.281 2 6 1
154.39 2 6 1
154.607 3 6 26.16
154.825 1 6 26.04
155.151 3 6 1
155.26 4 6 1
155.477 3 6 1
155.694 2 6 1
155.912 3 6 1
156.129 4 6 1
156.129 1 6 1
156.347 2 6 1
156.564 1 6 13.08
156.673 2 6 1
156.781 3 6 1
156.89 2 6 1
156.999 1 6 1
156.999 4 6 1
157.216 3 6 1
157.434 4 6 1
157.651 1 6 1
157.76 3 6 1
157.868 1 6 1
158.086 4 6 26.04
158.303 2 6 1
158.521 3 6 1
158.629 2 6 1
158.738 1 6 1
158.738 4 6 1
158.955 3 6 26.16
159.173 4 6 1
159.499 3 6 1
159.608 2 6 1
159.608 4 6 1
159.825 1 6 1
160.042 3 6 1
160.477 1 6 1
160.477 3 6 1
160.695 2 6 1
160.912 1 6 260.88
160.912 4 6 260.88
163.303 3 6 1
163.521 4 6 1
163.738 1 6 1
164.064 2 6 1
164.39 4 6 417.48
164.608 3 6 1
167.869 2 6 1
167.869 1 6 26.04
168.195 1 6 1
168.303 3 6 13.08
168.521 4 6 1
168.738 2 6 1
168.956 4 6 1
169.173 3 6 1
169.282 3 6 1
169.39 1 6 1
169.608 1 6 1
169.608 3 6 1
170.043 2 6 6.48
170.26 2 6 13.08
170.369 1 6 1
170.586 3 6 13.08
170.804 2 6 1
170.912 4 6 1
171.021 2 6 1
171.13 1 6 1
171.347 2 6 1
171.347 4 6 1
171.673 4 6 13.08
171.999 1 6 1
172.108 3 6 1
172.217 4 6 1
172.434 2 6 1
172.543 3 6 1
172.76 1 6 1
172.869 3 6 1
173.086 1 6 1
173.412 3 6 26.16
173.738 3 6 1
173.956 4 6 1
174.064 2 6 1
174.173 3 6 1
174.282 1 6 13.08
174.391 2 6 1
174.825 1 6 1
174.825 3 6 1
175.151 4 6 1
175.26 3 6 1
175.478 1 6 1
175.586 2 6 1
175.695 4 6 1
175.804 4 6 1
175.912 4 6 1
176.021 4 6 1
176.13 1 6 1
176.347 3 6 1
176.456 2 6 1
176.565 1 6 1
176.891 3 6 1
176.999 1 6 1
177.217 4 6 26.04
177.434 1 6 1
177.543 3 6 1
177.652 2 6 1
177.76 1 6 1
177.869 4 6 1
177.978 3 6 1
178.086 2 6 1
178.195 1 6 1
178.304 4 6 52.2
178.63 2 6 1
178.739 1 6 1
178.847 3 6 1
178.956 4 6 78.24
179.173 1 6 1
179.282 2 6 1
179.499 3 6 1
179.608 1 6 1
179.826 1 6 1
180.043 2 6 1
180.043 4 6 1
180.26 1 6 1
180.369 2 6 1
180.369 4 6 1
180.586 3 6 1
180.695 1 6 1
180.695 2 6 1
180.913 3 6 1
181.13 4 6 1
181.239 1 6 1
181.347 3 6 1
181.456 1 6 1
181.565 3 6 1
181.782 3 6 1
181.782 2 6 1
182 2 6 1
182 4 6 1
182.434 1 6 1
182.434 2 6 1
182.869 1 6 1
182.869 4 6 1
183.304 3 6 1
183.304 4 6 1
183.739 1 6 1
183.739 3 6 1
184.173 1 6 1
184.173 4 6 1
184.608 3 6 1
184.608 4 6 104.4
184.826 2 6 1
185.043 1 6 1
185.26 1 6 1
185.478 1 6 1
185.478 3 6 1
185.913 1 6 1
185.913 2 6 1
186.347 3 6 1
186.347 4 6 1
186.782 2 6 1
186.782 3 6 1
187.217 1 6 1
187.217 4 6 1
187.652 1 6 1
187.652 4 6 1
187.869 1 6 26.16
187.869 2 6 1
187.869 4 6 78.24
188.739 2 6 1
188.739 3 6 1
188.956 2 6 1
189.174 1 6 1
189.174 4 6 1
189.391 3 6 1
189.826 1 6 1
190.043 2 6 1
190.043 4 6 1
190.261 2 6 1
190.478 4 6 1
190.695 3 6 1
190.913 1 6 1
190.913 2 6 1
191.13 3 6 1
191.348 4 6 1
191.456 3 6 1
191.565 1 6 1
191.674 4 6 1
191.782 3 6 1
191.891 2 6 1
192 3 6 1
192.108 1 6 1
192.217 1 6 1
192.217 4 6 1
192.435 3 6 1
192.652 1 6 1
192.652 4 6 1
192.869 1 6 1
193.087 3 6 1
193.304 4 6 1
193.413 3 6 1
193.522 2 6 1
193.739 3 6 1
193.956 1 6 1
194.174 4 6 1
194.391 2 6 1
194.391 3 6 1
194.609 3 6 1
194.826 4 6 1
194.935 1 6 1
195.152 2 6 1
195.261 3 6 1
195.478 4 6 1
195.696 1 6 1
195.696 2 6 1
196.13 4 6 1
196.348 3 6 1
196.565 1 6 1
196.783 2 6 1
197 2 6 1
197.217 4 6 1
197.435 3 6 1
197.652 2 6 1
197.87 1 6 1
197.87 4 6 1
198.087 3 6 1
198.304 1 6 1
198.304 4 6 1
198.413 3 6 1
198.522 2 6 1
198.63 2 6 1
198.739 1 6 1
198.848 4 6 1
198.957 2 6 1
199.065 4 6 1
199.174 3 6 1
199.283 2 6 1
199.5 3 6 1
199.609 1 6 1
199.609 2 6 1
199.826 4 6 26.16
200.044 3 6 1
200.478 1 6 1
200.478 3 6 1
200.696 4 6 1
200.913 2 6 1
201.239 3 6 1
201.348 2 6 1
201.348 4 6 1
201.565 2 6 1
201.783 1 6 1
201.891 3 6 1
202 1 6 1
202.109 3 6 1
202.217 4 6 1
202.326 2 6 1
202.435 4 6 1
202.544 3 6 1
202.652 1 6 1
202.652 4 6 1
202.87 3 6 1
202.978 2 6 1
203.087 1 6 1
203.087 4 6 1
203.304 4 6 1
203.522 3 6 1
203.739 2 6 1
203.957 1 6 1
203.957 3 6 1
204.174 4 6 1
204.391 2 6 1
204.609 4 6 1
204.826 1 6 1
204.826 3 6 1
205.044 4 6 1
205.261 2 6 1
205.37 3 6 1
205.478 1 6 1
205.587 4 6 1
205.696 3 6 1
205.913 1 6 1
206.131 2 6 1
206.239 2 6 1
206.348 3 6 1
206.565 1 6 1
206.565 4 6 1
206.783 1 6 1
207 3 6 1
207.218 2 6 1
207.435 2 6 1
207.435 4 6 1
207.652 1 6 1
207.87 3 6 1
208.196 2 6 1
208.305 1 6 1
208.305 4 6 1
208.522 3 6 1
208.739 1 6 1
208.848 2 6 1
208.957 4 6 1
209.066 3 6 1
209.174 1 6 1
209.337 4 6 1
209.392 2 6 1
209.5 4 6 1
209.609 2 6 1
209.935 2 6 1
210.044 3 6 1
210.261 1 6 26.16
210.479 4 6 1
210.696 2 6 1
210.913 3 6 1
211.131 1 6 1
211.348 4 6 1
211.566 3 6 1
211.674 2 6 1
211.783 1 6 1
212.109 3 6 1
212.218 2 6 1
212.326 4 6 1
212.435 2 6 1
212.653 1 6 1
212.761 4 6 1
212.87 2 6 1
213.087 4 6 1
213.305 2 6 1
213.413 2 6 1
213.522 3 6 1
213.631 2 6 1
213.74 1 6 1
213.848 3 6 1
213.957 2 6 1
214.174 4 6 1
214.392 1 6 1
214.392 3 6 1
214.609 2 6 1
214.827 1 6 1
214.827 4 6 1
215.044 2 6 1
215.479 3 6 52.2
215.914 2 6 1
216.131 2 6 52.2
216.566 1 6 1
216.566 4 6 1
216.783 2 6 1
216.892 1 6 1
217.001 3 6 1
217.218 4 6 1
217.327 2 6 1
217.435 1 6 1
217.435 4 6 26.16
217.653 2 6 1
217.87 3 6 1
217.979 2 6 1
218.088 1 6 1
218.305 3 6 1
218.522 2 6 1
218.631 2 6 1
218.74 3 6 1
218.957 4 6 26.04
219.174 2 6 1
219.392 3 6 1
219.501 1 6 12.96
219.718 4 6 1
219.827 2 6 1
220.044 4 6 1
220.153 1 6 1
220.37 3 6 1
220.479 1 6 26.04
220.696 3 6 1
220.805 1 6 1
220.914 4 6 1
220.914 2 6 1
221.131 1 6 1
221.348 4 6 39.24
221.457 1 6 1
221.566 2 6 1
221.783 4 6 1
222.001 3 6 1
222.109 4 6 1
222.218 2 6 1
222.327 1 6 1
222.435 1 6 13.08
222.653 2 6 1
222.87 1 6 1
222.87 3 6 1
222.979 4 6 1
223.196 2 6 1
223.305 4 6 1
223.414 2 6 1
223.522 4 6 1
223.74 3 6 1
223.849 2 6 1
223.957 4 6 26.16
224.175 1 6 12.96
224.283 3 6 1
224.392 4 6 1
224.609 1 6 1
224.827 4 6 26.04
224.936 2 6 1
225.044 2 6 1
225.262 3 6 1
225.479 2 6 1
225.588 4 6 1
225.696 3 6 1
225.805 2 6 1
225.914 1 6 26.04
226.131 4 6 1
226.349 3 6 12.96
226.566 4 6 1
226.675 2 6 1
226.783 4 6 1
227.001 1 6 1
227.11 2 6 1
227.218 3 6 13.08
227.327 2 6 1
227.436 1 6 26.04
227.653 4 6 26.04
227.762 2 6 1
227.979 4 6 1
228.305 3 6 1
228.523 1 6 1
228.74 4 6 39.12
229.066 1 6 26.04
229.283 2 6 1
229.392 3 6 26.16
229.61 1 6 1
229.61 4 6 1
229.827 2 6 13.08
230.044 1 6 26.16
230.044 3 6 1
230.37 3 6 1
230.479 4 6 13.08
230.697 4 6 12.96
230.914 1 6 39.12
231.131 4 6 1
231.24 3 6 1
231.457 2 6 1
231.566 4 6 1
231.784 1 6 1
232.001 3 6 1
232.218 4 6 1
232.436 1 6 52.2
232.653 4 6 1
232.871 3 6 1
233.088 2 6 1
233.197 3 6 1
233.305 4 6 1
233.523 4 6 1
233.74 2 6 1
233.849 4 6 1
233.958 1 6 1
234.175 4 6 1
234.284 2 6 1
234.392 1 6 1
234.392 3 6 1
234.61 3 6 1
234.718 4 6 1
234.827 2 6 1
234.936 1 6 1
235.045 3 6 1
235.262 4 6 1
235.371 2 6 1
235.697 1 6 1
235.697 4 6 1
235.914 3 6 1
236.023 1 6 1
236.24 2 6 1
236.349 4 6 1
236.566 3 6 1
236.675 3 6 1
236.892 1 6 1
237.001 4 6 1
237.218 2 6 1
237.436 1 6 1
237.436 3 6 1
237.545 3 6 1
237.762 2 6 1
237.871 3 6 1
238.088 4 6 1
238.305 1 6 1
238.523 3 6 1
238.74 1 6 1
238.849 2 6 1
238.958 4 6 52.08
239.175 2 6 1
239.392 1 6 1
239.61 2 6 1
239.827 2 6 26.16
240.045 1 6 1
240.153 4 6 1
240.262 1 6 1
240.479 4 6 1
240.697 3 6 1
240.806 2 6 1
240.914 2 6 1
241.132 3 6 1
241.24 4 6 1
241.349 2 6 1
241.566 2 6 1
241.566 4 6 1
241.784 1 6 1
241.784 3 6 1
242.001 2 6 1
242.219 4 6 1
242.327 1 6 1
242.436 3 6 1
242.653 1 6 1
242.653 2 6 1
243.088 1 6 1
243.306 3 6 1
243.523 2 6 1
243.958 4 6 52.2
244.393 1 6 1
244.393 2 6 1
244.61 4 6 1
244.719 1 6 1
244.827 3 6 1
245.045 3 6 1
245.154 4 6 1
245.262 1 6 1
245.371 3 6 1
245.48 2 6 1
245.588 1 6 1
245.588 4 6 1
245.697 4 6 1
245.806 1 6 1
245.914 3 6 1
246.023 4 6 1
246.132 1 6 1
246.24 3 6 1
246.349 1 6 1
246.458 4 6 1
246.567 1 6 1
246.675 3 6 1
246.784 2 6 1
246.893 4 6 1
247.001 3 6 1
247.11 2 6 1
247.219 4 6 1
247.327 2 6 1
247.436 1 6 1
247.545 4 6 1
247.654 2 6 1
247.762 1 6 1
247.871 3 6 130.44
248.306 1 6 1
248.741 2 6 1
248.958 2 6 26.04
249.175 1 6 52.2
249.61 4 6 52.2
250.045 2 6 52.2
250.48 3 6 52.2
250.806 2 6 1
250.915 1 6 52.08
251.349 4 6 1
251.567 3 6 1
251.675 2 6 1
251.784 4 6 1
251.893 1 6 1
252.002 4 6 1
252.11 3 6 1
252.219 2 6 1
252.328 4 6 1
252.436 1 6 1
252.545 2 6 1
252.654 4 6 1
252.79 1 6 1
252.871 4 6 1
252.944 2 6 1
253.089 1 6 1
253.161 2 6 1
253.306 3 6 1
253.415 4 6 1
253.523 2 6 1
253.741 1 6 1
253.958 2 6 1
254.176 3 6 1
254.284 1 6 1
254.393 3 6 1
254.502 4 6 1
254.61 2 6 1
254.828 3 6 1
254.936 4 6 1
255.045 1 6 1
255.154 3 6 1
255.262 4 6 1
255.48 3 6 1
255.697 1 6 1
255.915 3 6 1
256.132 1 6 1
256.132 4 6 91.32
256.567 2 6 1
256.784 2 6 1
256.893 1 6 1
257.002 3 6 1
257.219 2 6 1
257.436 3 6 1
257.545 1 6 1
257.654 4 6 1
257.871 1 6 1
257.871 3 6 1
257.98 3 6 1
258.089 2 6 1
258.197 3 6 1
258.306 1 6 1
258.306 4 6 1
258.523 3 6 1
258.632 2 6 1
258.741 1 6 1
258.958 3 6 1
259.067 2 6 1
259.176 1 6 1
259.393 3 6 1
259.61 4 6 1
259.828 2 6 1
260.045 4 6 1
260.263 2 6 1
260.371 3 6 1
260.48 4 6 1
260.589 3 6 1
260.697 1 6 78.36
260.915 3 6 1
261.241 3 6 1
261.35 2 6 1
261.35 4 6 1
261.567 1 6 1
261.784 2 6 1
262.002 4 6 1
262.219 2 6 1
262.437 3 6 1
262.654 4 6 1
262.871 3 6 1
262.98 1 6 117.36
262.98 2 6 1
263.089 4 6 1
263.306 3 6 1
263.524 4 6 1
263.958 2 6 52.2
264.393 3 6 52.2
264.502 4 6 1
264.828 1 6 52.2
265.263 4 6 52.2
265.698 2 6 1
266.024 3 6 1
266.132 2 6 52.2
266.567 3 6 1
266.676 4 6 1
266.893 2 6 1
267.002 1 6 1
267.219 2 6 1
267.328 3 6 1
267.437 1 6 1
267.545 3 6 1
267.654 2 6 1
267.872 4 6 1
268.089 2 6 1
268.198 1 6 1
268.306 3 6 1
268.415 2 6 1
268.524 4 6 1
268.741 1 6 1
268.959 1 6 1
269.067 3 6 1
269.176 4 6 1
269.393 2 6 1
269.502 2 6 1
269.611 4 6 1
269.828 3 6 1
269.937 1 6 1
270.046 3 6 1
270.263 4 6 1
270.48 1 6 1
270.589 4 6 1
270.698 2 6 1
270.915 4 6 1
270.915 1 6 1
271.133 3 6 1
271.35 1 6 78.24
271.567 4 6 65.28
271.785 3 6 39.12
272.22 1 6 1
272.437 4 6 1
272.654 1 6 1
272.872 3 6 1
272.98 2 6 1
273.198 3 6 1
273.306 2 6 1
273.524 2 6 1
273.741 3 6 1
273.959 4 6 1
274.393 1 6 1
274.611 2 6 1
