0.767 1 6 1
0.767 3 6 176.16
0.977 2 6 1
1.396 1 6 1
2.235 4 6 1
2.445 2 6 1
2.655 3 6 1
3.074 3 6 1
3.389 1 6 1
3.704 2 6 1
3.914 3 6 226.56
3.914 4 6 1
4.753 2 6 1
5.802 2 6 1
6.011 1 6 1
6.431 2 6 1
6.641 3 6 1
6.851 4 6 1
7.06 2 6 1
7.27 2 6 201.48
8.529 4 6 1
8.949 1 6 1
9.158 3 6 1
9.368 2 6 1
9.578 3 6 1
9.788 4 6 1
10.207 4 6 50.4
10.627 2 6 1
10.732 1 6 113.28
10.732 3 6 1
11.676 4 6 100.68
12.515 1 6 1
12.515 2 6 1
13.354 4 6 50.4
13.774 2 6 25.2
13.984 3 6 25.08
14.193 1 6 1
14.403 4 6 1
14.508 3 6 1
14.613 1 6 1
14.613 2 6 1
14.823 3 6 1
15.033 1 6 1
15.242 3 6 1
15.452 2 6 1
15.662 1 6 1
15.872 4 6 1
16.081 2 6 1
16.186 3 6 1
16.291 1 6 1
16.291 2 6 1
16.501 3 6 1
16.711 1 6 1
16.921 2 6 1
17.13 1 6 1
17.13 2 6 1
17.34 3 6 1
17.55 4 6 1
17.76 3 6 1
17.97 1 6 1
17.97 2 6 1
18.179 3 6 1
18.389 1 6 1
18.599 2 6 1
18.809 2 6 1
18.809 3 6 1
19.019 4 6 25.08
19.228 1 6 37.8
19.228 3 6 1
19.543 2 6 12.6
19.648 3 6 25.2
19.858 4 6 25.08
20.067 3 6 1
20.277 2 6 25.2
20.487 1 6 1
20.487 3 6 50.4
20.697 2 6 1
20.907 1 6 1
20.907 4 6 1
21.116 2 6 1
21.221 3 6 1
21.326 2 6 1
21.536 3 6 1
21.746 1 6 1
21.956 2 6 1
22.165 4 6 1
22.375 2 6 1
22.585 4 6 1
22.795 3 6 1
22.9 2 6 1
23.005 1 6 1
23.005 3 6 1
23.214 2 6 1
23.424 4 6 1
23.634 2 6 1
23.844 1 6 1
24.054 3 6 1
24.263 4 6 1
24.263 2 6 50.4
24.683 4 6 1
25.102 2 6 1
25.312 4 6 1
25.522 3 6 1
25.732 1 6 1
25.942 3 6 100.68
26.781 4 6 50.28
27.2 2 6 50.4
27.62 1 6 1
27.62 4 6 1
27.83 3 6 1
28.04 1 6 1
28.04 4 6 1
28.249 2 6 1
28.459 1 6 1
28.459 4 6 1
28.669 2 6 1
28.879 1 6 1
28.879 4 6 1
29.089 3 6 1
29.298 1 6 1
29.298 4 6 1
29.403 2 6 1
29.508 3 6 1
29.718 1 6 1
29.718 4 6 1
29.928 2 6 1
30.137 3 6 1
30.242 2 6 1
30.347 4 6 1
30.557 2 6 1
30.557 3 6 1
30.767 1 6 1
30.977 1 6 1
30.977 2 6 1
31.082 4 6 1
31.186 1 6 1
31.396 1 6 1
31.396 3 6 1
31.606 4 6 1
31.816 1 6 1
32.026 1 6 1
32.096 2 6 1
32.235 3 6 1
32.375 1 6 1
32.865 4 6 1
33.075 3 6 1
33.284 2 6 1
33.494 1 6 1
34.333 1 6 1
34.543 2 6 1
36.012 1 6 1
36.221 3 6 1
37.69 4 6 1
37.9 2 6 1
39.368 2 6 1
39.578 4 6 1
39.788 3 6 1
39.998 4 6 1
40.207 1 6 1
40.207 3 6 1
40.627 2 6 1
40.627 3 6 1
41.047 1 6 1
41.047 2 6 1
41.466 3 6 1
41.466 4 6 1
41.886 1 6 1
41.886 2 6 1
42.305 1 6 1
42.305 2 6 1
42.725 3 6 1
42.725 4 6 1
43.145 3 6 1
43.145 4 6 1
43.564 1 6 1
43.564 2 6 1
43.984 2 6 1
43.984 4 6 1
44.193 1 6 1
44.403 2 6 1
44.403 4 6 1
44.823 1 6 1
44.823 3 6 1
45.242 3 6 1
45.242 4 6 1
45.662 2 6 1
45.662 4 6 1
46.082 3 6 1
46.082 4 6 1
46.291 2 6 1
46.396 3 6 1
46.501 1 6 1
46.501 2 6 1
46.921 4 6 1
47.026 3 6 1
47.235 4 6 1
47.34 2 6 1
47.76 1 6 1
47.76 4 6 1
47.97 2 6 1
48.179 3 6 1
48.179 4 6 1
48.389 2 6 1
48.599 2 6 1
48.704 3 6 1
48.809 4 6 1
49.019 1 6 1
49.019 2 6 1
49.228 2 6 1
49.438 2 6 1
49.438 4 6 1
49.648 3 6 1
49.858 1 6 1
49.858 2 6 1
50.068 4 6 1
50.277 3 6 1
50.382 2 6 1
50.487 1 6 1
50.697 3 6 1
50.697 4 6 1
51.117 3 6 1
51.117 4 6 1
51.326 2 6 1
51.536 4 6 1
51.536 1 6 1
51.746 3 6 1
51.956 2 6 1
52.061 3 6 1
52.166 2 6 1
52.27 1 6 1
52.375 3 6 1
52.795 2 6 1
53.005 3 6 1
53.11 1 6 1
53.214 4 6 1
53.214 2 6 1
53.424 2 6 25.2
53.634 4 6 25.2
53.634 3 6 1
53.844 1 6 25.2
54.054 2 6 1
54.054 3 6 50.28
54.263 2 6 1
54.473 1 6 1
54.473 4 6 1
54.893 3 6 1
54.893 4 6 1
55.312 3 6 1
55.312 4 6 1
55.732 1 6 1
55.732 2 6 1
56.152 1 6 1
56.152 4 6 1
56.571 1 6 1
56.571 4 6 1
56.991 1 6 1
56.991 2 6 1
57.41 3 6 1
57.41 4 6 1
57.83 1 6 1
57.83 3 6 1
58.249 3 6 1
58.249 4 6 1
58.669 2 6 1
58.669 1 6 1
59.089 3 6 1
59.089 1 6 1
59.508 2 6 1
59.508 4 6 1
59.718 4 6 1
59.823 4 6 1
59.928 2 6 1
60.138 3 6 1
60.242 2 6 1
60.347 1 6 1
60.347 4 6 100.8
60.557 2 6 1
60.767 2 6 1
60.977 1 6 1
61.187 1 6 1
61.187 3 6 1
61.501 3 6 1
61.816 2 6 1
62.235 3 6 25.2
62.655 3 6 25.2
62.865 1 6 1
62.865 4 6 1
63.18 3 6 1
63.284 2 6 1
63.494 1 6 1
63.704 4 6 1
63.914 3 6 1
64.019 2 6 1
64.124 1 6 1
64.124 4 6 1
64.333 2 6 1
64.543 1 6 1
64.858 3 6 1
64.963 1 6 1
64.963 2 6 1
65.173 4 6 1
65.382 2 6 1
65.592 3 6 1
65.802 1 6 1
65.802 2 6 1
66.012 3 6 1
66.222 1 6 1
66.222 4 6 1
66.431 1 6 1
66.641 3 6 1
66.641 4 6 1
66.851 2 6 1
67.061 4 6 1
67.27 3 6 1
67.48 2 6 1
67.48 1 6 1
67.69 2 6 1
67.9 4 6 37.8
68.215 2 6 46.08
68.739 2 6 25.2
68.949 4 6 25.2
69.159 3 6 25.08
69.368 1 6 25.2
69.578 2 6 1
69.578 4 6 1
69.788 2 6 1
69.893 3 6 1
69.998 1 6 1
69.998 4 6 1
70.208 3 6 1
70.417 3 6 1
70.417 4 6 1
70.732 3 6 1
70.837 1 6 1
70.837 4 6 1
71.047 2 6 1
71.257 1 6 1
71.257 4 6 1
71.466 2 6 1
71.571 3 6 1
71.676 1 6 1
71.676 4 6 1
71.886 2 6 1
72.096 1 6 1
72.096 3 6 1
72.305 2 6 1
72.515 3 6 1
72.515 4 6 1
72.935 1 6 1
72.935 4 6 1
73.145 2 6 1
73.354 1 6 1
73.354 4 6 1
73.564 3 6 1
73.774 2 6 1
73.984 4 6 1
74.194 1 6 1
74.194 3 6 1
74.403 2 6 1
74.613 1 6 1
74.613 4 6 201.36
74.928 2 6 1
75.243 2 6 100.68
75.452 3 6 1
76.291 1 6 1
76.291 2 6 1
76.501 3 6 1
76.606 2 6 1
76.711 1 6 1
76.711 4 6 1
76.921 2 6 1
77.131 4 6 1
77.34 3 6 1
77.445 2 6 1
77.55 1 6 1
77.55 4 6 1
77.76 3 6 1
77.97 4 6 1
78.18 3 6 1
78.285 2 6 1
78.389 1 6 1
78.389 4 6 1
78.599 2 6 1
78.809 3 6 1
79.019 2 6 1
79.229 4 6 1
79.229 1 6 1
79.438 2 6 1
79.648 3 6 1
79.648 4 6 1
79.858 2 6 1
80.068 1 6 1
80.068 4 6 1
80.278 2 6 1
80.487 2 6 1
80.697 4 6 1
80.907 1 6 1
80.907 3 6 1
81.117 2 6 1
81.326 1 6 37.8
81.641 3 6 1
81.746 1 6 1
81.746 3 6 25.2
81.956 2 6 50.28
82.375 4 6 25.2
82.375 3 6 1
82.585 2 6 1
82.795 1 6 25.2
83.005 4 6 1
83.215 4 6 1
83.319 1 6 1
83.424 2 6 1
83.634 3 6 1
83.844 4 6 1
83.949 3 6 1
84.159 1 6 1
84.473 4 6 1
84.683 3 6 1
84.893 1 6 1
84.998 3 6 1
85.103 4 6 1
85.313 3 6 1
85.522 1 6 1
85.732 3 6 1
85.942 2 6 1
85.942 4 6 1
86.152 3 6 1
86.361 1 6 50.4
86.361 2 6 1
86.781 3 6 1
87.201 4 6 1
87.41 2 6 1
87.62 2 6 1
87.83 3 6 1
88.04 4 6 50.28
88.459 1 6 50.4
88.879 3 6 100.68
89.299 1 6 1
89.718 1 6 1
89.718 4 6 1
89.928 2 6 1
90.138 1 6 1
90.138 4 6 1
90.347 3 6 1
90.557 1 6 1
90.557 4 6 1
90.767 3 6 1
90.977 1 6 1
90.977 4 6 1
91.187 2 6 1
91.396 1 6 1
91.396 4 6 1
91.606 3 6 1
91.711 2 6 1
91.816 1 6 1
91.816 4 6 1
92.026 3 6 1
92.236 1 6 1
92.236 4 6 1
92.445 3 6 1
92.655 1 6 1
92.655 3 6 1
92.865 3 6 1
93.075 1 6 1
93.075 2 6 1
93.18 4 6 1
93.285 1 6 1
93.494 2 6 1
93.494 3 6 1
93.599 4 6 1
93.914 1 6 1
93.914 2 6 1
94.019 4 6 1
94.124 1 6 1
94.229 4 6 1
94.386 2 6 1
94.473 3 6 1
94.596 4 6 1
94.963 2 6 1
95.592 1 6 1
95.907 3 6 1
96.431 4 6 1
96.641 3 6 1
98.11 1 6 1
98.32 3 6 1
99.788 1 6 1
99.998 1 6 1
101.466 2 6 1
101.676 3 6 1
101.886 3 6 1
102.096 2 6 1
102.306 2 6 50.28
102.725 3 6 50.4
103.145 1 6 1
103.145 4 6 1
103.564 2 6 1
103.564 4 6 1
103.984 2 6 1
103.984 1 6 1
104.403 2 6 1
104.403 4 6 1
104.823 3 6 1
104.823 4 6 1
105.033 2 6 1
105.243 1 6 1
105.243 2 6 1
105.662 1 6 1
105.662 4 6 1
106.082 1 6 1
106.082 3 6 1
106.501 2 6 1
106.501 4 6 1
106.921 2 6 1
106.921 4 6 1
107.341 1 6 1
107.341 3 6 1
107.76 1 6 1
107.76 4 6 1
107.97 1 6 1
108.18 2 6 1
108.18 3 6 1
108.494 1 6 1
108.599 2 6 1
108.599 4 6 1
109.019 3 6 1
109.124 2 6 1
109.334 1 6 1
109.438 3 6 1
109.858 1 6 1
109.858 4 6 1
110.068 3 6 1
110.278 1 6 1
110.278 2 6 1
110.697 4 6 1
110.907 1 6 1
111.117 2 6 1
111.327 3 6 1
111.536 1 6 1
111.536 2 6 1
111.746 2 6 1
111.956 3 6 1
111.956 4 6 1
112.166 3 6 1
112.376 2 6 1
112.48 4 6 1
112.585 3 6 1
112.795 1 6 1
113.005 2 6 1
113.215 3 6 1
113.215 4 6 1
113.425 2 6 1
113.634 2 6 1
113.634 4 6 1
113.844 3 6 1
114.054 1 6 1
114.159 2 6 1
114.369 4 6 1
114.683 2 6 1
114.893 4 6 1
114.998 2 6 1
115.103 3 6 1
115.208 1 6 1
115.313 2 6 1
115.313 3 6 1
115.522 4 6 25.2
115.732 1 6 25.2
115.732 2 6 1
115.942 3 6 1
116.152 1 6 1
116.152 3 6 25.2
116.362 2 6 25.08
116.571 1 6 1
116.571 4 6 1
116.991 1 6 1
116.991 2 6 1
117.411 3 6 1
117.83 1 6 1
117.83 2 6 1
118.25 2 6 1
118.25 4 6 1
118.459 3 6 1
118.669 3 6 1
118.669 4 6 1
119.089 1 6 1
119.089 2 6 1
119.508 3 6 1
119.508 4 6 1
119.718 2 6 1
119.928 1 6 1
119.928 4 6 1
120.348 3 6 1
120.348 4 6 1
120.767 2 6 1
120.767 3 6 1
121.187 4 6 1
121.397 2 6 1
121.606 4 6 1
121.816 1 6 1
121.921 4 6 1
122.026 2 6 1
122.131 3 6 1
122.236 1 6 1
122.446 1 6 1
122.446 4 6 100.68
122.655 2 6 1
122.865 2 6 1
123.075 1 6 1
123.285 1 6 1
123.285 3 6 1
123.599 1 6 1
123.914 4 6 1
124.334 3 6 1
124.543 3 6 25.2
124.753 2 6 25.2
124.963 1 6 1
124.963 4 6 1
125.173 2 6 1
125.278 3 6 1
125.383 4 6 1
125.592 3 6 1
125.802 3 6 1
126.117 2 6 1
126.222 1 6 1
126.222 4 6 1
126.432 3 6 1
126.641 2 6 1
126.956 2 6 1
127.061 1 6 1
127.061 4 6 1
127.271 2 6 1
127.481 3 6 1
127.795 2 6 1
127.9 1 6 1
127.9 4 6 1
128.11 2 6 1
128.32 2 6 1
128.32 4 6 1
128.529 3 6 1
128.739 1 6 1
128.739 2 6 1
128.949 3 6 1
129.159 4 6 1
129.369 2 6 1
129.578 3 6 1
129.578 4 6 1
129.788 2 6 1
129.998 2 6 50.4
130.418 4 6 50.28
130.837 2 6 25.2
131.047 3 6 25.2
131.257 1 6 25.2
131.467 4 6 1
131.676 4 6 1
131.676 3 6 1
131.886 3 6 1
131.991 2 6 1
132.096 1 6 1
132.096 4 6 1
132.306 3 6 1
132.515 2 6 1
132.515 4 6 1
132.725 3 6 1
132.83 2 6 1
132.935 2 6 1
132.935 4 6 1
133.145 3 6 1
133.355 1 6 1
133.355 4 6 1
133.564 3 6 1
133.669 2 6 1
133.774 2 6 1
133.774 1 6 1
133.984 3 6 1
134.194 1 6 1
134.194 4 6 1
134.404 2 6 1
134.613 3 6 1
134.613 4 6 1
134.823 2 6 1
135.033 3 6 1
135.033 4 6 1
135.243 2 6 1
135.348 2 6 1
135.453 1 6 1
135.453 4 6 1
135.453 3 6 1
135.662 2 6 1
135.872 4 6 1
136.082 2 6 1
136.187 4 6 1
136.292 1 6 1
136.292 3 6 1
136.502 2 6 1
136.711 1 6 1
136.711 4 6 104.88
137.026 2 6 113.28
137.585 3 6 27.36
137.97 3 6 50.4
138.39 2 6 1
138.39 4 6 1
138.599 2 6 1
138.704 3 6 1
138.809 1 6 1
138.809 4 6 1
139.019 3 6 1
139.229 4 6 1
139.439 2 6 1
139.543 3 6 1
139.648 1 6 1
139.648 4 6 1
139.858 3 6 1
140.068 1 6 1
140.278 2 6 1
140.383 3 6 1
140.488 1 6 1
140.488 4 6 1
140.697 2 6 1
140.907 1 6 1
141.222 3 6 1
141.327 2 6 1
141.327 1 6 1
141.537 3 6 1
141.746 1 6 1
141.746 4 6 1
141.956 2 6 1
142.166 1 6 1
142.166 4 6 1
142.376 3 6 1
142.585 2 6 1
142.795 3 6 1
143.005 2 6 1
143.005 4 6 1
143.215 3 6 1
143.425 2 6 37.68
143.739 3 6 63
144.054 4 6 1
144.264 2 6 50.28
144.474 3 6 1
144.683 4 6 50.4
144.893 3 6 1
145.103 1 6 1
145.103 2 6 1
145.313 2 6 1
145.418 3 6 1
145.523 4 6 1
145.732 1 6 1
145.942 2 6 1
146.152 3 6 1
146.257 4 6 1
146.571 4 6 1
146.781 1 6 1
146.991 4 6 1
147.096 3 6 1
147.201 2 6 1
147.411 4 6 1
147.62 3 6 50.4
147.83 1 6 1
148.04 4 6 1
148.25 2 6 1
148.46 1 6 50.28
148.879 4 6 1
149.089 3 6 1
149.299 2 6 1
149.509 1 6 1
149.718 3 6 1
149.928 2 6 1
150.138 4 6 100.68
150.558 1 6 1
150.977 1 6 100.68
151.397 4 6 1
151.816 3 6 1
151.816 4 6 1
152.026 3 6 1
152.236 1 6 1
152.236 4 6 1
152.446 2 6 1
152.655 1 6 1
152.655 4 6 1
152.865 3 6 1
153.075 1 6 1
153.075 4 6 1
153.285 3 6 1
153.495 1 6 1
153.495 4 6 1
153.599 2 6 1
153.704 3 6 1
153.914 1 6 1
153.914 4 6 1
154.124 2 6 1
154.334 1 6 1
154.334 4 6 1
154.544 2 6 1
154.753 1 6 1
154.753 4 6 1
154.963 3 6 1
155.068 3 6 1
155.173 4 6 1
155.173 1 6 50.4
155.593 3 6 50.28
155.593 4 6 1
156.012 2 6 50.4
156.432 1 6 50.28
156.851 3 6 1
157.481 2 6 1
158.11 4 6 1
158.32 3 6 1
158.53 2 6 1
158.739 1 6 1
158.949 2 6 1
159.159 4 6 1
159.369 3 6 1
159.683 2 6 1
159.998 1 6 125.88
161.676 3 6 1
161.886 2 6 1
161.991 1 6 1
162.096 4 6 1
162.201 3 6 1
162.516 2 6 1
162.725 1 6 1
162.935 4 6 1
163.04 2 6 1
163.565 1 6 1
163.984 3 6 1
165.033 3 6 1
165.243 4 6 1
165.453 2 6 1
165.662 3 6 1
166.082 2 6 1
166.502 3 6 1
166.711 4 6 75.6
166.921 2 6 1
167.76 4 6 100.8
168.6 1 6 25.08
168.809 4 6 25.2
169.019 2 6 25.2
169.229 3 6 50.4
169.439 2 6 1
169.649 4 6 25.08
169.858 3 6 1
170.068 2 6 1
170.278 1 6 1
170.278 4 6 1
170.488 3 6 1
170.593 2 6 1
170.697 1 6 1
170.907 3 6 1
171.117 3 6 1
171.327 2 6 1
171.537 1 6 1
171.537 4 6 1
171.746 2 6 1
171.956 1 6 1
171.956 4 6 1
172.271 3 6 1
172.376 2 6 1
172.586 3 6 1
172.795 2 6 1
173.11 3 6 1
173.215 4 6 1
173.215 1 6 1
173.425 3 6 1
173.635 2 6 1
173.844 3 6 1
174.054 2 6 1
174.054 4 6 1
174.264 1 6 1
174.474 3 6 1
174.683 2 6 1
174.893 1 6 1
174.893 4 6 1
175.103 3 6 1
175.313 2 6 50.28
175.313 4 6 1
175.523 3 6 1
175.732 4 6 50.4
175.942 3 6 25.2
176.152 1 6 25.2
176.362 2 6 50.28
176.572 4 6 1
176.781 3 6 25.2
176.991 1 6 37.8
176.991 2 6 1
177.306 4 6 113.28
177.83 3 6 1
178.46 3 6 1
178.67 1 6 1
178.984 2 6 1
179.089 3 6 1
179.299 1 6 1
179.509 3 6 1
179.823 2 6 1
180.138 1 6 1
180.348 3 6 1
180.663 1 6 1
180.767 4 6 1
181.187 4 6 100.68
181.502 2 6 1
181.816 1 6 1
182.026 3 6 1
182.236 1 6 1
182.341 2 6 1
182.446 4 6 138.48
182.865 2 6 1
185.383 4 6 1
185.593 3 6 1
187.061 4 6 1
187.271 2 6 1
187.376 3 6 1
187.9 4 6 1
188.11 3 6 1
188.215 2 6 1
188.53 1 6 1
188.739 4 6 1
188.949 3 6 1
190.418 2 6 1
190.628 3 6 1
190.733 1 6 1
191.047 2 6 1
191.257 3 6 1
191.467 4 6 1
191.572 3 6 1
191.677 1 6 1
191.886 2 6 1
192.096 4 6 1
192.306 2 6 1
193.774 1 6 1
193.984 2 6 1
194.089 3 6 1
194.404 4 6 1
194.614 1 6 1
194.823 2 6 1
195.033 3 6 1
195.243 4 6 1
195.453 1 6 1
196.292 3 6 1
197.131 1 6 1
197.341 3 6 1
197.341 4 6 1
197.446 2 6 1
197.761 1 6 1
197.97 4 6 75.6
198.18 2 6 1
198.39 3 6 1
198.6 2 6 1
198.809 1 6 1
198.809 3 6 1
199.019 2 6 1
199.124 4 6 1
199.649 3 6 1
199.754 4 6 1
199.963 1 6 1
200.278 2 6 1
200.488 3 6 1
200.593 4 6 1
200.698 2 6 1
200.802 3 6 1
201.117 3 6 1
201.327 2 6 1
201.537 1 6 1
201.747 4 6 1
201.956 2 6 1
202.166 3 6 1
202.376 3 6 1
203.005 2 6 1
203.215 4 6 1
203.32 3 6 1
203.844 2 6 1
204.054 4 6 1
204.159 2 6 1
204.684 2 6 50.28
204.893 3 6 1
205.103 1 6 1
205.313 1 6 1
205.523 1 6 1
205.837 3 6 1
206.152 2 6 1
206.362 4 6 1
206.572 4 6 1
206.677 3 6 1
206.991 2 6 1
207.201 4 6 1
207.411 4 6 1
207.516 3 6 1
207.83 3 6 1
208.04 1 6 1
208.25 3 6 1
208.355 1 6 1
208.46 2 6 1
208.67 4 6 1
208.879 1 6 100.8
209.719 2 6 25.08
209.928 3 6 25.2
210.138 1 6 18.96
210.348 1 6 25.2
210.558 3 6 1
210.558 4 6 37.68
210.872 2 6 63
210.977 3 6 1
211.187 1 6 1
211.397 4 6 50.4
211.817 2 6 1
212.026 3 6 1
212.236 1 6 1
212.236 4 6 1
212.446 3 6 1
212.551 1 6 1
212.656 3 6 1
212.656 4 6 1
212.865 2 6 1
213.075 1 6 1
213.285 3 6 1
213.39 2 6 1
213.495 1 6 1
213.495 4 6 1
213.705 3 6 1
213.914 4 6 1
214.124 2 6 1
214.229 1 6 1
214.334 2 6 1
214.334 3 6 1
214.544 2 6 1
214.754 4 6 1
214.963 2 6 1
215.173 1 6 1
215.173 3 6 1
215.383 2 6 1
215.593 1 6 1
215.593 4 6 1
215.803 3 6 1
216.012 2 6 1
216.012 4 6 1
216.222 3 6 1
216.432 4 6 1
216.642 2 6 1
216.747 3 6 1
216.851 1 6 1
216.851 4 6 1
217.061 3 6 1
217.271 2 6 37.8
217.586 3 6 37.68
217.9 2 6 50.4
218.32 3 6 50.4
218.53 1 6 1
218.74 2 6 25.08
218.949 1 6 1
218.949 3 6 1
219.159 2 6 1
219.264 3 6 1
219.369 2 6 1
219.369 1 6 1
219.579 2 6 1
219.789 4 6 1
219.998 3 6 1
220.103 2 6 1
220.208 4 6 1
220.208 1 6 1
220.418 3 6 1
220.628 2 6 1
220.628 4 6 1
220.838 3 6 1
220.942 2 6 1
221.047 1 6 1
221.047 4 6 1
221.257 3 6 1
221.467 1 6 1
221.467 2 6 1
221.677 3 6 1
221.886 1 6 1
221.886 2 6 1
222.096 2 6 1
222.306 3 6 1
222.306 4 6 1
222.516 2 6 1
222.726 1 6 1
222.726 2 6 1
222.935 3 6 1
223.145 2 6 1
223.355 3 6 1
223.565 4 6 1
223.775 2 6 1
223.984 4 6 25.2
224.194 1 6 1
224.299 2 6 1
224.404 3 6 1
224.614 1 6 33.48
224.893 3 6 1
225.173 4 6 1
225.313 1 6 1
225.453 2 6 1
225.663 1 6 1
225.663 4 6 1
225.873 2 6 1
225.977 4 6 1
226.082 1 6 1
226.082 3 6 1
226.502 1 6 1
226.712 2 6 1
226.817 3 6 1
226.921 1 6 1
226.921 4 6 1
227.131 3 6 1
227.341 1 6 1
227.341 2 6 1
227.551 3 6 1
227.656 2 6 1
227.761 4 6 1
227.761 1 6 1
227.97 3 6 1
228.18 1 6 1
228.39 2 6 1
228.6 3 6 1
228.6 4 6 1
228.81 3 6 1
229.019 1 6 1
229.019 4 6 1
229.229 3 6 1
229.439 1 6 1
229.439 2 6 1
229.649 3 6 1
229.859 1 6 1
229.859 2 6 1
230.068 3 6 1
230.278 1 6 1
230.278 4 6 1
230.488 3 6 1
230.698 2 6 37.68
231.012 3 6 37.8
231.327 2 6 50.4
231.747 3 6 50.28
231.956 4 6 1
232.166 2 6 25.2
232.376 1 6 1
232.376 4 6 1
232.586 3 6 1
232.691 2 6 1
232.796 1 6 1
232.796 4 6 1
233.005 2 6 1
233.215 4 6 1
233.425 3 6 1
233.53 2 6 1
233.635 4 6 1
233.635 2 6 1
233.845 3 6 1
234.054 1 6 1
234.054 4 6 1
234.264 3 6 1
234.369 2 6 1
234.474 1 6 1
234.474 4 6 1
234.684 2 6 1
234.894 3 6 1
235.103 2 6 1
235.313 1 6 1
235.313 4 6 1
235.523 2 6 1
235.523 3 6 1
235.733 1 6 25.08
235.733 4 6 1
236.152 2 6 1
236.362 4 6 1
236.572 2 6 1
236.782 3 6 1
236.991 1 6 1
237.201 4 6 1
237.411 1 6 1
237.411 4 6 1
237.621 3 6 1
237.831 2 6 1
237.831 1 6 1
238.04 3 6 1
238.25 1 6 1
238.25 4 6 1
238.46 4 6 1
238.67 4 6 1
238.88 2 6 1
239.089 1 6 1
239.089 4 6 1
239.299 2 6 1
239.509 1 6 1
239.509 4 6 1
239.719 2 6 1
239.929 1 6 1
239.929 4 6 1
240.138 3 6 1
240.348 1 6 1
240.348 4 6 1
240.558 2 6 1
240.768 1 6 1
240.768 4 6 1
240.977 3 6 1
241.082 2 6 1
241.187 1 6 1
241.187 4 6 1
241.397 2 6 1
241.607 3 6 1
241.607 4 6 1
241.817 2 6 1
241.922 3 6 1
242.026 1 6 1
242.026 2 6 1
242.236 4 6 1
242.446 1 6 1
242.551 3 6 1
242.656 1 6 1
242.866 3 6 54.48
242.866 4 6 1
243.6 2 6 37.8
243.915 1 6 1
243.915 4 6 195
