0.295 1 6 1
0.604 2 6 1
0.914 2 6 1
1.223 4 6 1
1.532 3 6 1
1.841 2 6 1
2.151 1 6 1
2.46 3 6 1
2.615 2 6 1
2.769 4 6 1
3.078 3 6 1
3.388 1 6 1
3.697 2 6 1
4.006 4 6 1
4.315 3 6 1
4.625 1 6 1
4.934 2 6 1
5.243 4 6 1
5.398 3 6 1
5.552 2 6 1
5.862 1 6 1
6.171 3 6 1
6.48 2 6 1
6.789 3 6 1
7.099 1 6 1
7.408 3 6 1
7.717 1 6 1
8.026 4 6 1
8.336 3 6 1
8.645 1 6 1
8.645 4 6 1
9.263 3 6 1
9.573 1 6 1
9.573 2 6 1
9.921 4 6 1
10.037 4 6 1
10.191 3 6 1
10.5 1 6 1
10.5 2 6 1
11.119 2 6 1
11.428 3 6 1
11.428 4 6 1
11.737 3 6 1
11.892 1 6 1
12.047 4 6 1
12.356 1 6 1
12.356 3 6 1
12.974 3 6 1
13.284 3 6 1
13.593 2 6 1
13.902 1 6 1
13.902 2 6 1
14.211 3 6 1
14.211 4 6 1
14.521 4 6 1
14.521 3 6 1
14.675 1 6 1
14.675 2 6 1
14.83 3 6 1
14.83 4 6 1
14.985 2 6 1
15.139 1 6 1
15.139 4 6 1
15.448 4 6 1
15.758 3 6 1
16.067 1 6 1
16.376 3 6 1
16.685 3 6 1
16.84 2 6 1
16.995 1 6 1
17.304 2 6 1
17.613 3 6 1
17.922 1 6 1
18.232 2 6 1
18.386 3 6 1
18.541 2 6 1
18.85 4 6 1
19.005 2 6 1
19.159 3 6 1
19.314 2 6 1
19.469 1 6 1
19.778 2 6 1
19.778 4 6 1
19.932 3 6 1
20.087 1 6 1
20.242 3 6 1
20.396 2 6 1
20.706 1 6 1
21.015 4 6 1
21.324 2 6 1
21.633 1 6 1
21.943 2 6 1
22.252 3 6 1
22.561 1 6 1
22.561 4 6 1
22.716 2 6 1
22.87 3 6 1
23.025 4 6 1
23.18 1 6 1
23.489 2 6 1
23.643 3 6 1
23.798 4 6 1
24.107 2 6 1
24.417 1 6 1
24.417 4 6 1
24.571 2 6 1
24.726 3 6 1
25.035 4 6 1
25.344 1 6 1
25.499 3 6 1
25.654 2 6 1
25.963 3 6 1
26.272 1 6 1
26.272 4 6 1
26.581 4 6 1
26.736 3 6 1
26.891 2 6 1
27.2 4 6 1
27.509 1 6 1
27.818 3 6 1
28.128 1 6 1
28.128 2 6 1
28.437 2 6 1
28.591 1 6 1
28.746 3 6 1
29.055 2 6 1
29.055 3 6 74.28
29.365 2 6 1
29.674 4 6 37.08
29.983 2 6 1
30.292 1 6 1
30.447 2 6 1
30.602 3 6 1
30.756 4 6 1
30.911 2 6 1
31.22 4 6 1
31.529 2 6 1
31.529 3 6 1
31.839 3 6 1
31.839 4 6 1
32.302 2 6 1
32.457 4 6 1
32.766 3 6 1
33.076 3 6 1
33.385 4 6 1
33.694 1 6 1
33.694 3 6 1
34.003 4 6 1
34.158 2 6 1
34.313 3 6 1
34.622 1 6 1
34.931 2 6 1
35.24 3 6 1
35.55 3 6 1
35.859 2 6 1
36.168 3 6 1
36.477 1 6 1
36.787 2 6 1
36.941 3 6 1
37.096 1 6 1
37.25 3 6 1
37.405 4 6 111.36
37.405 2 6 1
37.714 1 6 1
38.024 3 6 1
38.333 1 6 185.52
38.333 2 6 1
38.642 2 6 1
38.951 3 6 1
39.261 4 6 1
39.57 2 6 1
39.879 3 6 1
40.188 1 6 1
40.188 4 6 83.52
40.498 3 6 1
40.807 3 6 1
41.116 1 6 74.28
41.116 2 6 1
41.425 3 6 1
41.735 2 6 1
41.889 1 6 1
42.044 4 6 74.16
42.353 3 6 1
42.662 2 6 1
42.972 1 6 1
43.281 3 6 1
43.59 2 6 1
43.59 4 6 1
43.899 3 6 1
43.899 4 6 1
44.209 1 6 1
44.518 3 6 1
44.827 4 6 74.28
44.827 2 6 1
45.446 3 6 1
45.755 2 6 74.16
46.373 1 6 1
46.683 3 6 1
46.837 2 6 1
46.992 4 6 1
47.301 3 6 1
47.61 1 6 111.36
47.61 2 6 1
47.92 3 6 1
48.229 4 6 1
48.538 3 6 74.28
48.847 1 6 1
49.157 2 6 1
49.466 1 6 74.16
49.466 4 6 1
50.084 4 6 1
50.394 3 6 37.08
50.703 2 6 74.16
51.012 3 6 1
51.321 4 6 1
51.321 1 6 74.28
51.63 3 6 1
51.94 3 6 1
52.249 4 6 1
52.249 2 6 74.16
52.558 4 6 1
52.867 3 6 1
53.177 2 6 37.08
53.177 4 6 1
53.795 3 6 1
54.104 1 6 1
54.414 3 6 1
54.723 1 6 1
55.032 4 6 74.28
55.341 2 6 1
55.651 1 6 1
55.96 3 6 111.36
56.269 1 6 1
56.578 1 6 1
56.888 4 6 1
56.888 2 6 74.16
57.506 3 6 1
57.815 1 6 1
57.815 4 6 37.2
58.434 2 6 1
58.434 3 6 1
58.743 1 6 1
58.743 4 6 1
59.052 3 6 1
59.207 2 6 1
59.362 4 6 1
59.516 1 6 1
59.671 1 6 1
59.671 4 6 1
59.98 3 6 1
60.289 1 6 1
60.599 2 6 1
60.908 3 6 1
61.217 4 6 1
61.526 3 6 1
61.836 4 6 1
62.145 2 6 1
62.454 1 6 1
62.454 4 6 1
62.609 2 6 1
62.763 3 6 1
63.073 2 6 1
63.382 1 6 1
63.691 2 6 1
64 4 6 1
64.31 3 6 1
64.619 4 6 1
64.928 3 6 1
65.237 1 6 1
65.547 2 6 1
65.856 4 6 1
66.165 3 6 1
66.474 2 6 1
66.784 2 6 1
67.093 4 6 1
67.402 3 6 1
67.711 4 6 1
68.021 3 6 1
68.33 2 6 1
68.639 3 6 1
68.948 2 6 1
69.567 4 6 1
69.876 3 6 1
70.185 4 6 1
70.495 3 6 1
70.649 4 6 1
70.804 2 6 1
71.113 3 6 1
71.422 2 6 1
71.732 4 6 1
72.041 3 6 1
72.35 3 6 1
72.659 1 6 1
72.659 2 6 1
73.278 4 6 1
73.433 3 6 1
73.587 1 6 1
73.587 2 6 1
73.742 4 6 1
73.896 3 6 1
74.206 2 6 1
74.36 4 6 1
74.515 2 6 74.16
74.515 3 6 1
75.133 4 6 1
75.288 2 6 1
75.443 1 6 148.44
75.443 4 6 1
76.061 3 6 1
76.37 2 6 1
76.68 3 6 1
76.989 3 6 1
77.144 2 6 1
77.298 1 6 1
77.298 4 6 1
77.607 2 6 1
77.762 1 6 1
77.917 3 6 1
78.071 1 6 1
78.226 3 6 1
78.226 4 6 222.6
78.844 2 6 1
79.154 1 6 1
79.154 3 6 1
79.463 3 6 1
79.772 2 6 1
80.081 1 6 1
80.081 3 6 1
80.391 2 6 1
80.391 3 6 1
80.7 3 6 1
80.7 4 6 1
81.009 4 6 1
81.009 1 6 1
81.318 3 6 1
81.318 4 6 1
81.628 1 6 1
81.628 2 6 1
81.782 3 6 1
81.937 4 6 1
81.937 1 6 1
82.246 4 6 1
82.555 2 6 1
82.71 3 6 1
82.865 4 6 1
82.865 1 6 1
83.174 3 6 1
83.483 2 6 1
83.638 4 6 1
83.792 1 6 1
84.102 3 6 1
84.411 1 6 1
84.565 4 6 1
84.72 2 6 1
84.72 3 6 1
85.029 1 6 1
85.339 4 6 1
85.493 1 6 1
85.648 4 6 1
85.957 2 6 1
86.266 3 6 1
86.576 4 6 1
86.885 3 6 1
87.194 1 6 1
87.503 3 6 1
87.813 2 6 1
88.122 3 6 1
88.276 2 6 1
88.431 1 6 1
88.431 4 6 1
88.586 2 6 1
88.74 1 6 1
89.05 2 6 1
89.359 1 6 1
89.668 3 6 1
89.823 2 6 1
89.977 1 6 1
90.287 4 6 1
90.287 2 6 1
90.596 3 6 1
90.905 3 6 1
91.06 2 6 1
91.214 1 6 1
91.214 4 6 1
91.524 1 6 1
91.833 3 6 1
91.987 2 6 1
92.142 1 6 1
92.142 4 6 1
92.451 2 6 1
92.761 3 6 1
92.915 1 6 1
93.07 3 6 1
93.07 4 6 1
93.379 3 6 1
93.688 2 6 1
93.843 3 6 1
93.998 1 6 1
93.998 4 6 1
94.307 3 6 1
94.616 4 6 1
94.925 2 6 1
95.235 1 6 1
95.389 2 6 1
95.544 3 6 1
95.698 1 6 1
95.853 1 6 1
95.853 4 6 1
96.162 3 6 1
96.317 2 6 1
96.472 4 6 1
96.626 1 6 1
96.781 2 6 1
97.09 3 6 1
97.399 2 6 1
97.709 4 6 1
98.018 4 6 1
98.172 1 6 1
98.327 2 6 1
98.636 3 6 1
98.636 4 6 1
98.946 4 6 1
99.1 1 6 1
99.255 2 6 1
99.409 1 6 1
99.564 2 6 1
99.564 4 6 1
99.873 3 6 1
100.183 2 6 1
100.492 4 6 1
100.801 1 6 1
101.11 4 6 1
101.42 3 6 1
101.729 3 6 1
102.038 1 6 1
102.193 3 6 1
102.347 4 6 1
102.347 2 6 1
102.657 4 6 1
102.811 2 6 1
102.966 1 6 1
103.12 3 6 1
103.275 1 6 1
103.275 2 6 1
103.584 3 6 1
103.894 2 6 1
104.048 4 6 1
104.203 1 6 1
104.512 2 6 1
104.821 4 6 1
105.131 1 6 1
105.131 3 6 1
105.594 4 6 1
105.749 2 6 1
105.904 3 6 1
106.058 2 6 1
106.058 4 6 1
106.368 2 6 1
106.522 3 6 1
106.677 1 6 1
106.831 3 6 1
106.986 4 6 1
106.986 2 6 1
107.295 3 6 1
107.605 1 6 1
107.759 3 6 1
107.914 2 6 1
108.068 1 6 1
108.223 3 6 1
108.532 4 6 1
108.842 1 6 1
108.842 3 6 1
109.151 2 6 1
109.46 3 6 1
109.769 3 6 37.2
109.769 4 6 1
110.079 1 6 37.08
110.079 2 6 27.72
110.388 2 6 1
110.697 3 6 74.28
110.697 4 6 74.28
111.006 1 6 1
111.316 1 6 1
111.625 1 6 111.24
111.625 2 6 74.16
112.243 4 6 1
112.552 4 6 1
113.171 3 6 1
113.48 1 6 1
113.48 4 6 1
113.635 3 6 1
113.789 2 6 1
114.099 1 6 1
114.253 4 6 1
114.408 2 6 1
114.563 3 6 1
114.717 1 6 1
114.717 2 6 1
114.872 3 6 1
115.026 1 6 1
115.026 4 6 1
115.336 2 6 296.88
115.336 3 6 1
115.645 4 6 1
115.954 1 6 1
116.263 3 6 1
116.573 4 6 1
116.882 1 6 1
117.191 4 6 1
117.5 3 6 1
117.81 1 6 1
117.964 3 6 1
118.119 1 6 1
118.119 2 6 1
118.428 3 6 1
118.428 4 6 1
118.737 1 6 1
118.737 3 6 1
119.047 2 6 74.16
119.047 4 6 1
119.511 4 6 1
119.665 1 6 1
119.82 2 6 1
119.974 3 6 1
119.974 4 6 185.64
120.284 2 6 1
120.593 3 6 1
120.902 2 6 1
121.211 3 6 1
121.521 1 6 1
121.83 3 6 1
121.83 4 6 1
122.139 1 6 1
122.448 2 6 1
122.603 3 6 1
122.758 1 6 74.16
122.758 4 6 1
123.376 4 6 1
123.685 1 6 74.28
123.685 3 6 1
123.995 4 6 1
124.304 2 6 1
124.613 4 6 1
124.768 2 6 1
124.922 1 6 1
125.077 2 6 1
125.232 1 6 1
125.386 3 6 1
125.541 2 6 1
125.541 4 6 18.6
125.85 3 6 18.6
126.159 1 6 1
126.159 4 6 37.2
126.469 1 6 18.48
126.469 2 6 1
126.778 4 6 1
126.933 3 6 1
127.087 2 6 18.6
127.396 1 6 18.6
127.551 4 6 1
127.706 3 6 18.48
128.015 1 6 1
128.015 2 6 1
128.17 3 6 1
128.324 1 6 18.6
128.479 2 6 1
128.633 4 6 18.6
128.943 2 6 18.48
128.943 3 6 1
129.252 1 6 1
129.252 4 6 74.16
129.407 3 6 1
129.561 1 6 1
129.87 3 6 1
130.025 2 6 1
130.18 4 6 111.24
130.489 1 6 1
130.798 2 6 1
131.107 1 6 1
131.107 3 6 1
131.417 2 6 1
131.726 3 6 1
131.881 2 6 1
132.035 1 6 37.08
132.035 4 6 1
132.344 3 6 18.6
132.654 1 6 18.48
132.654 2 6 1
132.963 3 6 1
132.963 4 6 18.6
133.272 1 6 18.6
133.581 2 6 1
133.581 3 6 18.6
133.891 1 6 1
133.891 4 6 74.16
134.509 3 6 1
134.818 1 6 185.64
134.818 4 6 1
135.437 2 6 1
135.746 3 6 1
136.055 2 6 1
136.365 2 6 1
136.365 4 6 1
136.674 1 6 1
136.674 3 6 1
136.983 4 6 1
137.138 2 6 1
137.292 3 6 1
137.602 2 6 1
137.602 4 6 1
137.911 1 6 1
138.22 2 6 1
138.529 4 6 1
138.839 3 6 1
139.148 2 6 1
139.457 4 6 1
139.766 1 6 1
140.076 3 6 1
140.385 2 6 1
140.694 1 6 1
141.003 3 6 1
141.313 1 6 1
141.622 4 6 1
141.931 2 6 1
142.24 3 6 1
142.55 1 6 1
142.859 2 6 1
143.168 3 6 1
143.477 4 6 1
143.787 2 6 1
144.096 4 6 1
144.405 1 6 1
144.714 3 6 1
144.869 2 6 1
145.024 1 6 1
145.024 4 6 1
145.333 2 6 1
145.642 3 6 1
145.951 1 6 1
146.261 3 6 1
146.57 1 6 1
146.879 2 6 1
147.188 2 6 1
147.498 1 6 1
147.807 3 6 1
148.425 2 6 1
148.425 4 6 1
148.735 3 6 1
149.044 2 6 1
149.353 4 6 37.08
149.662 3 6 37.2
149.972 1 6 74.16
150.281 3 6 1
150.59 3 6 37.08
150.59 4 6 1
151.209 3 6 1
151.518 1 6 1
151.518 2 6 1
151.827 4 6 1
151.827 3 6 1
152.136 3 6 1
152.136 4 6 1
152.291 2 6 1
152.446 4 6 1
152.446 1 6 74.16
153.064 3 6 1
153.064 4 6 1
153.373 1 6 148.44
153.373 2 6 1
153.992 3 6 1
154.301 4 6 1
154.61 2 6 1
154.92 2 6 1
155.229 1 6 1
155.229 4 6 1
155.538 3 6 1
155.847 1 6 1
155.847 2 6 1
156.157 3 6 1
156.157 4 6 148.44
156.775 2 6 1
157.084 1 6 1
157.394 2 6 1
157.703 3 6 1
158.012 1 6 1
158.012 2 6 1
158.321 4 6 1
158.321 3 6 1
158.631 1 6 1
158.631 2 6 1
158.94 3 6 1
158.94 4 6 1
159.249 4 6 1
159.249 3 6 1
159.404 2 6 1
159.558 1 6 1
159.558 4 6 1
159.713 2 6 1
159.868 1 6 1
159.868 3 6 1
159.868 4 6 1
160.177 2 6 1
160.486 4 6 1
160.795 1 6 74.28
160.795 3 6 1
161.414 3 6 1
161.723 2 6 1
161.723 4 6 74.28
162.342 2 6 1
162.651 1 6 1
162.651 4 6 55.68
163.269 1 6 1
163.424 2 6 1
163.579 3 6 1
163.888 2 6 1
164.197 3 6 1
164.506 1 6 1
164.506 4 6 1
165.125 3 6 1
165.434 2 6 1
165.898 4 6 1
166.053 2 6 1
166.362 1 6 1
166.362 3 6 1
166.671 2 6 1
166.98 4 6 74.28
166.98 3 6 1
167.29 1 6 1
167.599 2 6 1
167.908 4 6 148.44
168.217 1 6 1
168.217 3 6 1
168.527 2 6 1
168.836 3 6 1
169.145 1 6 1
169.764 1 6 1
170.073 2 6 37.08
170.073 4 6 1
170.382 1 6 1
170.691 1 6 37.2
171.001 2 6 129.84
171.001 4 6 1
171.31 3 6 1
171.619 4 6 1
171.928 1 6 1
172.083 3 6 1
172.238 2 6 37.08
172.547 1 6 1
172.701 2 6 1
172.856 3 6 1
173.165 2 6 1
173.475 1 6 1
173.784 3 6 1
173.784 4 6 1
174.093 1 6 1
174.093 2 6 1
174.402 3 6 1
174.711 1 6 1
174.711 4 6 1
174.866 3 6 1
175.021 2 6 1
175.33 3 6 1
175.485 2 6 1
175.639 1 6 1
175.639 4 6 37.08
175.948 2 6 1
176.258 3 6 1
176.567 1 6 1
176.567 2 6 1
176.722 4 6 1
177.185 1 6 1
177.34 4 6 1
177.495 1 6 1
177.495 3 6 1
177.804 3 6 1
178.113 1 6 1
178.113 4 6 1
178.268 2 6 1
178.268 4 6 1
178.422 2 6 1
178.422 3 6 1
178.732 1 6 1
178.732 4 6 74.16
179.041 2 6 1
179.35 1 6 1
179.35 3 6 92.76
179.969 2 6 1
180.278 4 6 1
180.896 1 6 1
181.206 3 6 1
181.206 4 6 1
181.515 3 6 1
181.824 2 6 1
182.133 4 6 1
182.288 3 6 1
182.443 1 6 1
182.752 2 6 1
183.061 1 6 1
183.061 4 6 1
183.37 3 6 1
183.68 1 6 1
183.989 2 6 1
184.144 4 6 1
184.453 3 6 1
184.607 1 6 1
184.607 2 6 1
184.917 1 6 1
184.917 3 6 1
184.917 4 6 1
185.226 2 6 1
185.535 2 6 1
185.535 4 6 1
185.69 1 6 1
185.844 4 6 1
186.154 3 6 1
186.463 1 6 1
186.463 2 6 1
186.772 2 6 1
186.772 4 6 1
187.081 3 6 1
187.391 2 6 1
187.7 3 6 1
188.009 3 6 1
188.318 2 6 1
188.628 1 6 1
188.628 4 6 1
188.937 2 6 1
189.092 1 6 1
189.246 3 6 1
189.401 2 6 1
189.555 1 6 1
189.555 4 6 1
190.483 4 6 1
190.792 1 6 1
191.121 4 6 1
191.43 3 6 1
191.604 1 6 1
191.74 4 6 1
191.952 1 6 1
192.339 3 6 1
192.493 1 6 1
192.648 4 6 1
193.266 1 6 1
194.194 1 6 1
194.503 2 6 1
194.813 3 6 1
195.122 1 6 1
195.122 2 6 1
195.122 4 6 1
195.431 2 6 1
195.431 3 6 1
195.74 2 6 1
195.895 3 6 1
196.05 1 6 1
196.05 4 6 1
196.359 1 6 1
196.359 2 6 1
196.668 1 6 1
196.823 2 6 1
196.823 3 6 1
196.977 1 6 1
196.977 4 6 1
197.287 3 6 1
197.596 2 6 1
197.905 4 6 1
197.905 3 6 1
198.214 2 6 1
198.369 4 6 1
198.524 1 6 1
198.833 3 6 1
198.833 4 6 1
199.142 3 6 1
199.451 2 6 1
199.606 1 6 1
199.761 3 6 1
199.761 2 6 1
200.07 4 6 1
200.379 1 6 1
200.379 3 6 1
200.688 2 6 1
200.688 4 6 1
200.998 3 6 1
201.307 2 6 1
201.616 4 6 1
201.616 1 6 1
201.925 3 6 1
202.235 1 6 1
202.544 2 6 1
202.853 3 6 1
202.853 4 6 1
203.162 3 6 1
203.317 1 6 1
203.317 2 6 1
203.472 3 6 1
203.472 4 6 1
203.781 1 6 1
203.936 2 6 1
204.09 3 6 1
204.09 4 6 1
204.399 2 6 1
204.399 3 6 1
204.709 1 6 1
205.018 3 6 1
205.327 1 6 1
205.327 2 6 1
205.636 4 6 1
205.946 2 6 1
205.946 4 6 148.44
206.255 1 6 1
206.564 3 6 1
206.873 2 6 1
207.028 1 6 1
207.183 3 6 1
207.183 2 6 1
207.492 2 6 1
207.801 1 6 1
208.11 1 6 1
208.11 3 6 1
208.42 3 6 1
208.574 2 6 1
208.729 1 6 1
208.883 4 6 1
209.038 2 6 1
209.038 3 6 1
209.347 1 6 1
209.657 3 6 1
209.966 1 6 1
210.275 1 6 1
210.275 3 6 1
210.584 1 6 1
210.584 2 6 1
210.894 1 6 1
210.894 4 6 1
211.203 1 6 1
211.203 2 6 1
211.512 4 6 1
211.512 1 6 1
211.821 1 6 1
211.821 4 6 1
212.131 2 6 1
212.44 3 6 1
212.594 3 6 1
212.749 1 6 1
212.749 2 6 1
213.058 4 6 1
213.368 3 6 1
213.368 4 6 1
213.522 1 6 1
213.522 2 6 1
213.677 2 6 1
213.677 3 6 1
213.986 4 6 1
214.295 3 6 1
214.45 1 6 1
214.605 3 6 1
214.605 4 6 1
214.914 2 6 1
215.223 1 6 1
215.223 4 6 1
215.378 3 6 1
215.532 1 6 1
215.532 2 6 1
215.687 3 6 1
215.996 2 6 1
216.151 3 6 1
216.46 4 6 1
216.46 1 6 1
216.46 3 6 1
216.769 1 6 1
216.924 2 6 1
217.079 3 6 1
217.079 4 6 1
217.388 2 6 1
217.388 3 6 1
217.697 1 6 1
218.006 1 6 1
218.161 3 6 1
218.316 1 6 1
218.316 4 6 1
218.47 3 6 1
218.625 2 6 1
218.779 2 6 1
218.934 3 6 1
218.934 4 6 1
219.243 1 6 1
219.243 4 6 1
219.398 3 6 1
219.553 2 6 1
219.862 3 6 1
220.016 2 6 1
220.171 1 6 1
220.171 4 6 1
220.48 3 6 1
220.79 4 6 1
220.79 3 6 1
220.944 1 6 1
221.099 2 6 1
221.099 4 6 1
221.408 1 6 1
221.717 3 6 1
221.872 1 6 1
222.027 3 6 1
222.027 4 6 1
222.336 4 6 1
222.645 2 6 1
222.954 2 6 1
223.264 1 6 1
223.573 3 6 1
223.882 1 6 1
223.882 2 6 1
224.191 4 6 1
224.501 3 6 1
224.81 1 6 1
224.964 3 6 1
225.119 2 6 1
225.274 3 6 1
225.428 1 6 1
225.583 3 6 1
225.738 1 6 1
225.738 4 6 1
226.047 1 6 1
226.356 2 6 1
226.511 3 6 1
226.665 4 6 185.64
226.665 2 6 1
226.975 1 6 1
227.284 1 6 1
227.593 2 6 1
227.593 3 6 1
228.212 1 6 1
228.521 4 6 148.44
228.521 1 6 1
228.83 2 6 1
229.139 3 6 1
229.449 1 6 1
229.449 2 6 1
230.067 3 6 1
230.376 1 6 148.44
230.376 4 6 1
230.995 4 6 1
231.304 3 6 1
231.304 4 6 1
231.613 2 6 1
231.923 4 6 1
232.077 3 6 1
232.232 1 6 37.08
232.541 2 6 1
232.696 2 6 18.48
232.85 3 6 37.2
232.85 4 6 1
233.16 1 6 1
233.16 2 6 37.08
233.16 4 6 1
233.469 1 6 1
233.778 3 6 37.08
234.087 2 6 1
234.087 4 6 74.28
234.706 3 6 1
235.015 1 6 1
235.015 4 6 1
235.17 2 6 1
235.634 2 6 1
235.788 3 6 1
235.943 1 6 1
235.943 4 6 1
235.943 2 6 1
236.252 3 6 1
236.561 1 6 1
236.716 2 6 1
236.87 1 6 1
236.87 4 6 1
237.18 3 6 1
237.489 3 6 1
237.798 1 6 1
237.798 2 6 1
237.953 4 6 1
238.107 3 6 1
238.262 1 6 1
238.417 3 6 1
238.571 1 6 1
238.726 1 6 1
238.726 4 6 1
239.035 3 6 1
239.344 3 6 1
239.654 1 6 1
239.963 3 6 1
240.272 2 6 1
240.272 3 6 1
240.581 1 6 1
240.581 4 6 1
240.891 2 6 1
241.045 2 6 1
241.2 4 6 1
241.509 2 6 1
241.509 4 6 1
241.818 2 6 1
242.128 3 6 1
242.282 2 6 1
242.437 1 6 1
242.437 4 6 1
242.746 2 6 1
243.055 2 6 1
243.055 4 6 1
243.365 1 6 1
243.365 3 6 1
243.674 3 6 1
243.829 4 6 1
243.983 2 6 1
244.138 1 6 1
244.292 3 6 1
244.292 4 6 1
244.602 1 6 1
244.756 4 6 1
244.911 2 6 1
245.066 3 6 1
245.22 1 6 74.28
245.22 4 6 1
245.839 3 6 1
246.148 4 6 1
246.148 1 6 1
246.457 2 6 1
246.766 4 6 1
247.076 1 6 1
247.076 3 6 1
247.385 2 6 1
247.54 4 6 1
247.694 2 6 1
247.694 3 6 1
248.003 1 6 1
248.003 4 6 1
248.313 2 6 1
248.313 3 6 1
248.622 2 6 1
248.931 1 6 519.6
248.931 4 6 519.6
