8.547 3 6 1
9.229 2 6 1
9.667 1 6 1
10.02 2 6 1
10.885 3 6 1
11.534 3 6 1
11.924 4 6 1
12.273 3 6 1
12.784 2 6 1
13.977 2 6 1
14.403 3 6 1
15.061 3 6 1
15.341 4 6 1
15.706 3 6 1
16.12 3 6 1
16.57 2 6 1
17.045 1 6 1
17.459 2 6 1
18.53 3 6 1
18.969 1 6 1
19.943 3 6 1
20.344 4 6 1
20.673 3 6 1
21.784 1 6 1
21.796 3 6 1
22.185 4 6 26.28
22.404 3 6 23.4
22.599 2 6 49.68
23.013 1 6 48.72
23.419 4 6 1
23.841 1 6 48.24
24.243 3 6 1
24.45 2 6 1
24.653 3 6 1
24.864 2 6 1
25.059 1 6 1
25.472 4 6 49.68
25.886 3 6 1
26.3 1 6 1
26.495 3 6 1
26.714 1 6 1
26.909 4 6 1
27.12 1 6 1
27.315 3 6 24.36
27.518 2 6 1
27.737 3 6 1
27.932 1 6 50.64
28.354 4 6 1
28.65 2 6 1
28.76 3 6 1
28.954 2 6 1
29.174 2 6 48.12
29.575 3 6 49.68
29.989 4 6 1
30.196 2 6 1
30.391 2 6 26.28
30.61 3 6 23.4
30.805 4 6 1
31.016 3 6 1
31.211 1 6 1
31.633 2 6 1
31.828 4 6 1
31.925 3 6 1
32.047 2 6 1
32.25 3 6 23.28
32.444 1 6 48.72
32.85 4 6 1
33.069 3 6 1
33.264 2 6 1
33.471 1 6 1
33.678 4 6 24.84
33.873 1 6 1
33.982 2 6 1
34.092 3 6 49.68
34.506 1 6 48.72
34.912 2 6 47.76
35.31 3 6 49.56
35.723 4 6 50.64
36.145 1 6 48.72
36.551 2 6 49.68
36.746 4 6 1
36.965 3 6 1
37.16 1 6 24.84
37.367 3 6 97.92
38.183 1 6 23.4
38.39 3 6 24.84
38.597 2 6 48.6
39.002 1 6 23.4
39.197 4 6 24.36
39.4 2 6 51.12
39.814 1 6 50.64
40.236 3 6 23.4
40.431 4 6 25.32
40.642 2 6 35.04
41.056 2 6 26.28
41.275 4 6 23.4
41.47 1 6 46.68
41.47 2 6 1
41.738 2 6 1
41.859 3 6 46.8
42.249 2 6 93.48
42.639 1 6 1
43.028 3 6 46.8
43.418 4 6 23.4
43.613 3 6 1
43.807 2 6 46.8
44.197 3 6 46.8
44.392 1 6 1
45.366 3 6 46.68
45.755 2 6 46.8
46.145 4 6 1
46.242 3 6 1
46.34 2 6 1
46.437 3 6 11.64
46.534 1 6 23.4
46.729 3 6 1
46.827 1 6 1
46.924 4 6 46.8
47.314 2 6 23.28
47.508 3 6 1
47.703 1 6 1
47.703 4 6 1
47.898 3 6 1
48.093 1 6 1
48.093 4 6 1
48.288 3 6 1
48.482 2 6 1
48.677 2 6 1
48.872 1 6 1
48.872 4 6 1
49.067 3 6 1
49.262 2 6 1
49.456 4 6 1
49.651 1 6 1
49.651 3 6 1
49.846 2 6 1
50.041 2 6 1
50.236 1 6 1
50.43 3 6 1
50.43 4 6 1
50.625 2 6 1
50.82 3 6 1
51.015 3 6 1
51.21 1 6 1
51.21 4 6 1
51.404 2 6 1
51.599 3 6 1
51.794 3 6 1
51.989 2 6 1
51.989 1 6 1
52.183 3 6 1
52.378 4 6 1
52.573 1 6 1
52.768 1 6 1
52.768 2 6 1
52.963 3 6 1
53.157 3 6 1
53.352 1 6 1
53.547 4 6 1
53.547 3 6 1
53.742 2 6 1
53.937 3 6 1
54.131 4 6 1
54.326 1 6 1
54.521 2 6 1
54.716 3 6 1
54.911 2 6 1
55.105 1 6 1
55.105 4 6 1
55.3 2 6 1
55.495 4 6 1
55.69 3 6 1
55.885 2 6 1
55.885 3 6 1
56.079 1 6 1
56.274 1 6 1
56.469 2 6 1
56.664 1 6 1
56.664 3 6 1
56.664 4 6 1
56.859 4 6 1
57.053 3 6 1
57.248 2 6 1
57.443 1 6 1
57.443 2 6 1
57.638 4 6 1
57.832 3 6 1
58.027 3 6 1
58.222 1 6 1
58.222 4 6 1
58.417 3 6 1
58.612 2 6 1
58.806 2 6 1
58.904 3 6 1
59.001 1 6 1
59.001 4 6 1
59.196 3 6 1
59.391 2 6 1
59.586 3 6 1
59.78 1 6 1
59.78 4 6 1
59.975 4 6 1
60.17 2 6 1
60.365 2 6 1
60.56 3 6 1
60.657 2 6 1
60.754 4 6 1
60.949 1 6 1
61.144 1 6 1
61.339 2 6 1
61.534 4 6 1
61.728 1 6 1
61.923 4 6 1
62.118 1 6 1
62.215 3 6 1
62.313 4 6 1
62.508 1 6 1
62.702 4 6 1
62.897 1 6 1
62.995 2 6 1
63.092 4 6 1
63.189 3 6 1
63.287 2 6 1
63.481 3 6 1
63.676 1 6 1
63.871 4 6 1
64.066 1 6 1
64.261 2 6 1
64.455 4 6 1
64.65 3 6 1
64.845 1 6 1
65.04 3 6 1
65.235 1 6 1
65.429 3 6 1
65.624 3 6 1
65.819 2 6 1
66.014 4 6 1
66.209 1 6 1
66.403 3 6 1
66.598 1 6 1
66.793 4 6 1
66.89 3 6 1
66.988 2 6 1
67.183 1 6 1
67.377 4 6 1
67.572 1 6 1
67.67 3 6 1
67.767 4 6 1
67.962 2 6 1
68.157 4 6 1
68.351 3 6 1
68.449 2 6 1
68.546 4 6 1
68.741 1 6 1
68.936 3 6 1
69.131 1 6 1
69.228 2 6 1
69.325 4 6 1
69.423 3 6 1
69.52 1 6 1
69.715 2 6 1
69.91 2 6 1
70.104 3 6 23.4
70.299 4 6 46.8
70.494 2 6 1
70.689 1 6 46.68
71.078 4 6 1
71.273 1 6 1
71.273 2 6 1
71.468 1 6 1
71.468 3 6 1
71.663 2 6 1
71.663 4 6 1
71.858 3 6 46.68
72.247 4 6 1
72.247 1 6 1
72.637 2 6 1
72.637 4 6 1
72.832 2 6 1
73.026 1 6 1
73.026 4 6 1
73.124 3 6 1
73.221 2 6 1
73.416 2 6 1
73.611 3 6 1
73.806 1 6 1
73.806 4 6 1
73.903 3 6 1
74 2 6 1
74.195 2 6 1
74.39 3 6 1
74.585 4 6 1
74.682 2 6 1
74.78 3 6 1
74.974 2 6 1
75.169 3 6 1
75.364 1 6 1
75.364 4 6 1
75.559 3 6 1
75.753 2 6 1
75.948 3 6 1
76.143 1 6 1
76.143 4 6 1
76.24 2 6 1
76.338 3 6 1
76.533 3 6 1
76.727 2 6 1
76.922 1 6 1
76.922 4 6 1
77.02 2 6 1
77.117 3 6 1
77.312 2 6 1
77.507 4 6 1
77.701 2 6 23.4
77.701 4 6 1
77.896 3 6 23.4
78.091 1 6 23.4
78.286 4 6 23.4
78.481 1 6 1
78.481 3 6 46.68
78.675 2 6 1
78.87 4 6 1
79.065 2 6 1
79.26 1 6 1
79.26 4 6 1
79.357 3 6 1
79.455 2 6 1
79.649 3 6 1
79.844 4 6 1
80.039 3 6 1
80.039 4 6 1
80.136 2 6 1
80.234 1 6 1
80.429 2 6 1
80.623 3 6 1
80.818 1 6 1
80.818 4 6 1
80.916 3 6 1
81.013 2 6 1
81.208 1 6 1
81.402 3 6 1
81.597 1 6 1
81.597 4 6 1
81.792 3 6 1
81.987 2 6 1
82.182 3 6 1
82.279 4 6 1
82.376 1 6 1
82.376 2 6 1
82.571 4 6 1
82.669 3 6 1
82.766 2 6 1
82.961 4 6 23.4
83.156 2 6 1
83.156 1 6 1
83.35 3 6 1
83.545 1 6 1
83.545 4 6 1
83.837 4 6 1
83.837 3 6 1
84.13 1 6 1
84.13 4 6 1
84.324 2 6 1
84.324 3 6 1
85.104 3 6 1
85.104 4 6 1
85.493 1 6 1
85.493 4 6 1
85.883 2 6 1
86.078 3 6 1
86.078 4 6 1
86.272 1 6 1
86.272 2 6 1
86.467 3 6 1
86.467 4 6 1
86.662 1 6 1
86.662 2 6 1
87.051 3 6 1
87.051 4 6 1
87.636 1 6 1
87.636 2 6 1
87.831 3 6 1
87.831 4 6 1
88.22 1 6 1
88.22 4 6 1
88.61 1 6 1
88.61 4 6 1
89.194 1 6 1
89.194 2 6 1
89.389 1 6 1
89.389 2 6 1
89.779 1 6 1
89.779 4 6 1
90.168 1 6 1
90.168 4 6 1
90.753 3 6 1
90.753 4 6 1
90.947 1 6 1
90.947 2 6 1
91.337 2 6 1
91.337 4 6 1
91.727 1 6 1
91.727 4 6 1
92.311 1 6 1
92.311 4 6 1
92.506 1 6 1
92.506 2 6 1
92.7 3 6 1
92.895 1 6 1
92.895 2 6 1
93.285 1 6 1
93.285 4 6 1
93.869 2 6 1
93.869 3 6 1
94.064 1 6 1
94.064 4 6 1
94.454 2 6 1
94.454 3 6 1
94.843 1 6 1
94.843 4 6 1
95.038 1 6 1
95.038 2 6 1
95.428 2 6 1
95.428 3 6 1
95.622 1 6 1
95.622 4 6 1
95.817 4 6 1
96.012 2 6 1
96.012 3 6 1
96.402 1 6 1
96.402 4 6 1
96.596 2 6 1
96.596 3 6 1
96.986 1 6 1
96.986 4 6 1
97.181 1 6 1
97.181 4 6 1
97.376 2 6 1
97.57 3 6 93.6
98.35 4 6 93.48
99.129 2 6 46.68
99.323 3 6 1
99.518 1 6 1
99.713 4 6 1
99.908 2 6 46.68
100.492 1 6 1
100.687 1 6 46.8
101.271 2 6 1
101.369 3 6 1
101.466 4 6 46.8
101.856 2 6 1
101.953 3 6 1
102.051 1 6 1
102.148 2 6 1
102.245 3 6 23.4
102.44 4 6 23.4
102.635 2 6 23.4
102.83 1 6 1
103.025 4 6 46.68
103.219 3 6 1
103.414 2 6 1
103.609 4 6 1
103.706 2 6 1
103.804 3 6 93.48
104.583 2 6 93.48
105.362 1 6 23.4
105.557 4 6 23.4
105.752 2 6 23.28
105.946 3 6 23.4
106.141 1 6 58.44
106.92 3 6 29.28
107.44 3 6 1
107.635 2 6 77.88
108.479 4 6 46.68
108.576 3 6 1
108.674 1 6 1
108.868 2 6 1
109.063 1 6 1
109.258 4 6 46.8
109.648 1 6 1
109.648 3 6 1
109.842 3 6 1
110.037 2 6 35.04
110.037 4 6 1
110.329 3 6 1
110.427 1 6 1
110.427 4 6 1
110.621 3 6 70.2
110.816 2 6 1
111.206 1 6 1
111.206 4 6 1
111.401 2 6 23.28
111.595 4 6 23.4
111.79 3 6 23.4
111.985 1 6 23.4
111.985 4 6 1
112.18 2 6 23.4
112.375 3 6 46.68
112.764 1 6 23.4
112.764 4 6 1
112.959 2 6 23.4
113.154 4 6 23.4
113.543 1 6 23.4
113.543 2 6 1
113.738 3 6 1
113.933 3 6 46.8
114.323 1 6 1
114.517 2 6 1
114.712 4 6 1
114.907 3 6 1
115.102 4 6 1
115.102 1 6 23.4
115.297 3 6 23.28
115.491 2 6 46.8
115.881 4 6 1
115.881 3 6 46.68
116.27 2 6 26.4
116.66 4 6 1
116.855 3 6 23.4
117.05 2 6 46.68
117.439 4 6 1
117.634 3 6 23.4
117.829 2 6 23.4
118.024 4 6 23.28
118.218 2 6 23.4
118.413 1 6 23.4
118.608 3 6 46.8
118.998 1 6 23.28
118.998 4 6 1
119.192 3 6 11.76
119.29 2 6 1
119.387 4 6 46.8
119.777 1 6 1
119.777 3 6 23.4
119.972 2 6 1
120.069 4 6 1
120.166 2 6 46.8
120.556 4 6 1
120.556 1 6 46.8
120.946 3 6 23.28
121.14 2 6 1
121.238 3 6 1
121.335 2 6 23.4
121.335 4 6 1
121.53 3 6 11.64
121.627 2 6 5.88
121.725 1 6 23.28
122.114 1 6 1
122.114 4 6 1
122.309 2 6 23.4
122.504 3 6 1
122.699 4 6 1
122.893 1 6 1
123.088 2 6 1
123.283 4 6 1
123.478 3 6 1
123.673 4 6 1
123.867 1 6 1
124.062 2 6 1
124.257 4 6 1
124.452 2 6 1
124.549 3 6 1
124.647 1 6 1
124.841 2 6 1
125.036 4 6 1
125.231 2 6 1
125.328 3 6 1
125.426 4 6 1
125.621 2 6 1
125.815 3 6 1
126.01 2 6 1
126.205 4 6 1
126.4 1 6 1
126.595 3 6 1
126.789 4 6 1
126.984 3 6 1
127.179 3 6 1
127.374 1 6 1
127.569 4 6 1
127.763 1 6 1
127.958 3 6 1
128.153 4 6 1
128.348 1 6 1
128.542 1 6 1
128.737 1 6 1
128.932 3 6 1
129.127 1 6 1
129.322 4 6 1
129.516 1 6 1
129.711 4 6 1
129.906 1 6 1
130.101 4 6 1
130.296 1 6 1
130.49 4 6 1
130.685 3 6 1
130.783 2 6 1
130.88 1 6 1
131.075 4 6 1
131.27 2 6 1
131.464 4 6 1
131.562 2 6 1
131.659 3 6 1
131.854 4 6 46.8
132.244 3 6 46.68
132.633 2 6 23.4
132.828 1 6 23.4
133.023 4 6 46.68
133.412 1 6 1
133.607 1 6 1
133.607 2 6 1
133.802 3 6 1
133.997 1 6 1
133.997 4 6 1
134.191 4 6 46.8
134.581 1 6 1
134.581 2 6 1
134.971 1 6 1
134.971 4 6 1
135.165 2 6 1
135.36 1 6 1
135.36 4 6 1
135.458 2 6 1
135.555 3 6 1
135.75 2 6 1
135.945 3 6 1
136.139 1 6 1
136.139 4 6 1
136.237 3 6 1
136.334 2 6 1
136.529 2 6 1
136.724 3 6 1
136.919 2 6 1
137.016 4 6 1
137.113 3 6 1
137.308 2 6 1
137.503 4 6 1
137.698 1 6 1
137.698 3 6 1
137.893 2 6 1
138.087 2 6 1
138.282 3 6 1
138.477 4 6 1
138.477 1 6 1
138.574 2 6 1
138.672 3 6 1
138.867 2 6 1
139.061 2 6 1
139.256 1 6 1
139.256 4 6 1
139.354 2 6 1
139.451 3 6 1
139.646 1 6 1
139.84 2 6 23.4
140.035 1 6 1
140.035 3 6 23.4
140.23 4 6 23.4
140.425 1 6 31.2
140.814 2 6 46.8
140.814 4 6 1
141.009 1 6 1
141.204 3 6 1
141.399 2 6 1
141.594 1 6 1
141.594 3 6 1
141.691 2 6 1
141.788 4 6 1
141.983 3 6 1
142.178 2 6 1
142.373 1 6 1
142.373 4 6 1
142.47 2 6 1
142.568 3 6 1
142.762 2 6 1
142.957 3 6 1
143.152 2 6 1
143.152 4 6 1
143.249 1 6 1
143.347 2 6 1
143.542 3 6 1
143.736 3 6 1
143.931 1 6 1
143.931 4 6 1
144.126 3 6 1
144.321 2 6 1
144.516 1 6 1
144.613 3 6 1
144.71 2 6 1
144.71 4 6 1
144.905 1 6 1
145.003 2 6 1
145.1 3 6 1
145.1 4 6 23.4
145.295 1 6 1
145.489 3 6 1
145.489 4 6 1
145.684 2 6 1
145.879 1 6 1
145.879 4 6 1
146.171 1 6 1
146.171 3 6 1
146.463 1 6 1
146.463 4 6 1
146.658 2 6 1
146.658 3 6 1
147.425 3 6 1
147.425 4 6 1
147.827 1 6 1
147.827 4 6 1
148.204 3 6 1
148.399 2 6 1
148.411 1 6 1
148.606 3 6 1
148.606 4 6 1
148.789 1 6 1
148.789 2 6 1
148.984 3 6 1
148.984 4 6 1
149.373 1 6 1
149.373 4 6 1
149.958 2 6 1
149.958 1 6 1
150.152 3 6 1
150.152 4 6 1
150.542 1 6 1
150.542 2 6 1
150.932 1 6 1
150.932 4 6 1
151.516 1 6 1
151.516 2 6 1
151.711 1 6 1
151.711 4 6 1
152.1 3 6 1
152.1 4 6 1
152.478 1 6 1
152.478 4 6 1
153.062 3 6 1
153.062 4 6 1
153.257 1 6 1
153.257 2 6 1
153.646 1 6 1
153.646 2 6 1
154.036 1 6 1
154.036 4 6 1
154.62 3 6 1
154.62 4 6 1
154.815 4 6 1
154.815 1 6 1
155.205 3 6 1
155.205 4 6 1
155.594 1 6 1
155.594 4 6 1
155.984 1 6 1
155.984 4 6 1
156.179 2 6 1
156.179 3 6 1
156.374 1 6 1
156.374 4 6 1
156.763 2 6 1
156.763 3 6 1
157.153 1 6 1
157.153 4 6 1
157.348 2 6 1
157.348 3 6 1
157.737 2 6 1
157.737 3 6 1
157.932 1 6 1
157.932 4 6 1
158.127 3 6 1
158.322 1 6 1
158.322 2 6 1
158.711 1 6 1
158.711 4 6 1
158.906 2 6 1
158.906 3 6 1
159.295 3 6 1
159.295 4 6 1
159.49 1 6 1
159.49 4 6 1
159.88 3 6 93.48
160.659 2 6 93.48
161.438 3 6 23.4
161.633 2 6 23.4
161.828 1 6 1
162.023 2 6 1
162.217 3 6 46.8
162.802 2 6 1
162.997 4 6 46.68
163.386 2 6 1
163.581 3 6 1
163.678 2 6 1
163.776 1 6 46.68
164.165 3 6 1
164.263 2 6 1
164.36 4 6 1
164.457 3 6 1
164.555 2 6 46.68
164.75 1 6 1
164.944 4 6 23.4
165.139 3 6 23.4
165.334 2 6 23.4
165.529 4 6 1
165.724 4 6 1
165.821 2 6 1
165.918 3 6 1
166.016 2 6 1
166.113 3 6 93.48
166.892 2 6 93.6
167.672 1 6 23.28
167.866 2 6 23.4
168.061 3 6 23.4
168.256 2 6 23.4
168.451 4 6 57.48
169.242 3 6 1
169.774 2 6 1
169.936 3 6 1
170.788 1 6 46.8
170.886 2 6 1
170.983 3 6 1
171.178 4 6 11.64
171.373 2 6 1
171.47 3 6 1
171.567 4 6 46.8
171.957 2 6 1
171.957 3 6 1
172.152 2 6 1
172.347 1 6 35.04
172.639 2 6 1
172.736 1 6 1
172.736 4 6 1
172.931 3 6 23.4
173.126 4 6 46.68
173.515 1 6 1
173.515 3 6 1
173.71 2 6 23.4
173.905 1 6 23.4
174.1 4 6 23.4
174.295 1 6 23.28
174.489 2 6 23.4
174.684 3 6 46.8
175.074 2 6 1
175.074 4 6 1
175.269 2 6 1
175.463 2 6 35.16
175.853 2 6 1
175.853 4 6 23.4
176.048 3 6 23.28
176.242 2 6 46.8
176.632 4 6 1
176.827 1 6 1
177.022 2 6 23.28
177.022 4 6 1
177.216 3 6 1
177.411 2 6 23.4
177.411 4 6 1
177.606 3 6 23.4
177.801 4 6 46.68
178.19 2 6 1
178.19 3 6 46.8
178.58 2 6 1
178.97 4 6 1
179.164 4 6 23.4
179.359 2 6 46.8
179.749 3 6 1
179.944 1 6 23.28
180.138 2 6 23.4
180.333 3 6 23.4
180.528 2 6 23.4
180.723 4 6 23.4
180.918 2 6 46.68
181.307 1 6 1
181.307 4 6 1
181.502 3 6 23.4
181.697 4 6 46.68
182.086 1 6 1
182.281 3 6 1
182.378 1 6 1
182.476 2 6 46.68
182.865 4 6 35.16
183.158 3 6 1
183.255 1 6 23.4
183.45 2 6 1
183.547 4 6 1
183.645 1 6 23.28
183.645 3 6 1
183.839 2 6 23.4
184.034 3 6 46.8
184.424 2 6 46.68
184.424 4 6 1
184.619 3 6 1
184.813 4 6 1
185.008 1 6 1
185.203 1 6 1
185.3 2 6 1
185.398 3 6 1
185.593 4 6 1
185.787 2 6 1
185.982 4 6 1
186.177 1 6 1
186.372 4 6 1
186.567 3 6 1
186.761 1 6 1
186.859 2 6 1
186.956 4 6 1
187.151 2 6 1
187.346 4 6 1
187.541 1 6 1
187.638 2 6 1
187.735 4 6 1
187.93 3 6 1
188.125 1 6 1
188.32 4 6 1
188.417 3 6 1
188.514 1 6 1
188.709 3 6 1
188.904 1 6 1
189.099 3 6 1
189.294 2 6 1
189.488 3 6 1
189.683 4 6 1
189.878 1 6 1
190.073 2 6 1
190.268 3 6 1
190.462 1 6 1
190.657 4 6 1
190.852 1 6 1
191.047 4 6 1
191.242 2 6 1
191.436 4 6 1
191.534 3 6 1
191.631 1 6 1
191.826 1 6 1
192.021 4 6 1
192.216 4 6 1
192.41 1 6 1
192.605 4 6 1
192.8 2 6 1
192.995 1 6 1
193.092 3 6 1
193.19 4 6 1
193.384 2 6 1
193.579 3 6 1
193.774 1 6 1
193.871 3 6 1
193.969 4 6 1
194.066 2 6 1
194.163 4 6 46.8
194.553 3 6 46.8
194.943 1 6 46.68
195.332 4 6 46.8
195.722 2 6 1
195.722 1 6 1
195.917 3 6 1
195.917 4 6 1
196.111 1 6 1
196.111 4 6 1
196.306 3 6 1
196.306 2 6 1
196.501 1 6 1
196.696 3 6 1
196.891 1 6 1
196.891 4 6 1
197.28 1 6 1
197.28 4 6 1
197.475 2 6 1
197.67 4 6 1
197.67 2 6 1
197.767 3 6 1
197.865 2 6 1
198.059 3 6 1
198.254 2 6 1
198.449 4 6 1
198.449 1 6 1
198.546 2 6 1
198.644 3 6 1
198.839 2 6 1
199.033 2 6 1
199.228 1 6 1
199.228 3 6 1
199.325 2 6 1
199.423 4 6 1
199.618 3 6 1
199.812 2 6 1
200.007 3 6 1
200.007 4 6 1
200.202 2 6 1
200.397 2 6 1
200.592 3 6 1
200.786 1 6 1
200.786 4 6 1
200.884 2 6 1
200.981 1 6 1
201.176 3 6 1
201.371 2 6 1
201.566 3 6 1
201.566 4 6 1
201.663 2 6 1
201.76 1 6 1
201.955 3 6 23.4
202.15 2 6 23.4
202.345 1 6 1
202.345 3 6 23.4
202.54 4 6 23.28
202.734 2 6 23.4
202.929 3 6 23.4
203.124 1 6 1
203.124 4 6 1
203.319 2 6 1
203.514 3 6 1
203.708 3 6 1
203.903 1 6 1
203.903 2 6 1
204.001 3 6 1
204.098 2 6 1
204.293 3 6 1
204.488 1 6 1
204.682 4 6 1
204.682 3 6 1
204.772 2 6 1
204.877 4 6 1
205.072 3 6 1
205.267 2 6 1
205.461 3 6 1
205.461 1 6 1
205.551 4 6 1
205.656 1 6 1
205.851 3 6 1
206.046 2 6 1
206.241 1 6 1
206.241 4 6 1
206.435 3 6 1
206.63 1 6 1
206.825 3 6 1
206.914 2 6 1
207.02 1 6 1
207.02 4 6 1
207.215 3 6 1
207.304 2 6 1
207.409 1 6 1
207.604 4 6 23.4
207.799 1 6 1
207.799 2 6 1
207.994 3 6 1
208.189 4 6 1
208.189 1 6 1
208.473 3 6 1
208.473 2 6 1
208.773 1 6 1
208.773 2 6 1
208.968 3 6 1
208.968 4 6 1
209.357 1 6 1
209.357 4 6 1
209.747 1 6 1
209.747 4 6 1
209.942 3 6 1
210.137 2 6 1
210.331 4 6 1
210.526 2 6 1
210.721 1 6 1
210.916 3 6 1
211.005 2 6 1
211.11 1 6 1
211.305 1 6 1
211.305 3 6 1
211.305 4 6 1
211.5 2 6 1
211.695 1 6 1
211.89 3 6 1
212.084 1 6 1
212.279 3 6 1
212.474 2 6 1
212.563 3 6 1
212.669 2 6 1
212.864 1 6 1
212.864 4 6 1
213.058 3 6 1
213.253 2 6 1
213.448 3 6 1
213.643 1 6 1
213.643 4 6 1
213.838 1 6 1
214.032 3 6 1
214.122 1 6 1
214.227 2 6 1
214.422 3 6 1
214.422 4 6 1
214.617 2 6 1
214.812 3 6 1
215.006 1 6 1
215.201 3 6 1
215.201 4 6 1
215.396 2 6 1
215.485 4 6 1
215.591 2 6 1
215.786 3 6 1
215.98 1 6 1
215.98 4 6 1
216.175 3 6 1
216.264 2 6 1
216.459 2 6 1
216.565 3 6 1
216.76 1 6 1
216.954 4 6 1
217.044 2 6 1
217.238 3 6 1
217.344 2 6 1
217.539 3 6 1
217.539 4 6 1
217.733 2 6 1
217.823 1 6 1
218.018 3 6 1
218.123 2 6 1
218.318 4 6 1
218.513 3 6 1
218.602 2 6 1
218.797 1 6 1
218.902 2 6 1
218.992 3 6 1
219.097 4 6 1
219.097 1 6 1
219.292 2 6 1
219.381 3 6 1
219.576 4 6 1
219.681 3 6 1
219.876 1 6 1
220.071 3 6 1
220.16 4 6 1
220.355 2 6 1
220.461 3 6 1
220.655 2 6 1
220.655 4 6 1
220.85 3 6 1
220.939 2 6 1
221.134 1 6 1
221.24 2 6 1
221.435 3 6 1
221.435 4 6 1
221.524 1 6 1
221.629 2 6 1
221.719 3 6 1
221.913 2 6 1
222.019 3 6 1
222.108 1 6 1
222.214 4 6 1
222.214 2 6 1
222.409 2 6 1
222.603 3 6 1
222.798 4 6 1
222.993 2 6 1
223.188 1 6 1
223.382 4 6 1
223.577 3 6 1
223.772 1 6 1
223.772 3 6 1
223.967 4 6 1
224.162 2 6 1
224.356 1 6 1
224.551 3 6 1
224.734 3 6 1
224.941 2 6 1
225.136 4 6 1
225.33 2 6 1
225.33 3 6 1
225.513 1 6 1
225.72 3 6 1
225.903 4 6 1
226.097 2 6 1
226.304 3 6 1
226.499 2 6 1
226.682 3 6 1
226.877 4 6 1
226.877 2 6 1
227.071 1 6 1
227.278 3 6 1
227.461 2 6 1
227.656 2 6 1
227.656 4 6 1
227.851 1 6 1
228.045 4 6 1
228.24 3 6 1
228.435 2 6 46.8
229.031 3 6 21.96
229.226 4 6 45.36
229.798 1 6 24.84
230.005 4 6 21.96
230.2 3 6 21.96
230.383 1 6 23.4
230.578 4 6 1
230.772 2 6 48.24
231.357 3 6 23.4
231.552 2 6 35.52
231.848 4 6 34.56
232.136 3 6 23.4
232.331 1 6 46.68
232.915 4 6 23.4
233.11 2 6 46.8
233.305 3 6 1
233.5 3 6 23.28
233.694 4 6 58.92
233.889 3 6 1
234.279 2 6 1
234.486 3 6 23.28
234.68 1 6 45.36
235.058 2 6 46.68
235.447 3 6 46.8
235.837 4 6 46.8
236.227 3 6 23.28
236.421 2 6 24.84
236.616 4 6 23.4
236.811 1 6 23.4
237.006 3 6 46.68
237.395 1 6 1
237.602 1 6 21.96
237.785 4 6 46.8
238.175 3 6 46.68
238.564 2 6 46.8
238.966 4 6 45.24
239.343 2 6 1
239.343 1 6 23.4
239.538 4 6 1
239.64 2 6 1
239.733 1 6 46.8
239.928 3 6 1
240.123 2 6 46.68
240.512 1 6 1
240.512 4 6 1
240.902 1 6 1
240.902 3 6 1
241.096 2 6 1
241.303 1 6 1
241.303 4 6 1
241.393 3 6 1
241.486 2 6 1
241.681 3 6 1
241.876 1 6 1
242.07 2 6 1
242.07 4 6 1
242.172 2 6 1
242.265 3 6 1
242.46 2 6 1
242.655 4 6 1
242.85 2 6 1
242.951 3 6 1
243.044 1 6 1
243.239 2 6 1
243.434 3 6 1
243.629 1 6 1
243.629 4 6 1
243.824 2 6 1
244.018 3 6 1
244.213 3 6 1
244.408 1 6 1
244.408 4 6 1
244.509 2 6 1
244.603 3 6 1
244.798 2 6 1
244.992 3 6 1
245.187 1 6 1
245.187 4 6 1
245.289 3 6 1
245.382 2 6 1
245.577 3 6 1
245.772 4 6 1
245.966 2 6 23.4
245.966 3 6 1
246.161 1 6 24.84
246.368 3 6 21.96
246.551 4 6 23.4
246.746 2 6 23.28
246.746 3 6 1
246.94 1 6 23.4
247.135 4 6 1
247.33 2 6 1
247.525 1 6 1
247.525 4 6 1
247.626 3 6 1
247.719 2 6 1
247.914 4 6 1
248.109 3 6 1
248.304 1 6 1
248.304 4 6 1
248.405 2 6 1
248.499 2 6 1
248.693 3 6 1
248.888 4 6 1
249.083 1 6 1
249.095 2 6 1
249.184 3 6 1
249.278 1 6 1
249.473 3 6 1
249.667 2 6 1
249.862 1 6 1
249.862 4 6 1
250.057 3 6 1
250.252 2 6 1
250.447 1 6 1
250.548 3 6 1
250.641 2 6 1
250.641 4 6 1
250.836 3 6 1
250.938 2 6 1
251.031 4 6 1
251.226 3 6 1
251.421 4 6 1
251.421 1 6 1
251.615 3 6 1
251.81 2 6 1
251.81 4 6 1
252.106 1 6 1
252.106 4 6 1
252.395 1 6 1
252.395 4 6 1
252.589 1 6 1
252.589 3 6 1
