0.184 1 6 1
0.456 1 6 1
0.729 2 6 1
1.002 1 6 1
1.275 3 6 1
1.547 4 6 1
1.82 3 6 1
2.093 3 6 1
2.365 4 6 1
2.638 2 6 1
2.911 1 6 1
3.184 2 6 1
3.456 2 6 1
3.729 1 6 1
4.002 1 6 1
4.275 3 6 1
4.547 4 6 1
4.82 3 6 1
5.093 4 6 1
5.365 3 6 1
5.638 1 6 1
5.911 3 6 1
6.184 4 6 1
6.456 3 6 1
6.729 2 6 1
7.002 3 6 1
7.274 3 6 1
7.547 2 6 1
7.82 1 6 1
8.093 1 6 1
8.365 1 6 1
8.638 3 6 1
8.911 4 6 1
16.82 2 6 1
17.092 3 6 1
17.365 2 6 1
17.638 3 6 1
17.911 2 6 32.64
18.183 1 6 1
18.456 2 6 1
18.729 1 6 1
19.002 3 6 1
19.274 4 6 1
19.547 2 6 1
19.82 1 6 32.64
20.092 3 6 1
20.365 4 6 1
20.638 1 6 1
20.911 1 6 1
21.183 2 6 1
21.456 4 6 1
21.729 1 6 1
22.001 2 6 65.52
22.274 3 6 1
22.547 4 6 1
22.82 4 6 32.64
23.092 1 6 65.52
23.365 3 6 1
23.638 2 6 32.64
23.91 4 6 98.28
24.183 3 6 1
24.456 1 6 1
24.729 3 6 1
25.001 1 6 1
25.274 3 6 1
25.547 4 6 1
25.82 2 6 1
26.092 1 6 1
26.365 3 6 65.4
26.638 2 6 1
26.91 4 6 1
27.183 1 6 1
27.456 1 6 32.76
27.729 3 6 1
28.001 2 6 1
28.274 1 6 16.32
28.547 2 6 1
28.819 4 6 32.76
29.092 2 6 1
29.365 3 6 1
29.638 2 6 1
29.91 4 6 1
30.183 1 6 1
30.456 2 6 1
30.729 1 6 163.56
31.001 4 6 1
31.274 2 6 1
31.547 4 6 1
31.819 2 6 1
32.092 3 6 32.76
32.365 1 6 32.76
32.365 4 6 1
32.638 4 6 98.16
32.91 1 6 1
33.183 2 6 1
33.456 1 6 1
33.728 2 6 1
34.001 2 6 65.52
34.274 1 6 1
34.547 3 6 65.4
34.819 4 6 1
35.092 1 6 1
35.092 2 6 65.52
35.365 3 6 1
35.501 4 6 1
35.638 1 6 1
35.638 3 6 1
35.91 4 6 1
36.183 1 6 1
36.183 2 6 1
36.456 3 6 65.4
36.592 4 6 1
36.728 2 6 1
37.001 4 6 65.52
37.274 1 6 1
37.547 3 6 16.32
37.683 2 6 1
37.819 1 6 1
37.819 4 6 1
38.092 3 6 1
38.365 2 6 1
38.365 4 6 1
38.637 1 6 1
38.774 2 6 1
38.91 1 6 1
38.91 4 6 1
39.183 2 6 98.16
39.183 3 6 1
39.456 1 6 1
39.456 4 6 1
39.728 4 6 1
39.865 3 6 1
40.001 1 6 1
40.001 3 6 1
40.274 1 6 1
40.547 4 6 1
40.547 2 6 1
40.819 3 6 32.76
40.956 2 6 1
41.092 1 6 1
41.092 4 6 130.92
41.365 3 6 1
41.637 1 6 1
41.637 2 6 1
41.91 2 6 1
42.046 3 6 1
42.183 1 6 1
42.183 2 6 1
42.456 4 6 1
42.728 1 6 1
42.728 2 6 1
43.001 4 6 1
43.137 3 6 1
43.274 1 6 1
43.274 2 6 65.4
43.546 4 6 1
43.819 1 6 1
43.819 3 6 1
44.092 4 6 1
44.228 3 6 1
44.365 1 6 1
44.365 2 6 1
44.637 1 6 1
44.91 1 6 1
44.91 2 6 1
45.183 3 6 1
45.319 4 6 1
45.456 1 6 1
45.456 3 6 1
45.728 3 6 1
46.001 4 6 1
46.274 3 6 1
46.41 4 6 1
46.546 1 6 1
46.546 2 6 1
46.819 4 6 1
47.092 1 6 1
47.092 3 6 1
47.365 3 6 1
47.501 2 6 1
47.637 1 6 1
47.637 4 6 1
47.91 2 6 98.16
48.183 1 6 1
48.183 3 6 1
48.455 4 6 1
48.592 3 6 1
48.728 1 6 1
48.728 4 6 1
49.001 2 6 1
49.001 3 6 1
49.274 1 6 1
49.274 4 6 1
49.546 2 6 65.52
49.683 3 6 1
49.819 4 6 1
49.819 1 6 1
50.092 4 6 98.16
50.365 3 6 1
50.637 3 6 32.76
50.774 2 6 1
50.91 1 6 1
51.183 3 6 1
51.455 2 6 1
51.455 4 6 1
51.728 3 6 1
51.864 1 6 1
52.001 3 6 1
52.001 4 6 1
52.274 2 6 1
52.546 4 6 1
53.637 1 6 98.16
53.91 2 6 1
54.183 4 6 1
54.455 2 6 32.76
54.728 3 6 65.4
55.819 1 6 1
56.364 1 6 1
56.364 3 6 65.52
56.637 1 6 1
56.91 2 6 65.4
57.455 1 6 1
58.546 1 6 32.76
58.546 4 6 1
58.819 2 6 1
59.092 4 6 130.8
59.637 2 6 1
60.182 1 6 1
60.728 1 6 1
61.273 1 6 1
61.273 4 6 65.52
61.819 1 6 1
62.364 2 6 65.52
62.637 3 6 1
62.91 1 6 1
62.91 4 6 1
63.182 2 6 32.76
63.455 3 6 65.52
64.001 1 6 1
64.546 4 6 1
65.091 3 6 65.52
65.091 4 6 1
65.364 2 6 1
65.637 1 6 65.4
66.182 2 6 32.76
67.273 3 6 65.52
67.546 4 6 32.76
67.819 1 6 65.4
68.091 2 6 32.76
68.364 3 6 65.52
68.91 2 6 1
69.182 4 6 1
69.455 2 6 32.76
69.728 3 6 32.64
69.728 4 6 32.64
70 1 6 1
70 2 6 1
70.273 4 6 1
70.546 4 6 1
70.819 3 6 1
71.091 1 6 65.52
71.364 2 6 1
71.637 2 6 1
71.637 4 6 1
71.91 2 6 32.64
72.182 3 6 65.52
72.455 4 6 1
72.728 1 6 1
73 2 6 1
73.273 1 6 98.16
73.546 3 6 1
73.819 2 6 1
73.819 4 6 1
74.091 3 6 98.16
74.364 1 6 1
74.637 4 6 1
74.909 2 6 1
74.909 4 6 1
75.182 1 6 1
75.455 3 6 1
75.455 4 6 65.4
75.728 2 6 1
76 2 6 1
76 3 6 1
76.273 1 6 1
76.273 3 6 98.16
76.546 2 6 1
76.819 2 6 1
76.819 4 6 1
77.091 1 6 1
77.091 4 6 65.52
77.364 2 6 1
77.637 2 6 32.64
77.909 3 6 1
78.182 1 6 1
78.182 2 6 1
78.455 1 6 1
78.728 3 6 1
78.728 4 6 1
79 4 6 1
79.273 2 6 1
79.273 4 6 1
79.546 2 6 1
79.818 1 6 1
79.818 2 6 1
80.091 4 6 1
80.364 2 6 1
80.364 3 6 1
80.637 2 6 1
80.637 1 6 32.64
80.909 3 6 1
81.182 3 6 1
81.182 4 6 1
81.455 1 6 1
81.455 3 6 1
81.727 4 6 1
82 2 6 1
82 3 6 1
82.273 1 6 1
82.546 1 6 1
82.818 2 6 98.28
82.818 4 6 1
83.091 4 6 1
83.364 4 6 1
83.364 3 6 1
83.637 3 6 1
83.909 3 6 1
83.909 4 6 1
84.182 2 6 1
84.455 1 6 1
84.727 2 6 1
85 1 6 18.48
85 4 6 1
85.273 1 6 163.56
87.455 1 6 261.72
89.636 3 6 32.76
89.636 4 6 65.52
89.909 2 6 1
90.182 2 6 65.4
90.182 1 6 32.76
90.182 3 6 1
90.455 3 6 16.32
90.591 1 6 1
90.727 1 6 32.76
90.727 4 6 32.76
91 3 6 1
91.136 2 6 1
91.273 4 6 1
91.273 1 6 1
91.545 2 6 32.76
91.545 3 6 1
91.818 3 6 65.52
91.818 4 6 1
92.364 1 6 65.4
92.364 2 6 14.28
92.636 2 6 32.76
92.909 3 6 1
92.909 4 6 49.08
93.182 2 6 1
93.318 2 6 16.44
93.455 4 6 1
93.455 1 6 1
93.455 3 6 1
93.727 2 6 1
94 2 6 1
94 3 6 98.16
94.545 4 6 1
94.545 1 6 1
94.818 2 6 32.76
94.954 3 6 16.44
95.091 1 6 1
95.091 4 6 1
95.364 3 6 1
95.5 2 6 1
95.636 3 6 1
95.636 4 6 1
95.909 1 6 32.76
96.182 3 6 1
96.182 4 6 98.16
96.454 2 6 1
96.727 1 6 1
96.727 3 6 1
97 1 6 65.4
97.273 2 6 1
97.273 3 6 1
97.545 2 6 1
97.682 3 6 1
97.818 1 6 1
97.818 4 6 1
98.091 3 6 1
98.091 4 6 32.76
98.364 2 6 1
98.364 3 6 65.4
98.909 1 6 65.4
98.909 4 6 32.76
99.182 3 6 32.64
99.454 4 6 1
99.454 2 6 1
99.591 3 6 16.32
99.727 2 6 16.32
99.863 4 6 1
100 3 6 1
100 1 6 32.76
100.273 2 6 32.64
100.273 3 6 1
100.545 4 6 57.36
100.545 3 6 1
100.818 3 6 24.6
101.091 3 6 32.64
101.091 4 6 65.4
101.363 2 6 32.76
101.636 1 6 49.08
101.636 3 6 1
101.909 3 6 1
102.045 2 6 1
102.182 3 6 1
102.182 4 6 1
102.454 1 6 32.76
102.727 2 6 1
102.727 3 6 49.08
103.273 4 6 32.64
103.273 3 6 65.4
103.545 1 6 32.76
103.818 4 6 1
103.818 2 6 16.32
103.954 3 6 1
104.091 2 6 1
104.227 3 6 1
104.363 1 6 32.76
104.363 4 6 1
104.636 2 6 1
104.636 3 6 32.76
104.909 1 6 32.76
104.909 2 6 32.76
105.182 3 6 32.64
105.454 1 6 32.76
105.454 2 6 32.76
105.727 3 6 65.4
105.727 4 6 16.32
106 2 6 1
106 4 6 32.64
106.272 1 6 1
106.545 2 6 65.52
107.091 3 6 1
107.091 4 6 1
107.363 2 6 1
107.5 4 6 1
107.636 1 6 1
107.636 3 6 32.76
107.636 4 6 32.76
108.181 2 6 32.76
108.181 3 6 1
108.181 4 6 32.76
108.539 3 6 22.56
108.539 4 6 22.56
108.727 1 6 1
108.727 2 6 40.92
109.272 1 6 24.6
109.272 2 6 65.52
109.477 3 6 16.32
109.818 3 6 32.76
109.818 4 6 32.76
110.091 1 6 16.32
110.091 2 6 65.4
110.363 1 6 32.76
110.363 4 6 1
110.636 3 6 1
110.772 2 6 1
110.909 1 6 1
110.909 4 6 1
111.181 2 6 1
111.454 2 6 81.84
111.454 1 6 81.84
112 4 6 1
112 3 6 16.32
112.272 3 6 16.44
112.545 1 6 1
112.545 2 6 32.76
112.886 3 6 1
113.09 3 6 1
113.09 4 6 1
113.227 3 6 49.08
113.636 1 6 130.92
113.636 2 6 1
113.909 2 6 1
114.181 3 6 65.52
114.454 2 6 10.92
114.727 2 6 65.4
115.818 3 6 1
116.09 2 6 1
116.227 3 6 16.32
116.363 1 6 1
116.636 4 6 1
116.909 3 6 1
117.181 3 6 1
117.318 2 6 1
117.454 3 6 1
117.727 4 6 1
117.999 2 6 1
118.272 1 6 32.76
118.409 3 6 1
118.545 4 6 1
118.818 2 6 1
119.09 2 6 1
119.363 3 6 1
119.499 2 6 1
119.636 1 6 1
119.909 3 6 1
120.181 1 6 65.52
120.454 2 6 1
120.59 4 6 1
120.727 2 6 1
120.999 1 6 32.76
121.272 3 6 1
121.545 2 6 1
121.681 1 6 1
121.818 3 6 1
122.09 2 6 1
122.363 3 6 1
122.636 4 6 32.64
122.772 1 6 1
122.908 3 6 1
123.181 2 6 1
123.454 2 6 1
123.727 3 6 1
123.863 2 6 1
123.999 1 6 1
124.272 2 6 1
124.545 1 6 32.76
124.545 3 6 1
124.818 2 6 1
124.954 4 6 16.32
125.09 3 6 1
125.363 2 6 1
125.636 3 6 1
125.908 3 6 1
126.045 3 6 1
126.181 2 6 1
126.454 4 6 32.76
126.727 1 6 1
126.727 2 6 1
126.999 4 6 32.76
127.136 2 6 1
127.272 1 6 1
127.272 3 6 1
127.545 2 6 1
127.817 3 6 1
127.817 4 6 1
128.09 3 6 1
128.227 1 6 1
128.363 3 6 1
128.636 2 6 32.64
128.908 4 6 1
129.181 2 6 32.76
129.454 1 6 1
129.454 4 6 1
129.727 3 6 32.64
129.999 1 6 1
129.999 4 6 1
130.272 3 6 32.76
130.408 2 6 1
130.545 1 6 1
130.545 4 6 1
130.817 1 6 98.28
131.09 3 6 1
131.363 2 6 1
131.499 4 6 1
131.636 2 6 1
131.636 3 6 1
131.908 2 6 1
132.181 1 6 1
132.181 4 6 1
132.454 3 6 32.64
132.59 4 6 1
132.726 1 6 1
132.726 2 6 1
132.999 4 6 98.16
133.272 1 6 1
133.272 2 6 1
133.545 2 6 1
133.681 1 6 1
133.817 3 6 1
134.09 2 6 1
134.363 1 6 1
134.363 4 6 1
134.635 1 6 1
134.772 3 6 1
134.908 2 6 65.52
134.908 4 6 1
135.181 1 6 1
135.454 3 6 1
135.454 4 6 1
135.726 3 6 1
135.863 4 6 1
135.999 2 6 1
135.999 3 6 1
136.272 1 6 1
136.545 1 6 1
136.545 3 6 1
136.817 4 6 1
136.954 1 6 1
137.09 3 6 32.76
137.363 2 6 98.16
137.635 4 6 1
137.908 1 6 1
138.045 3 6 1
138.181 1 6 1
138.181 3 6 1
138.454 4 6 1
138.726 1 6 65.52
138.726 3 6 1
138.999 3 6 1
139.135 2 6 1
139.272 2 6 1
139.272 4 6 1
139.544 1 6 98.28
139.817 3 6 1
140.09 4 6 32.76
140.226 2 6 1
140.363 3 6 1
140.635 4 6 1
140.908 2 6 1
140.908 3 6 1
141.181 2 6 1
141.317 3 6 1
141.454 1 6 1
141.454 4 6 1
141.726 2 6 98.16
141.999 1 6 1
142.272 4 6 1
142.408 3 6 1
142.544 1 6 1
142.544 4 6 1
142.817 3 6 1
143.09 1 6 1
143.09 2 6 1
143.363 4 6 1
143.499 3 6 1
143.635 1 6 1
143.635 3 6 98.16
143.908 2 6 1
144.181 1 6 1
144.181 4 6 1
144.453 2 6 1
144.59 3 6 16.32
144.726 1 6 1
144.726 4 6 1
144.999 2 6 1
145.272 1 6 1
145.272 3 6 32.64
145.544 4 6 1
145.681 2 6 1
145.817 1 6 1
145.817 2 6 114.6
146.09 4 6 1
146.363 1 6 1
146.363 3 6 1
146.635 4 6 1
146.772 3 6 1
146.908 4 6 1
146.908 1 6 1
147.181 3 6 1
147.453 2 6 1
147.453 3 6 65.52
147.726 1 6 1
147.863 4 6 1
147.999 1 6 1
147.999 2 6 32.76
148.272 4 6 98.16
148.544 2 6 1
148.817 1 6 1
148.953 2 6 1
149.09 1 6 1
149.362 3 6 1
149.635 3 6 1
149.635 4 6 1
149.908 4 6 1
150.044 2 6 1
150.181 3 6 1
150.453 3 6 1
150.726 1 6 1
150.726 4 6 1
151.817 1 6 65.4
151.817 3 6 1
152.09 4 6 1
152.362 4 6 1
152.362 3 6 65.52
152.635 1 6 1
152.908 2 6 65.4
153.453 4 6 1
153.999 2 6 1
154.544 4 6 1
154.544 1 6 1
154.817 1 6 1
155.635 4 6 1
156.181 1 6 1
156.726 1 6 1
156.726 2 6 65.4
156.999 3 6 1
157.271 3 6 32.76
157.544 4 6 98.16
157.817 2 6 65.4
158.09 3 6 1
158.362 3 6 32.76
158.635 1 6 1
158.908 2 6 32.64
159.18 3 6 1
159.453 1 6 65.52
159.726 4 6 1
159.999 2 6 1
160.271 1 6 1
160.544 3 6 1
160.817 2 6 1
161.09 1 6 1
161.09 3 6 98.16
161.362 4 6 1
161.635 2 6 1
161.908 1 6 1
162.18 4 6 1
162.453 2 6 1
162.726 2 6 1
162.999 4 6 1
163.271 1 6 1
163.271 4 6 65.52
163.544 2 6 1
163.817 2 6 98.16
164.089 3 6 1
164.362 3 6 1
164.635 1 6 1
164.908 3 6 1
165.18 1 6 1
165.453 2 6 1
165.726 2 6 32.64
165.998 3 6 65.52
166.271 1 6 229.08
166.544 2 6 24.48
168.18 4 6 1
168.18 2 6 65.52
168.18 3 6 1
168.726 1 6 32.64
168.726 3 6 43.56
168.998 4 6 65.52
169.135 2 6 16.32
169.271 1 6 1
169.271 3 6 1
169.544 2 6 1
169.68 4 6 1
169.817 1 6 1
169.817 3 6 1
170.089 3 6 1
170.089 2 6 32.76
170.362 1 6 1
170.362 3 6 98.16
170.907 1 6 49.2
170.907 4 6 1
171.18 2 6 32.76
171.317 3 6 1
171.453 1 6 49.08
171.453 4 6 1
171.726 3 6 1
171.862 2 6 1
171.998 1 6 1
171.998 4 6 1
172.271 2 6 1
172.544 1 6 1
172.544 3 6 65.4
172.817 2 6 65.4
173.089 4 6 1
173.089 1 6 32.76
173.362 4 6 16.32
173.498 3 6 16.44
173.635 1 6 32.64
173.635 4 6 32.64
173.907 3 6 1
174.044 2 6 1
174.18 3 6 1
174.18 4 6 1
174.453 1 6 32.76
174.726 3 6 1
174.726 4 6 65.4
174.998 3 6 1
175.271 2 6 1
175.271 3 6 32.76
175.544 1 6 98.16
175.816 3 6 1
175.816 4 6 1
176.089 3 6 1
176.226 2 6 1
176.362 3 6 1
176.362 4 6 1
176.635 1 6 98.16
176.907 4 6 1
176.907 3 6 65.52
177.453 2 6 32.76
177.453 4 6 32.76
177.726 1 6 32.64
177.998 2 6 1
177.998 3 6 32.76
178.271 4 6 32.76
178.544 1 6 1
178.544 2 6 1
178.544 3 6 65.4
178.816 2 6 16.44
179.089 1 6 32.76
179.089 2 6 32.76
179.362 3 6 32.76
179.635 1 6 32.64
179.635 2 6 40.8
179.907 4 6 65.52
180.18 1 6 1
180.18 2 6 1
180.453 2 6 1
180.589 1 6 1
180.725 3 6 1
180.725 4 6 1
180.998 2 6 32.76
181.271 1 6 49.08
181.271 3 6 1
181.68 2 6 1
181.816 3 6 32.76
181.816 4 6 32.76
182.089 2 6 32.76
182.362 3 6 32.76
182.362 4 6 32.76
182.635 1 6 16.32
182.907 4 6 32.76
182.907 2 6 1
183.18 1 6 32.76
183.18 3 6 1
183.453 2 6 49.08
183.453 3 6 1
183.725 3 6 1
183.725 4 6 1
183.998 2 6 32.76
183.998 3 6 65.52
184.271 4 6 65.4
184.544 2 6 1
184.725 3 6 1
184.884 2 6 1
184.97 1 6 1
185.157 3 6 1
185.259 4 6 1
185.362 1 6 1
185.498 2 6 1
185.634 3 6 45
185.634 4 6 1
186.009 1 6 1
186.18 3 6 49.08
186.18 4 6 49.08
186.725 1 6 38.28
186.725 2 6 32.76
187.083 2 6 22.56
187.083 3 6 22.56
187.453 2 6 1
187.453 3 6 27.24
187.816 1 6 32.76
187.816 2 6 98.16
188.362 1 6 32.64
188.362 4 6 1
188.634 3 6 32.76
188.634 4 6 32.76
188.907 1 6 65.52
188.907 2 6 1
189.453 2 6 1
189.453 3 6 1
189.725 4 6 8.16
189.998 3 6 1
189.998 4 6 51.12
190.543 1 6 8.28
190.543 4 6 32.76
190.816 3 6 18.48
191.089 2 6 14.28
191.453 2 6 9.48
191.634 2 6 5.52
191.907 2 6 21.84
192.18 1 6 1
192.18 4 6 1
