0.252 1 6 1
0.252 4 6 1
0.823 3 6 1
1.109 2 6 1
1.395 4 6 1
1.68 1 6 1
1.966 2 6 1
2.252 3 6 1
2.537 1 6 1
2.823 4 6 1
3.109 3 6 1
3.395 3 6 1
3.68 1 6 1
4.252 2 6 1
4.537 3 6 1
4.823 1 6 1
5.395 2 6 1
5.68 3 6 1
5.68 4 6 1
5.966 1 6 1
5.966 2 6 1
6.537 3 6 1
6.537 4 6 1
6.823 2 6 1
6.823 4 6 1
7.109 1 6 1
7.109 3 6 1
7.394 2 6 1
7.68 2 6 1
7.966 3 6 1
8.252 3 6 1
8.728 1 6 1
8.823 3 6 1
9.014 4 6 1
9.109 2 6 1
9.299 4 6 1
9.394 2 6 1
9.871 1 6 1
9.966 3 6 1
10.156 2 6 1
10.252 3 6 1
10.442 3 6 1
10.537 2 6 1
11.013 2 6 1
11.109 4 6 1
11.299 2 6 1
11.394 4 6 1
11.585 3 6 1
11.68 2 6 1
11.966 1 6 1
12.252 1 6 1
12.537 4 6 1
12.823 2 6 1
13.299 3 6 1
13.394 1 6 1
13.585 2 6 1
13.68 4 6 1
13.871 3 6 1
13.966 2 6 1
14.442 2 6 1
14.537 3 6 1
14.728 1 6 1
14.823 3 6 1
15.013 1 6 1
15.109 2 6 1
15.585 2 6 1
15.68 3 6 1
15.871 2 6 1
15.966 4 6 1
16.156 2 6 1
16.251 1 6 1
16.537 4 6 1
16.823 3 6 1
17.109 2 6 1
17.394 1 6 1
17.87 2 6 1
17.966 4 6 1
18.156 2 6 1
18.251 3 6 1
18.442 4 6 1
18.537 2 6 1
19.013 2 6 1
19.109 3 6 1
19.299 3 6 1
19.394 1 6 1
19.585 3 6 1
19.68 2 6 1
20.156 2 6 1
20.251 4 6 1
20.442 2 6 1
20.537 4 6 1
20.728 1 6 1
20.823 3 6 1
21.108 1 6 1
21.394 3 6 1
21.68 2 6 1
21.966 1 6 1
22.442 1 6 1
22.537 4 6 1
22.728 2 6 1
22.823 3 6 1
23.013 2 6 1
23.108 2 6 1
23.585 1 6 1
23.68 3 6 1
23.87 1 6 1
23.966 3 6 1
24.156 1 6 1
24.251 3 6 1
24.727 3 6 1
24.823 2 6 1
25.013 4 6 1
25.108 2 6 1
25.299 4 6 1
25.394 2 6 1
25.68 2 6 1
25.966 3 6 1
26.251 2 6 1
26.537 3 6 1
27.108 4 6 1
27.68 1 6 1
27.68 3 6 1
27.966 1 6 1
28.251 1 6 1
28.537 4 6 1
28.727 2 6 1
28.823 3 6 1
29.013 4 6 1
29.108 1 6 1
29.394 4 6 1
29.68 4 6 1
29.965 1 6 1
30.251 2 6 1
30.537 1 6 1
30.823 2 6 1
31.013 4 6 1
31.108 4 6 1
31.394 4 6 1
31.68 3 6 1
31.965 3 6 1
32.251 1 6 1
32.537 4 6 1
32.823 4 6 1
33.108 3 6 1
33.299 2 6 1
33.394 1 6 1
33.584 4 6 1
33.68 2 6 1
33.965 4 6 1
34.251 4 6 1
34.537 3 6 1
34.823 3 6 1
35.108 4 6 1
35.394 3 6 1
35.584 2 6 1
35.68 1 6 1
35.87 1 6 1
36.251 2 6 1
36.537 3 6 1
36.822 4 6 1
37.108 4 6 1
37.394 1 6 1
37.68 2 6 1
37.87 4 6 1
37.965 3 6 1
38.156 1 6 1
38.251 4 6 1
38.537 1 6 1
38.822 2 6 1
39.108 4 6 1
39.394 4 6 1
39.68 4 6 1
39.965 3 6 1
40.251 1 6 1
40.537 1 6 1
40.822 1 6 1
41.108 2 6 1
41.394 3 6 1
41.68 3 6 1
41.965 3 6 1
42.156 2 6 1
42.251 3 6 1
42.441 3 6 1
42.537 1 6 1
42.822 1 6 1
43.108 1 6 1
43.299 3 6 1
43.394 1 6 1
43.584 2 6 1
43.679 4 6 1
43.679 3 6 1
43.965 2 6 1
43.965 3 6 1
44.251 1 6 1
44.251 2 6 1
44.537 3 6 1
44.537 4 6 1
44.822 1 6 1
44.822 2 6 1
45.298 3 6 1
45.394 2 6 1
45.584 4 6 1
45.679 3 6 1
45.87 1 6 1
45.965 2 6 1
45.965 4 6 1
46.441 3 6 1
46.537 1 6 1
46.537 4 6 1
46.727 3 6 1
46.822 1 6 1
47.013 3 6 1
47.108 1 6 34.32
47.108 4 6 1
47.584 2 6 1
47.679 3 6 1
47.679 4 6 1
47.87 2 6 1
47.965 4 6 1
48.156 1 6 1
48.251 4 6 1
48.537 2 6 1
48.822 1 6 1
48.822 2 6 1
49.108 1 6 1
49.394 3 6 1
49.394 4 6 34.2
49.679 1 6 1
49.87 1 6 1
49.965 2 6 1
50.156 1 6 1
50.251 3 6 1
50.441 2 6 1
50.536 4 6 34.32
50.822 2 6 1
51.013 3 6 1
51.108 1 6 1
51.108 2 6 1
51.298 4 6 1
51.394 3 6 1
51.584 2 6 1
51.679 1 6 1
51.679 4 6 34.32
52.155 2 6 1
52.251 1 6 1
52.251 4 6 1
52.441 3 6 1
52.536 2 6 1
52.727 4 6 1
52.822 2 6 1
53.108 4 6 1
53.394 2 6 1
53.394 3 6 1
53.679 1 6 1
53.965 1 6 34.32
54.155 2 6 1
54.251 4 6 1
54.441 4 6 1
54.536 2 6 1
54.727 3 6 1
54.822 1 6 1
55.013 4 6 1
55.108 3 6 1
55.108 2 6 1
55.394 1 6 1
55.584 4 6 1
55.679 1 6 1
55.679 2 6 1
55.87 3 6 1
55.965 1 6 1
56.155 3 6 1
56.251 1 6 1
56.251 4 6 34.2
56.536 2 6 1
56.727 3 6 1
56.822 1 6 1
56.822 2 6 1
57.013 4 6 1
57.108 2 6 1
57.298 4 6 1
57.393 2 6 1
57.679 1 6 1
57.965 1 6 1
57.965 2 6 1
58.251 3 6 1
58.536 1 6 1
58.536 4 6 34.32
58.822 3 6 1
59.012 1 6 1
59.108 3 6 1
59.108 4 6 1
59.298 2 6 1
59.393 4 6 1
59.584 1 6 1
59.679 3 6 1
59.679 4 6 34.32
59.965 2 6 1
60.155 3 6 1
60.251 1 6 1
60.251 4 6 1
60.441 2 6 1
60.536 1 6 1
60.727 3 6 1
60.822 4 6 1
60.822 1 6 34.32
61.298 2 6 1
61.393 3 6 1
61.393 4 6 1
61.584 2 6 1
61.679 1 6 1
61.87 2 6 1
61.965 3 6 1
61.965 4 6 1
62.251 4 6 1
62.536 1 6 1
62.536 3 6 1
62.822 4 6 1
63.108 1 6 1
63.108 2 6 1
63.393 2 6 1
63.584 4 6 1
63.679 1 6 1
63.87 1 6 1
63.965 3 6 1
64.155 4 6 1
64.25 2 6 1
64.25 3 6 1
64.536 1 6 1
64.822 3 6 1
64.822 4 6 1
65.108 2 6 1
65.298 4 6 1
65.393 1 6 1
65.393 2 6 1
65.584 3 6 1
65.679 1 6 1
65.965 4 6 1
65.965 1 6 1
66.25 4 6 1
66.536 1 6 1
66.536 2 6 1
66.822 1 6 1
67.108 2 6 1
67.108 4 6 1
67.393 3 6 1
67.584 1 6 1
67.679 2 6 1
67.869 4 6 1
67.965 1 6 1
68.25 1 6 1
68.25 2 6 1
68.536 3 6 1
68.536 4 6 1
68.822 1 6 1
68.822 2 6 1
69.108 4 6 1
69.393 1 6 1
69.393 3 6 1
69.679 1 6 1
69.869 3 6 1
69.965 2 6 1
69.965 3 6 1
70.155 4 6 1
70.25 1 6 1
70.536 1 6 1
70.536 3 6 1
70.822 4 6 1
71.107 1 6 1
71.107 2 6 1
71.393 3 6 1
71.679 1 6 1
71.679 3 6 1
71.965 4 6 1
72.155 2 6 1
72.25 1 6 1
72.25 3 6 1
72.441 4 6 1
72.536 3 6 1
72.822 1 6 1
72.822 2 6 1
73.107 3 6 1
73.107 4 6 1
73.393 1 6 1
73.393 3 6 1
73.679 1 6 1
73.965 1 6 1
73.965 3 6 1
74.25 4 6 1
74.441 2 6 1
74.536 1 6 1
74.726 4 6 1
74.822 2 6 1
75.107 2 6 1
75.107 4 6 1
75.393 1 6 1
75.679 2 6 1
75.679 1 6 1
75.965 4 6 1
76.25 1 6 1
76.25 3 6 1
76.536 4 6 1
76.726 3 6 1
76.822 2 6 1
76.822 1 6 1
77.012 4 6 1
77.107 2 6 1
77.393 1 6 1
77.393 3 6 1
77.679 2 6 1
77.679 4 6 1
77.964 1 6 1
77.964 3 6 1
78.25 2 6 1
78.536 1 6 1
78.726 3 6 1
78.822 2 6 1
79.012 2 6 1
79.107 1 6 1
79.107 4 6 1
79.393 1 6 1
79.679 1 6 1
79.679 2 6 1
79.869 4 6 1
79.964 3 6 1
80.155 1 6 1
80.25 2 6 1
80.536 1 6 1
80.536 3 6 1
80.822 3 6 1
80.822 4 6 1
81.107 1 6 1
81.107 2 6 1
81.393 3 6 1
81.393 4 6 1
81.869 2 6 1
81.964 3 6 1
82.155 4 6 1
82.25 1 6 1
82.441 3 6 1
82.536 1 6 34.32
82.536 2 6 1
82.822 4 6 1
83.012 3 6 1
83.107 2 6 1
83.107 4 6 1
83.298 3 6 1
83.393 2 6 1
83.583 3 6 1
83.679 1 6 34.2
83.679 4 6 1
83.964 3 6 1
84.155 2 6 1
84.25 1 6 1
84.25 4 6 1
84.441 2 6 1
84.536 4 6 1
84.726 2 6 1
84.821 1 6 1
84.821 3 6 1
85.107 4 6 1
85.393 2 6 1
85.393 1 6 1
85.679 4 6 34.2
85.964 3 6 34.32
85.964 1 6 1
86.25 2 6 1
86.441 1 6 1
86.536 3 6 1
86.536 4 6 1
86.726 1 6 1
86.821 3 6 1
87.012 1 6 1
87.107 4 6 34.32
87.393 3 6 1
87.583 2 6 1
87.679 1 6 1
87.679 4 6 1
87.869 2 6 1
87.964 3 6 1
88.155 2 6 1
88.25 3 6 1
88.25 4 6 34.32
88.726 1 6 1
88.821 2 6 1
88.821 3 6 1
89.012 4 6 1
89.107 2 6 1
89.298 2 6 1
89.393 1 6 1
89.393 4 6 1
89.679 3 6 1
89.964 4 6 1
89.964 2 6 1
90.25 1 6 1
90.25 2 6 1
90.536 3 6 1
90.536 4 6 1
90.821 2 6 1
91.012 1 6 1
91.107 2 6 1
91.298 4 6 1
91.393 3 6 1
91.583 4 6 1
91.678 2 6 1
91.678 3 6 1
91.964 1 6 1
92.155 4 6 1
92.25 1 6 1
92.25 2 6 1
92.44 3 6 1
92.536 2 6 1
92.726 4 6 1
92.821 2 6 1
92.821 1 6 34.32
93.107 3 6 1
93.298 2 6 1
93.393 1 6 1
93.393 4 6 1
93.583 3 6 1
93.678 2 6 1
93.869 4 6 1
93.964 1 6 1
93.964 2 6 1
94.25 2 6 1
94.536 3 6 1
94.536 4 6 1
94.821 1 6 1
95.107 2 6 1
95.107 4 6 34.32
95.393 1 6 1
95.583 2 6 1
95.678 3 6 1
95.678 4 6 1
95.869 1 6 1
95.964 2 6 1
96.155 1 6 1
96.25 3 6 1
96.25 4 6 1
96.536 2 6 1
96.726 1 6 1
96.821 3 6 1
96.821 4 6 1
97.012 2 6 1
97.107 3 6 1
97.297 4 6 1
97.393 1 6 34.2
97.393 2 6 1
97.678 3 6 1
97.869 4 6 1
97.964 1 6 1
97.964 2 6 1
98.155 4 6 1
98.25 3 6 1
98.44 2 6 1
98.535 1 6 1
98.535 3 6 1
98.821 4 6 1
99.107 2 6 1
99.107 3 6 1
99.393 1 6 1
99.678 4 6 1
99.678 2 6 1
99.964 3 6 1
100.155 3 6 1
100.25 2 6 1
100.25 4 6 1
100.44 1 6 1
100.535 3 6 1
100.726 1 6 1
100.821 4 6 1
100.821 3 6 1
101.107 2 6 1
101.393 1 6 1
101.393 4 6 1
101.678 3 6 1
101.869 4 6 1
101.964 2 6 1
102.154 2 6 1
102.25 4 6 1
102.535 4 6 1
102.821 3 6 1
103.107 1 6 34.32
103.107 4 6 1
103.393 3 6 1
103.678 1 6 1
103.678 2 6 1
103.964 3 6 1
104.154 4 6 1
104.25 1 6 1
104.25 2 6 1
104.44 3 6 1
104.535 1 6 1
104.821 2 6 1
104.821 4 6 1
105.107 1 6 1
105.107 2 6 1
105.392 2 6 1
105.678 1 6 1
105.869 4 6 1
105.964 1 6 1
105.964 2 6 1
106.25 4 6 1
106.44 1 6 1
106.535 2 6 1
106.535 3 6 1
106.726 3 6 1
106.821 1 6 1
106.821 2 6 1
107.107 1 6 1
107.107 4 6 1
107.392 1 6 1
107.392 2 6 1
107.678 1 6 34.32
107.678 2 6 1
107.964 3 6 1
108.154 4 6 1
108.25 2 6 34.2
108.25 3 6 1
108.535 4 6 1
108.726 3 6 1
108.821 1 6 1
108.821 2 6 1
109.011 1 6 1
109.107 4 6 1
109.392 1 6 1
109.392 2 6 1
109.678 4 6 1
109.964 1 6 1
109.964 3 6 34.32
110.25 2 6 1
110.535 2 6 1
110.535 4 6 1
110.821 4 6 1
111.011 2 6 1
111.107 4 6 1
111.297 1 6 1
111.392 2 6 1
111.678 1 6 1
111.678 3 6 1
111.964 4 6 1
112.249 1 6 34.32
112.249 2 6 1
112.535 4 6 1
112.821 2 6 1
112.821 4 6 34.32
113.107 3 6 1
113.297 1 6 1
113.392 2 6 1
113.583 3 6 1
113.678 2 6 1
113.964 3 6 1
113.964 4 6 1
114.249 3 6 1
114.535 1 6 1
114.535 4 6 1
114.821 1 6 1
115.011 2 6 1
115.107 1 6 1
115.297 3 6 1
115.392 2 6 1
115.583 3 6 1
115.678 2 6 1
115.678 4 6 1
115.964 4 6 1
116.154 3 6 1
116.249 4 6 1
116.249 2 6 1
116.44 1 6 1
116.535 2 6 1
116.726 4 6 1
116.821 3 6 1
117.107 1 6 1
117.107 2 6 1
117.392 3 6 1
117.392 4 6 1
117.678 1 6 1
117.678 2 6 1
117.964 2 6 1
117.964 4 6 1
119.107 3 6 1
121.481 2 6 1
122.053 1 6 68.52
122.624 4 6 443.64
123.749 3 6 1
126.035 2 6 137.16
126.606 4 6 68.64
127.178 3 6 137.16
127.749 2 6 68.64
128.321 1 6 1
128.321 4 6 1
128.606 2 6 1
128.892 1 6 1
129.178 1 6 1
129.374 2 6 1
129.463 4 6 1
129.66 2 6 1
129.749 3 6 1
130.035 3 6 1
130.321 4 6 1
130.606 3 6 1
130.606 2 6 1
130.892 1 6 1
131.178 2 6 1
131.463 1 6 1
131.66 4 6 1
131.749 2 6 1
131.946 1 6 1
132.035 3 6 1
132.321 4 6 1
132.606 1 6 1
132.892 2 6 1
132.892 3 6 1
133.178 1 6 1
133.463 4 6 1
133.749 4 6 1
133.945 3 6 1
134.035 4 6 1
134.231 1 6 1
134.32 3 6 1
134.606 1 6 1
134.892 4 6 1
135.088 4 6 1
135.178 1 6 1
135.178 3 6 1
135.463 2 6 1
135.749 4 6 1
136.035 3 6 1
136.231 1 6 1
136.32 2 6 1
136.517 3 6 1
136.606 2 6 1
136.892 2 6 1
137.178 4 6 1
137.463 2 6 1
137.463 4 6 1
137.749 1 6 1
138.035 3 6 1
138.32 3 6 1
138.517 1 6 1
138.606 3 6 1
138.606 4 6 1
138.803 1 6 1
138.892 4 6 1
139.178 2 6 1
139.463 3 6 1
139.463 4 6 1
139.749 3 6 1
139.749 1 6 1
140.035 1 6 1
140.32 1 6 1
140.606 2 6 1
140.802 4 6 1
140.892 1 6 1
140.892 3 6 1
141.088 4 6 1
141.177 1 6 1
141.463 1 6 1
141.749 4 6 1
141.749 2 6 1
142.035 1 6 1
142.035 3 6 1
142.32 1 6 1
142.606 3 6 1
142.785 4 6 1
142.892 2 6 1
143.07 3 6 1
143.177 1 6 1
143.463 3 6 1
143.642 2 6 1
143.749 4 6 1
143.945 1 6 1
144.035 3 6 1
144.231 2 6 1
144.32 3 6 1
144.32 4 6 1
144.606 1 6 1
144.606 3 6 1
144.892 3 6 1
144.892 4 6 1
145.177 1 6 1
145.177 2 6 1
145.463 3 6 1
145.463 4 6 1
145.945 1 6 1
146.035 2 6 1
146.231 1 6 1
146.32 3 6 1
146.517 1 6 1
146.606 4 6 34.32
146.606 2 6 1
146.892 2 6 1
147.088 3 6 1
147.177 1 6 1
147.374 3 6 1
147.463 1 6 1
147.659 3 6 1
147.749 1 6 1
148.034 2 6 1
148.231 3 6 1
148.32 1 6 1
148.32 2 6 1
148.517 4 6 1
148.606 2 6 1
148.802 4 6 1
148.892 2 6 1
149.177 1 6 1
149.463 3 6 1
149.463 2 6 1
149.749 4 6 1
150.034 1 6 34.32
150.034 2 6 1
150.32 4 6 1
150.499 3 6 1
150.606 2 6 1
150.802 4 6 1
150.892 1 6 1
151.088 3 6 1
151.177 4 6 34.32
151.463 2 6 1
151.642 3 6 1
151.749 2 6 1
151.749 1 6 1
151.945 3 6 1
152.034 1 6 1
152.231 2 6 1
152.32 4 6 34.32
152.802 2 6 1
152.892 3 6 1
152.892 4 6 1
153.088 1 6 1
153.177 2 6 1
153.374 3 6 1
153.463 4 6 1
153.463 2 6 1
153.749 1 6 1
154.034 2 6 1
154.034 3 6 1
154.32 4 6 1
154.606 3 6 68.52
155.088 2 6 1
155.177 1 6 1
155.374 4 6 1
155.463 2 6 1
155.659 1 6 1
155.749 3 6 1
156.034 2 6 1
156.231 1 6 1
156.32 2 6 1
156.32 4 6 1
156.516 3 6 1
156.606 4 6 1
156.802 2 6 1
156.891 1 6 34.32
156.891 4 6 1
157.177 2 6 1
157.374 3 6 1
157.463 1 6 1
157.463 4 6 1
157.659 2 6 1
157.749 4 6 1
157.945 2 6 1
158.034 1 6 1
158.034 2 6 1
158.32 4 6 1
158.606 1 6 1
158.606 2 6 1
158.891 4 6 1
159.177 1 6 57.84
159.177 2 6 1
159.659 4 6 1
159.749 1 6 1
159.749 2 6 1
159.945 4 6 1
160.034 2 6 1
160.231 4 6 1
160.32 1 6 1
160.32 2 6 1
160.802 2 6 1
160.891 4 6 1
160.891 3 6 1
161.088 2 6 1
161.177 1 6 1
161.373 3 6 1
161.463 1 6 1
161.463 4 6 34.2
161.748 2 6 1
161.945 1 6 1
162.034 2 6 1
162.034 4 6 1
162.231 2 6 1
162.32 4 6 1
162.516 2 6 1
162.606 1 6 1
162.606 3 6 1
162.891 2 6 1
163.177 1 6 1
163.177 3 6 1
163.463 4 6 1
163.748 1 6 1
163.748 3 6 1
164.034 4 6 1
164.231 2 6 1
164.32 4 6 1
164.516 3 6 1
164.606 1 6 1
164.802 1 6 1
164.891 2 6 1
164.891 3 6 1
165.177 4 6 1
165.463 1 6 1
165.463 4 6 1
165.748 1 6 1
165.945 4 6 1
166.034 2 6 1
166.231 3 6 1
166.32 1 6 1
166.606 2 6 1
166.606 4 6 1
166.891 4 6 1
167.177 1 6 1
167.177 2 6 1
167.463 4 6 1
167.748 1 6 1
167.748 2 6 1
168.034 3 6 1
168.213 1 6 1
168.32 2 6 1
168.32 4 6 1
168.516 3 6 1
168.605 1 6 1
168.891 3 6 1
168.891 4 6 1
169.177 1 6 1
169.177 2 6 1
169.463 1 6 1
169.748 3 6 1
170.034 3 6 1
170.034 4 6 1
170.32 2 6 1
170.516 1 6 1
170.605 3 6 1
170.802 1 6 1
170.891 4 6 1
171.177 1 6 1
171.177 3 6 1
171.463 2 6 1
171.748 3 6 1
171.748 4 6 1
172.034 1 6 1
172.32 2 6 1
172.32 4 6 1
172.605 4 6 1
172.802 3 6 1
172.891 2 6 1
173.088 4 6 1
173.177 3 6 1
173.463 1 6 1
173.463 2 6 1
173.748 3 6 1
173.748 4 6 1
174.034 1 6 1
174.034 3 6 1
174.32 1 6 1
174.605 2 6 1
174.605 4 6 1
174.891 1 6 1
175.088 3 6 1
175.177 1 6 1
175.177 2 6 1
175.373 4 6 1
175.462 1 6 1
175.748 2 6 1
175.748 4 6 1
176.034 1 6 1
176.32 2 6 1
176.32 4 6 1
176.605 4 6 1
176.891 1 6 1
176.891 2 6 1
177.177 4 6 1
177.355 1 6 1
177.462 2 6 1
177.641 4 6 1
177.748 3 6 1
178.034 1 6 1
178.034 2 6 1
178.32 3 6 1
178.32 4 6 1
178.605 1 6 1
178.605 3 6 1
178.891 4 6 1
179.07 3 6 1
179.177 4 6 1
179.355 2 6 1
179.462 3 6 1
179.641 2 6 1
179.748 3 6 1
179.748 4 6 1
180.034 2 6 1
180.32 2 6 1
180.32 3 6 1
180.498 1 6 1
180.605 2 6 1
180.784 3 6 1
180.891 2 6 1
180.891 4 6 1
181.177 1 6 1
181.177 2 6 1
181.462 3 6 1
181.462 4 6 1
181.748 3 6 1
181.748 2 6 1
182.034 1 6 1
182.034 2 6 1