4.962 1 6 1
4.962 4 6 1
5.583 2 6 1
5.79 4 6 1
6.203 1 6 1
6.617 3 6 1
7.445 2 6 1
8.272 1 6 1
8.893 2 6 1
9.1 2 6 1
9.514 4 6 1
9.928 2 6 1
10.755 1 6 1
11.583 3 6 1
11.996 3 6 1
12.41 2 6 1
12.824 2 6 1
13.238 4 6 1
14.065 3 6 1
14.893 1 6 1
15.721 3 6 1
16.548 1 6 1
17.376 4 6 1
18.203 1 6 1
19.031 3 6 1
19.859 3 6 1
20.686 1 6 1
21.514 3 6 1
22.341 2 6 1
22.755 4 6 1
23.169 1 6 1
23.997 2 6 1
24.1 1 6 1
24.824 1 6 1
25.652 4 6 1
26.479 2 6 1
27.307 1 6 1
28.134 4 6 1
28.962 3 6 1
29.79 3 6 1
30.617 2 6 1
30.617 3 6 1
31.445 1 6 1
31.445 4 6 1
31.755 2 6 1
32.065 2 6 1
32.272 4 6 1
32.479 3 6 1
32.893 2 6 1
33.1 1 6 1
33.1 4 6 1
33.307 2 6 1
33.514 3 6 1
33.721 1 6 1
33.928 4 6 1
34.134 2 6 1
34.341 3 6 1
34.755 1 6 1
34.755 4 6 1
35.065 2 6 1
35.169 2 6 1
35.376 2 6 1
35.583 1 6 1
35.79 3 6 1
35.997 4 6 1
36.203 3 6 1
36.41 1 6 1
36.41 2 6 1
36.617 3 6 1
37.031 2 6 1
37.238 2 6 99.24
37.445 4 6 1
37.652 3 6 1
38.065 1 6 1
38.065 4 6 1
38.272 3 6 1
38.479 3 6 1
38.893 4 6 1
39.1 2 6 1
39.514 4 6 1
39.721 1 6 1
39.721 3 6 1
40.031 2 6 1
40.341 2 6 1
40.548 4 6 1
40.755 3 6 1
40.962 2 6 1
41.376 1 6 1
41.376 3 6 99.24
41.79 2 6 1
42.203 2 6 49.68
42.203 4 6 1
42.617 3 6 49.68
43.031 1 6 1
43.031 4 6 99.36
43.445 2 6 1
43.859 1 6 99.24
43.859 3 6 1
44.065 2 6 1
44.272 4 6 1
44.686 2 6 1
44.686 4 6 1
44.893 3 6 1
45.1 3 6 1
45.514 3 6 1
45.721 1 6 1
45.928 3 6 1
46.341 4 6 1
46.548 3 6 1
46.755 2 6 1
46.962 2 6 1
47.169 1 6 1
47.376 3 6 1
47.997 4 6 1
48.203 2 6 1
48.41 3 6 1
48.617 3 6 1
48.824 3 6 1
49.031 2 6 1
49.238 2 6 1
49.445 1 6 1
49.859 1 6 1
50.065 2 6 1
50.479 3 6 1
50.686 4 6 1
51.1 4 6 1
51.307 2 6 1
51.514 1 6 1
51.721 1 6 1
51.928 1 6 1
52.134 3 6 1
52.341 2 6 1
52.548 3 6 1
52.755 2 6 1
52.962 4 6 1
53.169 2 6 1
53.376 4 6 1
53.583 2 6 1
53.79 2 6 1
53.997 4 6 1
54.203 2 6 1
54.617 1 6 1
54.824 3 6 1
55.031 4 6 1
55.238 2 6 1
55.445 3 6 1
55.652 4 6 1
55.859 2 6 1
56.066 1 6 1
56.272 2 6 1
56.376 3 6 1
56.479 1 6 1
56.583 1 6 1
56.686 3 6 1
56.893 2 6 1
57.1 3 6 1
57.514 3 6 1
57.928 1 6 1
57.928 4 6 49.56
58.341 3 6 24.84
58.548 1 6 24.84
58.755 4 6 1
58.755 3 6 24.84
58.962 2 6 24.84
59.169 1 6 24.84
59.376 3 6 74.52
59.997 2 6 49.56
60.41 1 6 1
60.41 4 6 49.68
60.824 2 6 49.68
61.238 1 6 74.52
61.238 3 6 1
61.652 4 6 1
61.859 2 6 24.84
61.859 3 6 1
62.066 1 6 99.24
62.066 4 6 1
62.479 2 6 1
62.893 2 6 49.68
63.307 3 6 49.68
63.721 1 6 1
63.721 4 6 49.56
64.134 3 6 49.68
64.548 1 6 1
64.548 2 6 49.68
64.548 4 6 1
64.962 1 6 24.84
65.169 2 6 24.84
65.169 4 6 1
65.376 4 6 49.68
65.376 3 6 1
65.583 1 6 1
65.79 2 6 49.56
66.203 3 6 99.36
66.617 2 6 1
67.031 1 6 1
67.031 4 6 24.84
67.238 3 6 1
67.445 2 6 49.68
67.652 4 6 1
67.859 1 6 99.24
68.066 3 6 1
68.169 4 6 1
68.272 2 6 1
68.479 3 6 1
68.686 2 6 24.84
68.686 4 6 1
68.893 1 6 74.52
69.1 3 6 1
69.307 2 6 1
69.514 3 6 1
69.617 4 6 1
69.721 2 6 1
69.824 4 6 1
69.928 2 6 1
69.928 3 6 1
70.134 1 6 1
70.341 2 6 1
70.341 4 6 1
70.548 4 6 1
70.755 2 6 1
70.962 3 6 1
71.169 1 6 49.68
71.169 4 6 1
71.583 2 6 49.68
71.79 4 6 1
71.79 3 6 1
71.997 1 6 24.72
71.997 4 6 1
72.203 2 6 24.84
72.41 3 6 49.68
72.617 2 6 1
72.824 4 6 49.68
73.238 2 6 34.08
73.652 1 6 1
73.652 2 6 49.68
74.066 3 6 49.56
74.479 1 6 74.52
74.893 2 6 1
75.1 4 6 1
75.307 1 6 16.56
75.307 3 6 1
75.514 1 6 74.4
75.721 4 6 1
76.134 2 6 99.36
76.548 3 6 1
76.962 4 6 49.68
77.376 3 6 49.68
77.79 1 6 1
77.79 2 6 49.56
78.203 4 6 24.84
78.41 3 6 24.84
78.617 1 6 49.68
78.617 2 6 1
78.824 4 6 1
79.031 3 6 49.68
79.445 2 6 49.68
79.859 4 6 49.56
80.272 1 6 1
80.272 2 6 49.68
80.686 3 6 49.68
80.893 4 6 1
81.1 1 6 1
81.1 2 6 198.6
81.307 4 6 1
81.41 1 6 1
81.514 3 6 1
81.721 1 6 1
81.928 1 6 1
81.928 4 6 1
82.134 3 6 1
82.341 4 6 1
82.548 3 6 1
82.755 1 6 1
82.859 4 6 1
82.962 3 6 1
83.066 2 6 1
83.169 4 6 1
83.376 2 6 1
83.583 1 6 1
83.583 4 6 1
83.79 3 6 1
83.997 2 6 1
83.997 4 6 1
84.203 3 6 1
84.41 1 6 1
84.41 4 6 1
84.824 1 6 16.56
85.031 1 6 24.84
85.238 2 6 1
85.238 4 6 24.84
86.066 4 6 49.56
86.479 2 6 49.68
86.893 1 6 1
86.893 3 6 49.68
87.307 2 6 49.68
87.721 4 6 1
87.721 1 6 99.24
88.548 2 6 1
88.548 4 6 1
88.962 1 6 1
89.169 2 6 1
89.376 4 6 49.68
89.79 3 6 37.2
90.203 1 6 49.68
90.203 4 6 1
90.617 4 6 49.68
91.031 1 6 1
91.031 3 6 148.92
91.859 1 6 1
92.272 2 6 1
92.686 1 6 49.68
93.1 4 6 49.68
93.514 1 6 49.68
93.928 3 6 49.56
94.341 4 6 1
94.652 3 6 1
94.755 4 6 1
94.755 2 6 1
95.169 4 6 1
95.169 2 6 1
95.583 4 6 1
95.997 4 6 1
96.1 2 6 1
96.203 3 6 1
96.307 2 6 1
96.41 1 6 1
96.617 2 6 1
96.824 3 6 1
96.824 4 6 1
97.031 2 6 1
97.238 3 6 1
97.445 2 6 1
97.445 3 6 1
97.652 1 6 1
97.652 4 6 198.6
98.272 2 6 1
98.479 1 6 1
98.893 1 6 1
99.307 3 6 49.68
99.721 1 6 1
99.721 2 6 49.68
100.135 3 6 49.56
100.548 2 6 49.68
100.962 1 6 136.56
101.79 4 6 1
102.203 2 6 1
102.617 1 6 1
102.617 3 6 49.68
103.031 4 6 49.68
103.445 3 6 1
103.445 1 6 49.68
103.859 3 6 49.56
104.272 2 6 149.04
104.686 4 6 1
105.1 4 6 1
105.514 1 6 49.68
105.928 3 6 49.56
106.341 1 6 1
106.341 2 6 49.68
106.755 1 6 49.68
107.169 3 6 49.68
107.583 2 6 99.24
107.997 4 6 1
108.41 1 6 1
108.41 3 6 1
108.824 3 6 1
109.238 4 6 1
109.341 2 6 1
109.445 3 6 1
109.548 2 6 1
109.652 4 6 1
109.859 3 6 1
110.066 4 6 1
110.479 2 6 1
110.893 1 6 1
110.893 3 6 49.68
111.307 4 6 24.84
111.514 2 6 24.84
111.721 1 6 1
111.721 3 6 24.84
111.928 1 6 24.84
112.135 2 6 24.72
112.341 3 6 62.16
112.548 4 6 1
112.962 3 6 49.68
113.376 1 6 49.68
113.376 2 6 1
113.79 3 6 49.56
114.203 4 6 49.68
114.617 3 6 49.68
114.824 1 6 1
114.824 2 6 1
115.031 1 6 1
115.031 4 6 99.36
115.341 1 6 1
115.445 1 6 1
115.859 2 6 49.56
116.272 3 6 49.68
116.686 2 6 49.68
116.686 4 6 1
117.1 3 6 49.68
117.514 1 6 49.68
117.514 4 6 1
117.928 3 6 49.56
118.135 2 6 1
118.135 4 6 1
118.341 4 6 12.48
118.341 1 6 1
118.548 4 6 24.84
118.755 3 6 49.68
118.962 2 6 1
119.169 2 6 49.68
119.583 3 6 49.68
119.997 1 6 49.56
119.997 4 6 1
120.41 3 6 24.84
120.617 4 6 124.2
120.824 1 6 1
121.031 1 6 1
121.135 2 6 1
121.238 3 6 1
121.445 2 6 1
121.652 2 6 1
121.652 3 6 99.24
121.859 1 6 1
122.066 4 6 1
122.479 2 6 1
122.583 2 6 1
122.686 4 6 1
122.79 3 6 1
122.893 4 6 1
123.307 1 6 1
123.307 4 6 1
123.514 3 6 1
123.721 2 6 1
123.928 2 6 1
124.135 1 6 1
124.135 4 6 1
124.548 2 6 24.84
124.755 3 6 24.84
124.962 1 6 24.84
124.962 4 6 1
125.169 2 6 24.84
125.376 3 6 49.68
125.583 1 6 1
125.79 4 6 49.56
126.203 3 6 49.68
126.617 1 6 1
126.617 2 6 49.68
127.031 1 6 49.68
127.445 3 6 99.24
127.859 4 6 1
128.066 1 6 1
128.272 1 6 1
128.272 4 6 99.36
128.479 2 6 1
128.686 2 6 1
128.79 3 6 1
128.893 2 6 1
129.1 1 6 99.36
129.514 2 6 1
129.928 2 6 49.56
129.928 3 6 1
130.341 3 6 49.68
130.755 1 6 1
130.755 4 6 49.68
131.169 2 6 24.84
131.376 3 6 24.84
131.583 1 6 49.68
131.583 2 6 1
131.79 2 6 1
131.997 4 6 1
132.204 2 6 8.16
132.41 2 6 49.68
132.824 1 6 49.68
133.238 2 6 12.36
133.238 4 6 1
133.445 2 6 24.84
133.652 3 6 49.68
134.066 2 6 1
134.066 4 6 99.24
134.272 1 6 1
134.376 3 6 1
134.479 2 6 1
134.686 1 6 1
134.893 2 6 1
134.893 3 6 99.36
135.1 4 6 1
135.307 1 6 1
135.514 2 6 1
135.721 4 6 1
135.824 1 6 1
135.928 2 6 1
136.031 4 6 1
136.135 1 6 1
136.341 2 6 1
136.548 1 6 1
136.548 4 6 1
136.962 3 6 1
137.376 1 6 1
137.376 4 6 1
137.79 3 6 1
137.997 2 6 1
138.204 4 6 1
138.41 1 6 1
138.617 1 6 1
139.031 2 6 1
139.445 2 6 1
139.652 4 6 1
139.859 1 6 1
140.066 2 6 1
140.272 4 6 1
140.686 2 6 1
140.686 3 6 1
141.1 4 6 1
141.307 1 6 1
141.514 1 6 1
141.721 3 6 1
141.928 4 6 1
142.341 1 6 1
142.755 4 6 1
142.962 2 6 1
143.169 3 6 1
143.376 1 6 1
143.583 4 6 1
143.997 2 6 1
143.997 4 6 1
144.41 2 6 1
144.617 3 6 1
144.824 1 6 1
145.031 2 6 1
145.238 4 6 1
145.652 4 6 1
146.066 1 6 1
146.272 3 6 1
146.479 2 6 1
146.686 1 6 1
146.893 4 6 1
147.307 2 6 1
147.307 3 6 1
147.721 2 6 1
147.928 4 6 1
148.135 1 6 1
148.548 3 6 1
150.617 1 6 1
150.617 4 6 1
151.031 2 6 1
151.445 3 6 1
152.272 1 6 1
152.272 4 6 1
152.686 4 6 1
152.893 1 6 1
153.1 3 6 1
153.514 3 6 1
153.928 1 6 1
153.928 4 6 1
155.583 2 6 1
155.583 4 6 1
155.997 1 6 1
156.204 4 6 1
156.41 3 6 1
156.824 2 6 1
157.238 1 6 1
157.238 4 6 1
158.893 4 6 1
158.893 2 6 1
159.307 1 6 1
159.514 2 6 1
159.514 4 6 1
159.721 2 6 1
160.135 3 6 1
160.548 1 6 1
160.548 4 6 1
160.962 2 6 1
161.376 3 6 1
161.79 1 6 1
162.204 2 6 49.56
162.617 3 6 49.68
163.031 4 6 49.68
163.445 2 6 49.68
163.859 4 6 1
163.859 1 6 1
164.479 1 6 1
164.686 1 6 1
164.893 2 6 1
165.307 3 6 1
165.514 1 6 1
165.514 4 6 1
165.824 2 6 1
166.135 3 6 1
166.341 1 6 1
166.548 4 6 1
167.169 1 6 1
167.169 4 6 1
167.376 2 6 1
167.79 2 6 1
167.997 4 6 1
168.204 2 6 1
168.41 3 6 1
168.824 2 6 1
168.824 4 6 49.68
169.238 1 6 1
169.445 2 6 1
169.652 1 6 1
169.652 4 6 49.68
169.859 3 6 1
170.066 2 6 1
170.479 4 6 1
170.479 2 6 1
170.686 3 6 1
171.1 3 6 1
171.307 2 6 1
171.514 2 6 1
171.928 1 6 1
172.135 1 6 1
172.135 4 6 1
172.341 2 6 1
172.755 2 6 1
172.962 4 6 1
173.169 1 6 1
173.376 3 6 1
173.79 1 6 1
173.79 3 6 148.92
174.204 2 6 1
174.617 1 6 1
174.617 4 6 1
175.031 2 6 49.68
175.445 1 6 99.36
175.445 4 6 1
175.859 3 6 1
176.273 2 6 99.24
176.273 4 6 1
176.686 4 6 1
177.1 1 6 1
177.1 3 6 1
177.307 2 6 1
177.514 1 6 1
177.928 2 6 1
178.135 2 6 1
178.341 3 6 1
178.548 1 6 1
178.962 3 6 1
179.169 2 6 1
179.583 2 6 1
179.79 1 6 1
180.41 4 6 1
180.617 3 6 1
181.031 3 6 1
181.238 2 6 1
181.445 2 6 1
181.652 1 6 1
181.859 2 6 1
182.273 4 6 1
182.479 3 6 1
182.686 2 6 1
182.893 3 6 1
183.1 1 6 1
183.307 2 6 1
183.514 1 6 1
183.721 3 6 1
183.928 4 6 1
184.135 3 6 1
184.341 3 6 1
184.548 2 6 1
184.755 3 6 1
184.962 4 6 1
185.376 4 6 1
185.583 3 6 1
185.79 2 6 1
185.997 3 6 1
186.204 4 6 1
186.41 3 6 1
186.617 4 6 1
187.031 1 6 1
187.238 2 6 1
187.445 3 6 1
187.652 2 6 1
187.859 3 6 1
188.066 1 6 1
188.273 4 6 1
188.479 2 6 1
188.686 3 6 1
188.893 2 6 1
189.1 3 6 1
189.307 1 6 1
189.514 3 6 1
189.928 3 6 1
190.341 1 6 49.68
190.341 4 6 1
190.755 4 6 49.68
190.962 3 6 1
191.169 1 6 1
191.169 2 6 37.2
191.376 3 6 1
191.583 2 6 24.84
191.79 3 6 24.84
191.997 4 6 49.56
192.41 2 6 49.68
192.41 3 6 1
192.824 3 6 49.68
193.238 2 6 49.68
193.652 1 6 49.68
193.652 4 6 1
194.066 3 6 24.84
194.273 2 6 24.72
194.273 4 6 1
194.479 1 6 99.36
194.479 3 6 1
194.686 2 6 1
194.893 3 6 1
195.307 2 6 49.68
195.307 4 6 1
195.721 3 6 49.68
196.135 4 6 49.56
196.135 1 6 1
196.548 2 6 49.68
196.962 1 6 49.68
196.962 4 6 1
197.376 2 6 49.68
197.583 4 6 1
197.79 3 6 1
197.79 4 6 49.68
197.997 1 6 1
198.204 2 6 49.56
198.41 4 6 1
198.617 3 6 49.68
199.031 2 6 49.68
199.445 1 6 1
199.445 4 6 49.68
199.652 2 6 1
199.859 1 6 49.68
200.066 4 6 1
200.273 2 6 49.56
200.273 3 6 1
200.479 3 6 1
200.583 4 6 1
200.686 1 6 24.84
200.893 2 6 124.2
201.1 3 6 1
201.307 4 6 1
201.514 3 6 1
201.721 3 6 1
201.928 3 6 1
202.031 4 6 1
202.135 1 6 1
202.238 2 6 1
202.342 3 6 1
202.548 1 6 1
202.755 4 6 1
202.962 2 6 1
203.169 3 6 1
203.376 1 6 1
203.583 1 6 1
203.583 4 6 99.24
203.997 2 6 1
204.204 2 6 1
204.41 1 6 1
204.41 3 6 24.84
204.617 2 6 24.84
204.824 1 6 24.84
205.031 2 6 24.84
205.238 3 6 49.68
205.652 2 6 1
206.066 1 6 49.56
206.479 3 6 49.68
206.893 2 6 49.68
206.893 4 6 1
207.307 3 6 49.68
207.514 2 6 1
207.721 1 6 1
207.721 4 6 99.24
207.928 1 6 1
208.135 2 6 1
208.548 3 6 149.04
208.962 2 6 1
209.376 4 6 1
209.376 1 6 1
209.79 2 6 49.68
210.204 1 6 49.56
210.204 4 6 1
210.617 3 6 49.68
210.824 2 6 1
211.031 1 6 1
211.031 4 6 49.68
211.238 3 6 1
211.445 2 6 24.84
211.652 4 6 24.84
211.859 3 6 74.4
212.273 1 6 1
212.686 4 6 49.68
212.893 2 6 1
213.1 3 6 49.68
213.307 2 6 1
213.514 1 6 99.36
213.514 4 6 1
213.721 3 6 1
213.824 4 6 1
213.928 2 6 1
214.135 3 6 1
214.342 2 6 99.24
214.342 4 6 1
214.548 3 6 1
214.755 4 6 1
214.962 1 6 1
215.169 3 6 1
215.273 4 6 1
215.376 1 6 1
215.479 2 6 1
215.583 4 6 1
215.583 3 6 1
215.79 2 6 1
215.997 2 6 1
215.997 4 6 1
216.204 3 6 1
216.41 4 6 1
216.617 2 6 1
216.824 1 6 1
217.445 3 6 1
217.652 1 6 1
217.859 2 6 1
218.066 4 6 1
218.893 3 6 1
219.1 2 6 1
219.307 4 6 1
219.514 1 6 1
219.721 4 6 1
220.135 3 6 1
220.755 2 6 1
220.755 4 6 1
220.962 4 6 1
221.169 2 6 1
221.376 3 6 1
222.204 2 6 1
222.204 4 6 1
222.41 3 6 1
222.617 1 6 1
222.824 3 6 1
223.031 2 6 1
223.445 4 6 1
224.066 1 6 1
224.273 3 6 1
224.479 1 6 1
224.686 3 6 1
224.893 1 6 1
225.514 4 6 1
225.721 2 6 1
225.928 1 6 1
226.135 3 6 1
226.342 2 6 1
226.755 4 6 1
227.376 2 6 1
227.376 3 6 1
227.583 1 6 1
228.824 1 6 1
228.824 4 6 1
