0.489 3 8 1
0.789 4 8 1
1.089 2 8 1
1.389 3 8 1
1.689 1 8 1
1.689 2 8 1
1.989 3 8 1
2.289 1 8 1
2.589 4 8 1
2.889 2 8 1
3.189 3 8 1
3.489 1 8 1
3.789 2 8 1
4.089 3 8 1
4.389 4 8 1
4.689 2 8 1
4.989 3 8 1
5.289 1 8 1
5.289 2 8 1
5.589 4 8 1
5.889 2 8 1
6.189 2 8 1
6.489 3 8 1
6.489 4 8 1
6.789 1 8 1
7.089 3 8 1
7.389 1 8 1
7.689 2 8 1
7.989 1 8 1
8.289 3 8 1
8.589 1 8 1
8.889 4 8 1
9.189 1 8 1
9.189 3 8 1
9.489 4 8 1
9.489 3 8 1
9.789 1 8 1
9.789 2 8 1
10.089 2 8 1
10.089 3 8 1
10.089 4 8 1
10.239 2 8 1
10.289 3 8 1
10.389 1 8 1
10.389 4 8 1
10.464 2 8 1
10.689 3 8 1
10.989 3 8 1
11.289 2 8 1
11.589 1 8 1
11.589 4 8 1
11.889 3 8 1
11.889 4 8 1
12.189 1 8 1
12.189 4 8 1
12.489 1 8 1
12.489 2 8 1
12.639 3 8 1
12.789 2 8 1
12.789 1 8 1
12.889 4 8 1
13.039 3 8 1
13.389 3 8 1
13.689 2 8 1
13.989 1 8 1
13.989 4 8 1
14.289 3 8 1
14.289 4 8 1
14.589 2 8 1
14.589 3 8 1
14.889 1 8 1
14.889 4 8 1
14.939 2 8 1
15.189 1 8 1
15.189 4 8 1
15.489 4 8 1
15.489 2 8 1
15.789 2 8 1
15.789 3 8 1
16.089 1 8 1
16.089 2 8 1
16.689 1 8 1
16.689 2 8 1
16.689 4 8 1
16.989 1 8 1
16.989 4 8 1
17.289 4 8 1
17.289 1 8 1
17.339 2 8 1
17.389 3 8 1
17.439 1 8 1
17.489 4 8 1
17.532 2 8 1
17.589 3 8 1
17.639 4 8 1
17.889 4 8 1
17.889 2 8 1
18.189 3 8 1
18.489 1 8 1
18.489 2 8 1
18.789 2 8 1
18.789 3 8 1
18.789 4 8 1
19.089 2 8 1
19.089 4 8 1
19.389 1 8 1
19.389 3 8 1
19.689 2 8 1
19.689 4 8 1
19.939 4 8 1
19.939 1 8 1
19.989 3 8 1
20.007 2 8 1
20.039 4 8 1
20.589 3 8 1
21.189 1 8 1
21.189 3 8 1
21.489 2 8 1
21.489 4 8 1
21.789 1 8 1
21.789 3 8 1
22.089 2 8 1
22.089 4 8 1
22.239 4 8 1
22.339 2 8 1
22.389 4 8 1
22.389 3 8 1
22.539 4 8 1
22.989 2 8 1
22.989 4 8 1
23.289 3 8 1
23.289 2 8 1
23.589 1 8 1
23.589 3 8 1
23.589 4 8 1
23.739 2 8 1
23.889 3 8 1
23.889 4 8 1
23.989 1 8 1
24.189 2 8 1
24.189 4 8 1
24.289 3 8 1
24.289 1 8 1
24.389 4 8 1
24.439 3 8 1
24.489 2 8 1
24.539 1 8 1
24.539 3 8 1
24.589 4 8 1
24.62 2 8 1
24.639 1 8 1
24.714 2 8 1
24.77 1 8 1
24.789 4 8 1
24.826 3 8 1
24.826 2 8 1
25.089 3 8 1
25.089 4 8 1
25.139 2 8 1
25.189 1 8 1
25.22 4 8 1
25.257 3 8 1
25.289 2 8 1
25.339 4 8 1
25.389 1 8 1
25.439 3 8 1
25.489 2 8 1
25.557 3 8 1
25.632 4 8 1
25.689 2 8 1
25.989 2 8 1
25.989 3 8 1
26.289 1 8 1
26.289 4 8 1
26.589 1 8 1
26.589 3 8 1
26.889 1 8 1
26.889 2 8 1
27.114 2 8 1
27.189 3 8 1
27.264 4 8 1
27.789 2 8 1
28.089 3 8 1
28.389 4 8 1
28.689 3 8 1
28.689 4 8 1
28.989 4 8 1
29.289 2 8 1
29.289 1 8 1
29.345 4 8 1
29.345 3 8 1
29.476 2 8 1
29.551 3 8 1
29.607 4 8 1
29.739 1 8 1
30.189 1 8 1
30.489 3 8 1
30.789 2 8 1
30.789 4 8 1
31.089 3 8 1
31.089 4 8 1
31.089 2 8 1
31.389 1 8 1
31.389 3 8 1
31.689 2 8 1
31.739 4 8 1
31.876 1 8 1
31.97 4 8 1
31.989 3 8 1
32.026 2 8 1
32.089 1 8 1
32.139 3 8 1
32.289 4 8 1
32.589 3 8 1
32.889 3 8 1
33.189 3 8 1
33.189 1 8 1
33.489 1 8 1
33.489 2 8 1
33.789 2 8 1
33.789 3 8 1
34.089 1 8 1
34.089 3 8 1
34.089 4 8 1
34.239 2 8 1
34.389 3 8 1
34.389 4 8 1
34.689 3 8 1
34.689 2 8 1
34.989 1 8 1
34.989 2 8 1
35.289 2 8 1
35.289 4 8 1
35.589 4 8 1
35.589 2 8 1
35.739 1 8 1
35.739 3 8 1
35.889 2 8 1
35.889 4 8 1
36.188 3 8 1
36.188 2 8 1
36.47 3 8 1
36.488 4 8 1
36.538 2 8 1
36.588 3 8 1
36.638 1 8 1
36.688 3 8 1
36.738 4 8 1
36.788 2 8 1
36.788 1 8 1
36.838 3 8 1
36.957 4 8 1
37.013 3 8 1
37.088 1 8 1
37.088 2 8 1
37.276 4 8 1
37.388 2 8 1
37.463 4 8 1
37.688 3 8 1
37.688 2 8 1
37.988 1 8 1
37.988 2 8 1
38.288 3 8 1
38.288 2 8 1
38.588 2 8 1
38.588 3 8 1
38.588 1 8 1
38.888 1 8 1
38.938 2 8 1
38.988 3 8 1
39.038 4 8 1
39.076 2 8 1
39.17 2 8 1
39.226 1 8 1
39.288 2 8 1
39.376 1 8 1
39.488 4 8 1
39.788 3 8 1
39.788 4 8 1
40.088 3 8 1
40.388 2 8 1
40.388 4 8 1
40.688 4 8 1
40.688 2 8 1
40.988 2 8 1
40.988 3 8 1
41.288 1 8 1
41.288 4 8 1
41.363 2 8 1
41.438 4 8 1
41.438 3 8 1
41.532 2 8 1
41.588 4 8 1
41.588 1 8 1
41.663 3 8 1
41.738 1 8 1
41.813 3 8 1
42.188 3 8 1
42.488 4 8 1
42.788 1 8 1
42.788 3 8 1
43.088 1 8 1
43.088 2 8 1
43.163 4 8 1
43.388 1 8 1
43.388 2 8 1
43.538 3 8 1
43.67 1 8 1
43.67 2 8 1
43.726 4 8 1
43.857 2 8 1
43.932 4 8 1
43.988 2 8 1
44.138 2 8 1
44.288 4 8 1
44.288 1 8 1
44.345 2 8 1
44.401 4 8 1
44.457 1 8 1
44.513 2 8 1
44.588 1 8 1
44.757 3 8 1
44.838 4 8 1
44.888 2 8 1
44.888 1 8 1
45.188 4 8 1
45.488 3 8 1
45.488 2 8 1
45.788 4 8 1
46.088 2 8 1
46.088 4 8 1
46.388 3 8 1
46.688 3 8 1
46.988 3 8 1
47.288 3 8 1
47.588 2 8 1
47.888 1 8 1
48.188 4 8 1
48.432 1 8 1
48.507 3 8 1
48.563 4 8 1
48.601 2 8 1
48.688 1 8 1
48.738 3 8 1
48.788 4 8 1
48.888 1 8 1
48.92 2 8 1
48.988 3 8 1
49.07 4 8 1
49.163 2 8 1
49.238 4 8 1
49.332 3 8 1
49.388 1 8 1
49.482 2 8 1
49.538 3 8 1
49.688 1 8 1
49.988 4 8 1
50.288 3 8 1
50.288 4 8 1
50.588 1 8 1
50.588 2 8 1
50.888 3 8 1
50.888 4 8 1
50.938 2 8 1
50.963 1 8 1
51.038 3 8 1
51.088 1 8 1
51.188 2 8 1
51.245 4 8 1
51.338 1 8 1
51.388 2 8 1
51.438 3 8 1
51.47 4 8 1
51.538 3 8 1
51.588 1 8 1
51.638 4 8 1
51.713 2 8 1
51.788 1 8 1
51.863 3 8 1
51.938 1 8 1
52.013 4 8 1
52.088 1 8 1
52.238 2 8 1
52.388 3 8 1
52.613 3 8 1
52.688 1 8 1
52.988 4 8 1
53.288 4 8 1
53.288 3 8 1
53.338 1 8 1
53.57 4 8 1
53.588 2 8 1
53.588 3 8 1
53.626 1 8 1
53.888 2 8 1
54.188 1 8 1
54.188 4 8 1
54.188 2 8 1
54.488 4 8 1
54.788 1 8 1
55.088 3 8 1
55.388 1 8 1
55.688 1 8 1
55.688 3 8 1
55.988 2 8 1
55.988 3 8 1
56.288 4 8 1
56.588 4 8 1
56.888 4 8 1
57.188 2 8 1
57.488 4 8 1
57.788 3 8 1
58.088 2 8 1
58.138 1 8 1
58.138 3 8 1
58.295 4 8 1
58.295 2 8 1
58.388 1 8 1
58.388 3 8 1
58.688 2 8 1
58.988 3 8 1
59.288 4 8 1
59.588 1 8 1
59.588 2 8 1
59.888 2 8 1
60.188 1 8 1
60.188 4 8 1
60.438 2 8 1
60.438 3 8 1
60.588 3 8 1
60.638 2 8 1
60.688 3 8 1
60.688 1 8 1
60.788 4 8 1
61.388 1 8 1
61.688 2 8 1
61.988 3 8 1
61.988 4 8 1
62.288 2 8 1
62.588 1 8 1
62.588 4 8 1
62.888 1 8 1
62.888 3 8 1
63.188 4 8 1
63.188 1 8 1
63.488 2 8 1
63.788 3 8 1
64.088 1 8 1
64.088 3 8 1
64.388 1 8 1
64.388 3 8 1
64.688 2 8 1
64.988 4 8 1
64.988 2 8 1
65.288 3 8 1
65.338 2 8 1
65.588 3 8 1
65.888 1 8 1
66.188 2 8 1
66.488 3 8 1
66.788 1 8 1
67.088 4 8 1
67.388 2 8 1
67.388 4 8 1
67.613 3 8 1
67.67 2 8 1
67.688 1 8 1
67.738 4 8 1
67.876 2 8 1
67.988 4 8 1
67.988 3 8 1
68.138 4 8 1
68.232 2 8 1
68.588 3 8 1
68.888 2 8 1
69.188 1 8 1
69.188 4 8 1
69.488 3 8 1
69.788 1 8 1
69.788 2 8 1
70.088 1 8 1
70.088 4 8 1
70.388 1 8 1
70.388 2 8 1
70.557 2 8 1
70.613 3 8 1
70.688 4 8 1
70.838 1 8 1
70.988 2 8 1
70.988 4 8 1
71.288 3 8 1
71.588 1 8 1
71.888 2 8 1
72.188 3 8 1
72.488 4 8 1
72.788 1 8 1
73.088 4 8 1
73.388 2 8 1
73.688 1 8 1
73.988 4 8 1
73.988 2 8 1
74.288 3 8 1
74.588 2 8 1
74.888 2 8 1
74.938 1 8 1
75.188 2 8 1
75.788 4 8 1
76.088 3 8 1
76.088 2 8 1
76.388 3 8 1
76.388 4 8 1
76.688 2 8 1
76.688 3 8 1
76.888 1 8 1
76.988 3 8 1
77.082 4 8 1
77.307 2 8 1
77.307 3 8 1
77.363 4 8 1
77.363 1 8 1
77.438 2 8 1
77.488 4 8 1
77.538 1 8 1
77.588 3 8 1
77.888 3 8 1
78.188 4 8 1
78.488 3 8 1
78.488 2 8 1
78.788 3 8 1
78.788 1 8 1
79.088 4 8 1
79.388 1 8 1
79.688 1 8 1
79.738 2 8 1
79.788 4 8 1
79.788 3 8 1
79.838 1 8 1
79.888 2 8 1
79.938 4 8 1
79.988 3 8 1
80.288 3 8 1
80.288 2 8 1
80.588 4 8 1
80.888 1 8 1
80.888 3 8 1
81.188 1 8 1
81.488 4 8 1
81.788 3 8 1
82.088 2 8 1
82.138 4 8 1
82.188 3 8 1
82.276 2 8 1
82.338 3 8 1
82.388 1 8 1
82.388 4 8 1
82.688 2 8 1
82.688 4 8 1
82.838 3 8 1
82.838 1 8 1
83.026 2 8 1
83.026 3 8 1
83.307 3 8 1
83.307 1 8 51.72
83.307 2 8 51.72
83.838 3 8 1
83.888 2 8 1
83.907 4 8 1
84.038 4 8 1
84.038 3 8 1
84.188 4 8 1
84.188 2 8 1
84.188 3 8 1
84.488 1 8 1
84.507 2 8 1
84.538 4 8 48
84.588 3 8 1
84.619 1 8 1
84.657 2 8 33.72
85.088 1 8 1
85.088 4 8 1
85.138 2 8 1
85.188 3 8 42
85.188 4 8 42
85.707 3 8 1
85.707 2 8 1
85.707 1 8 6.72
85.857 2 8 15.72
85.857 1 8 15.72
85.988 3 8 1
85.988 4 8 1
86.288 3 8 1
86.307 4 8 1
86.307 1 8 1
86.438 3 8 1
86.438 1 8 20.28
86.438 2 8 29.28
86.607 3 8 1
86.607 4 8 1
86.888 4 8 1
86.907 2 8 1
86.938 3 8 1
87.019 1 8 1
87.088 4 8 12
87.138 3 8 6
87.169 1 8 1
87.207 2 8 1
87.263 3 8 1
87.788 3 8 1
87.788 4 8 1
88.088 4 8 1
88.088 2 8 1
88.388 1 8 1
88.388 2 8 1
88.388 3 8 1
88.688 1 8 1
88.688 3 8 1
88.688 4 8 1
88.988 3 8 1
89.038 4 8 1
89.188 3 8 1
89.238 1 8 1
89.288 2 8 1
89.363 3 8 1
89.419 2 8 1
89.488 4 8 1
89.538 1 8 1
89.588 2 8 1
89.644 1 8 1
89.701 4 8 1
89.757 1 8 1
89.794 3 8 1
89.838 4 8 1
89.888 2 8 1
89.963 3 8 1
90.226 2 8 1
90.507 3 8 1
90.788 4 8 1
91.088 4 8 1
91.088 1 8 1
91.163 3 8 1
91.257 2 8 1
91.332 4 8 1
91.369 3 8 1
91.388 2 8 1
91.438 1 8 1
91.488 2 8 1
91.638 1 8 1
91.669 2 8 1
91.707 4 8 1
91.744 3 8 1
91.788 1 8 1
91.838 2 8 1
91.876 3 8 1
91.932 1 8 1
91.969 2 8 1
92.038 3 8 1
92.063 4 8 1
92.101 2 8 1
92.138 1 8 1
92.176 3 8 1
92.338 1 8 1
92.401 2 8 1
92.438 3 8 1
92.488 4 8 1
92.538 2 8 1
92.588 3 8 1
92.638 1 8 1
92.888 1 8 1
92.888 2 8 1
92.938 3 8 1
92.988 2 8 1
93.038 4 8 1
93.088 3 8 1
93.132 2 8 1
93.138 1 8 1
93.188 4 8 1
93.238 3 8 1
93.488 3 8 1
93.538 4 8 1
93.588 1 8 1
93.638 2 8 1
93.688 3 8 1
93.732 4 8 1
93.738 1 8 1
93.788 2 8 1
93.838 3 8 1
93.888 1 8 1
93.888 4 8 1
93.938 2 8 1
93.988 3 8 1
94.088 1 8 1
94.138 3 8 1
94.688 3 8 1
94.888 1 8 1
94.938 3 8 1
94.988 2 8 1
95.288 4 8 1
95.588 2 8 1
95.888 2 8 1
95.888 4 8 1
96.188 1 8 1
96.188 3 8 1
96.438 3 8 1
96.488 2 8 1
96.488 4 8 1
96.563 3 8 1
96.638 1 8 1
96.713 2 8 1
96.713 4 8 1
96.788 1 8 1
96.788 3 8 1
96.863 4 8 1
97.444 4 8 1
97.632 1 8 1
97.988 1 8 1
97.988 2 8 1
98.288 1 8 1
98.513 3 8 1
98.588 2 8 1
98.888 1 8 1
98.888 4 8 1
98.938 2 8 1
99.001 3 8 1
99.038 1 8 1
99.113 2 8 1
99.169 3 8 1
99.169 4 8 1
99.263 1 8 1
99.413 4 8 1
99.788 1 8 1
100.088 2 8 1
100.688 3 8 1
100.688 4 8 1
100.688 2 8 1
100.988 2 8 1
100.988 3 8 1
100.988 4 8 1
101.288 3 8 1
101.363 2 8 1
101.438 3 8 1
101.438 1 8 1
101.494 4 8 40.56
101.888 4 8 1
101.888 3 8 1
102.038 1 8 1
102.188 3 8 1
102.188 4 8 1
102.507 3 8 1
102.507 1 8 63.72
102.526 2 8 4.44
102.676 2 8 19.44
103.088 3 8 1
103.107 2 8 1
103.126 4 8 1
103.138 1 8 1
103.219 4 8 1
103.288 1 8 1
103.388 2 8 1
103.388 4 8 1
103.688 3 8 1
103.688 2 8 1
103.738 1 8 1
103.788 3 8 42
103.988 2 8 1
104.288 2 8 1
104.338 4 8 1
104.338 3 8 1
104.388 2 8 1
104.438 1 8 1
104.438 4 8 1
104.488 3 8 1
104.538 2 8 1
104.588 1 8 1
104.888 1 8 1
104.888 2 8 1
105.038 2 8 1
105.038 3 8 1
105.188 2 8 1
105.188 3 8 1
105.488 1 8 1
105.488 4 8 1
105.788 2 8 1
105.788 3 8 1
105.788 4 8 1
105.938 4 8 1
106.032 1 8 1
106.088 3 8 1
106.126 1 8 1
106.144 2 8 1
106.188 4 8 1
106.238 1 8 9
106.313 4 8 1
106.426 3 8 1
106.488 1 8 1
106.557 4 8 1
106.638 3 8 1
106.707 1 8 1
106.801 2 8 1
106.888 1 8 1
106.938 2 8 1
107.007 3 8 1
107.026 4 8 1
107.138 3 8 1
107.288 1 8 1
107.288 2 8 1
107.588 4 8 1
107.588 1 8 1
107.888 2 8 1
107.888 3 8 1
108.094 3 8 1
108.151 2 8 1
108.438 4 8 1
108.507 1 8 1
108.588 2 8 1
108.657 4 8 1
108.713 3 8 1
108.769 2 8 1
108.826 1 8 1
108.863 3 8 1
108.919 2 8 1
109.013 4 8 1
109.088 3 8 1
109.163 4 8 1
109.238 3 8 1
109.388 1 8 1
109.388 2 8 1
109.688 3 8 1
109.688 2 8 1
109.988 3 8 1
109.988 4 8 1
110.288 2 8 1
110.288 3 8 1
110.338 1 8 1
110.382 4 8 1
110.457 2 8 1
110.513 3 8 1
110.588 1 8 1
110.776 3 8 1
110.838 2 8 1
110.888 4 8 1
110.888 3 8 1
110.988 1 8 1
111.076 4 8 1
111.132 1 8 1
111.138 3 8 1
111.169 2 8 1
111.207 4 8 1
111.282 1 8 1
111.357 3 8 1
111.413 1 8 1
111.413 4 8 1
111.469 2 8 1
111.588 3 8 1
111.676 1 8 1
111.732 4 8 1
111.769 3 8 1
111.826 2 8 1
111.888 3 8 1
111.957 1 8 1
112.032 4 8 1
112.069 3 8 1
112.126 2 8 1
112.163 1 8 1
112.182 4 8 1
112.219 2 8 1
112.276 1 8 1
112.338 3 8 1
112.338 4 8 1
112.407 1 8 1
112.407 2 8 1
112.688 4 8 1
112.688 2 8 1
112.738 3 8 1
112.788 1 8 1
112.838 2 8 1
112.888 4 8 1
112.938 1 8 1
112.938 3 8 1
112.988 4 8 1
113.038 1 8 1
113.038 2 8 1
113.288 3 8 1
113.338 2 8 1
113.388 1 8 1
113.438 4 8 1
113.488 3 8 1
113.538 2 8 1
113.588 1 8 1
113.638 4 8 1
113.688 3 8 1
113.738 2 8 1
113.813 1 8 1
113.888 3 8 1
113.938 4 8 1
113.988 3 8 1
114.038 2 8 1
114.113 4 8 1
114.188 1 8 1
114.488 1 8 1
114.488 3 8 1
114.788 2 8 1
115.088 3 8 1
115.388 4 8 1
115.638 3 8 1
115.688 2 8 1
115.738 1 8 1
115.838 3 8 1
115.888 1 8 1
115.888 2 8 1
115.938 4 8 1
115.988 3 8 1
115.988 1 8 1
116.288 2 8 1
116.438 3 8 1
116.588 2 8 1
116.888 3 8 1
117.188 4 8 1
117.188 1 8 1
117.488 1 8 1
117.488 2 8 1
117.488 3 8 1
117.788 2 8 1
117.863 3 8 1
118.032 4 8 1
118.032 1 8 1
118.088 2 8 1
118.138 4 8 1
118.138 3 8 1
118.238 1 8 1
118.388 1 8 1
118.688 3 8 1
118.801 4 8 1
118.988 3 8 1
119.138 2 8 1
119.288 1 8 1
119.588 1 8 1
119.588 3 8 1
119.888 1 8 1
119.888 3 8 1
119.888 4 8 1
120.188 1 8 1
120.188 4 8 1
120.244 3 8 1
120.488 1 8 1
120.538 2 8 1
120.582 3 8 1
120.638 1 8 1
120.688 3 8 1
120.738 4 8 1
120.788 2 8 1
120.863 3 8 1
121.088 4 8 1
121.088 1 8 1
121.163 3 8 1
121.238 2 8 1
121.388 1 8 1
121.388 2 8 1
121.538 4 8 1
121.688 2 8 1
121.688 4 8 1
121.763 3 8 1
121.819 2 8 1
121.888 1 8 1
121.988 4 8 1
121.988 3 8 1
122.288 1 8 1
122.288 2 8 1
122.338 3 8 1
122.438 2 8 1
122.513 1 8 1
122.588 2 8 1
122.588 3 8 1
122.888 4 8 1
122.888 1 8 1
122.938 2 8 1
122.988 1 8 1
123.019 4 8 1
123.076 2 8 1
123.076 3 8 1
123.113 1 8 1
123.169 3 8 1
123.488 1 8 1
123.488 4 8 1
123.638 4 8 1
123.638 3 8 1
124.088 4 8 1
124.088 1 8 1
124.088 2 8 1
124.144 3 8 1
124.388 1 8 1
124.388 2 8 1
124.538 3 8 1
124.688 1 8 1
124.688 2 8 1
124.838 4 8 1
124.988 2 8 1
124.988 3 8 1
125.288 1 8 1
125.288 4 8 1
125.438 4 8 1
125.538 3 8 1
125.588 1 8 1
125.607 2 8 1
125.663 4 8 1
126.188 2 8 1
126.788 1 8 1
126.788 3 8 1
126.788 4 8 1
127.088 2 8 1
127.088 3 8 1
127.088 1 8 1
127.313 4 8 1
127.388 1 8 1
127.388 2 8 1
127.538 4 8 1
127.613 2 8 1
127.638 1 8 1
127.688 3 8 1
127.738 2 8 1
127.788 4 8 1
127.875 3 8 1
127.932 2 8 1
127.988 1 8 1
128.038 3 8 1
128.138 1 8 1
128.138 4 8 1
128.232 3 8 1
128.438 3 8 1
128.488 2 8 1
128.588 4 8 1
128.738 4 8 1
128.888 2 8 1
128.888 4 8 1
129.188 3 8 1
129.188 4 8 1
129.488 1 8 1
129.488 2 8 1
129.544 3 8 1
129.563 4 8 1
129.638 2 8 1
129.738 2 8 1
129.788 3 8 1
129.838 4 8 1
129.938 2 8 1
130.038 1 8 1
130.107 3 8 1
130.138 2 8 1
130.144 1 8 1
130.188 4 8 1
130.257 1 8 1
130.288 3 8 1
130.338 4 8 1
130.388 2 8 1
130.438 1 8 1
130.638 3 8 1
130.688 4 8 1
130.744 3 8 1
130.838 1 8 1
130.888 3 8 1
130.938 4 8 1
130.988 1 8 1
130.988 2 8 1
131.288 4 8 1
131.338 2 8 1
131.363 1 8 1
131.438 3 8 1
131.488 2 8 1
131.532 1 8 1
131.588 2 8 1
131.638 3 8 1
131.644 1 8 1
131.85 1 8 1
131.869 2 8 1
131.907 3 8 1
131.907 4 8 1
131.944 1 8 1
132 2 8 1
132.057 3 8 1
132.113 4 8 1
132.188 2 8 1
132.238 4 8 1
132.507 3 8 1
132.563 4 8 1
132.657 1 8 1
132.713 3 8 1
132.807 2 8 1
132.863 1 8 1
132.863 4 8 1
132.919 3 8 1
133.088 1 8 1
133.388 2 8 1
133.988 1 8 1
133.988 3 8 1
133.988 4 8 1
134.288 1 8 1
134.288 2 8 1
134.288 4 8 1
134.588 2 8 1
134.588 3 8 1
134.588 1 8 1
134.869 1 8 1
134.869 3 8 1
134.938 2 8 1
135 4 8 1
135.057 3 8 1
135.113 1 8 1
135.169 2 8 1
135.225 3 8 1
135.263 4 8 1
135.319 1 8 1
135.375 3 8 1
135.469 4 8 1
135.525 1 8 1
135.619 2 8 1
135.688 3 8 1
135.788 2 8 1
135.938 3 8 1
136.088 4 8 1
136.388 4 8 1
136.388 1 8 1
136.688 1 8 1
136.688 2 8 1
136.688 4 8 1
136.988 1 8 1
136.988 2 8 1
136.988 3 8 1
137.288 4 8 1
137.288 3 8 1
137.338 2 8 1
137.388 1 8 1
137.438 2 8 1
137.488 3 8 1
137.538 4 8 1
137.588 1 8 1
137.588 2 8 1
137.638 3 8 1
137.688 1 8 1
137.719 2 8 1
137.775 3 8 1
137.832 1 8 1
137.888 4 8 1
137.963 3 8 1
138.038 2 8 1
138.113 1 8 1
138.113 3 8 1
138.188 2 8 1
138.263 1 8 1
138.338 4 8 1
138.45 3 8 1
138.769 1 8 1
138.769 4 8 1
139.069 2 8 1
139.069 3 8 1
139.069 4 8 1
139.388 2 8 1
139.388 3 8 1
139.388 1 8 1
139.688 2 8 1
139.688 4 8 1
139.688 3 8 1
139.838 1 8 1
139.888 2 8 1
139.938 3 8 1
139.988 4 8 1
139.988 1 8 1
140.288 3 8 1
140.288 2 8 1
140.363 4 8 1
140.438 3 8 1
140.588 2 8 1
140.588 3 8 1
140.888 2 8 1
140.888 4 8 1
140.963 3 8 1
140.988 1 8 1
141.019 2 8 1
141.057 1 8 1
141.469 1 8 1
141.488 4 8 1
141.488 2 8 1
141.525 3 8 1
141.638 4 8 1
141.738 2 8 1
141.788 3 8 1
141.788 4 8 1
142.088 4 8 1
142.088 3 8 1
142.138 2 8 1
142.188 3 8 1
142.219 1 8 1
142.275 4 8 1
142.313 2 8 1
142.388 2 8 1
142.388 1 8 1
142.688 2 8 1
142.688 3 8 1
142.738 4 8 1
142.788 2 8 1
142.838 3 8 1
142.988 4 8 1
142.988 3 8 1
143.288 2 8 1
143.288 1 8 1
143.338 3 8 1
143.388 2 8 1
143.438 3 8 1
143.513 2 8 1
143.513 1 8 1
143.888 3 8 1
143.888 4 8 1
144.038 3 8 1
144.113 1 8 1
144.113 2 8 1
144.188 4 8 1
144.488 4 8 1
144.488 3 8 1
144.538 2 8 1
144.588 1 8 1
144.638 2 8 1
144.688 3 8 1
144.738 4 8 1
144.788 2 8 1
144.838 3 8 1
144.888 4 8 1
144.938 1 8 1
144.988 2 8 1
145.038 3 8 1
145.088 1 8 1
145.144 2 8 1
145.238 4 8 1
145.288 3 8 1
145.338 2 8 1
145.388 3 8 1
145.438 1 8 1
145.538 1 8 1
145.688 4 8 1
145.688 3 8 1
145.988 2 8 1
145.988 3 8 1
146.288 3 8 1
146.288 2 8 1
146.588 3 8 1
146.588 2 8 1
146.888 1 8 1
146.888 4 8 1
146.938 3 8 1
146.988 2 8 1
147.038 4 8 1
147.038 1 8 1
147.088 3 8 1
147.138 2 8 1
147.188 4 8 1
147.238 3 8 1
147.288 1 8 1
147.338 4 8 1
147.413 3 8 1
147.488 2 8 1
147.563 1 8 1
147.638 4 8 1
147.688 1 8 1
147.738 3 8 1
147.788 2 8 1
147.838 4 8 1
147.882 1 8 1
147.975 3 8 1
148.013 4 8 1
148.088 3 8 1
148.088 2 8 1
148.288 1 8 1
148.388 4 8 1
148.388 3 8 1
148.688 4 8 1
148.688 3 8 1
148.988 2 8 1
149.288 4 8 1
149.288 2 8 1
149.288 3 8 1
149.363 1 8 1
149.438 3 8 1
149.488 2 8 1
149.538 4 8 1
149.588 3 8 1
149.638 1 8 1
149.688 2 8 1
149.757 4 8 1
149.813 1 8 1
149.907 1 8 1
149.944 4 8 1
149.944 2 8 1
150.038 3 8 1
150.088 4 8 1
150.113 1 8 1
150.138 2 8 1
150.188 3 8 1
150.263 1 8 1
150.338 3 8 1
150.413 1 8 1
150.488 4 8 1
150.488 3 8 1
150.563 1 8 1
150.638 4 8 1
150.713 2 8 1
150.788 1 8 1
150.863 4 8 1
150.938 3 8 1
151.088 1 8 1
151.088 4 8 1
151.088 2 8 1
151.138 3 8 1
151.188 1 8 1
151.238 2 8 1
151.288 3 8 1
151.338 4 8 1
151.388 2 8 1
151.438 3 8 1
151.538 1 8 1
151.613 2 8 1
151.688 4 8 1
151.688 3 8 1
151.738 1 8 1
151.788 2 8 1
151.838 4 8 1
151.888 3 8 1
151.938 4 8 1
151.988 1 8 1
151.988 2 8 1
152.063 3 8 1
152.138 1 8 1
152.188 4 8 1
152.238 2 8 1
152.288 1 8 1
152.288 3 8 1
152.388 2 8 1
152.494 4 8 1
152.588 3 8 1
152.588 2 8 1
152.738 3 8 1
152.888 1 8 1
152.888 3 8 1
153.188 2 8 1
153.488 1 8 1
153.788 2 8 1
154.088 2 8 1
154.138 3 8 1
154.188 4 8 1
154.238 1 8 1
154.313 2 8 1
154.388 3 8 1
154.388 1 8 1
154.688 2 8 1
154.988 2 8 1
155.288 2 8 1
155.588 3 8 1
155.588 4 8 1
155.888 1 8 1
156.188 3 8 1
156.188 2 8 1
156.488 2 8 1
156.488 3 8 1
156.638 4 8 1
156.688 3 8 1
156.788 1 8 1
156.788 4 8 1
157.088 3 8 1
157.388 2 8 1
157.688 2 8 1
157.988 3 8 1
157.988 4 8 1
158.288 3 8 1
158.588 1 8 1
158.588 4 8 1
158.888 2 8 1
158.888 4 8 1
159.038 1 8 1
159.038 3 8 1
159.188 4 8 1
159.188 2 8 1
159.488 3 8 1
159.788 2 8 1
160.088 3 8 1
160.088 4 8 1
160.388 1 8 1
160.388 3 8 1
160.688 4 8 1
160.988 3 8 1
160.988 2 8 1
161.288 1 8 1
161.288 2 8 1
161.438 4 8 1
161.588 2 8 1
161.888 2 8 1
162.188 3 8 1
162.488 4 8 1
162.788 1 8 1
162.788 2 8 1
163.088 4 8 1
163.388 1 8 1
163.388 3 8 1
163.632 4 8 1
163.638 1 8 1
163.688 3 8 1
163.738 2 8 1
163.838 4 8 1
163.988 2 8 1
163.988 3 8 1
164.288 3 8 1
164.588 2 8 1
164.888 1 8 1
165.188 3 8 1
165.188 4 8 1
165.488 2 8 1
165.788 4 8 1
166.088 1 8 1
166.088 3 8 1
166.088 4 8 1
166.388 2 8 1
166.538 1 8 1
166.613 4 8 1
166.688 2 8 1
166.988 1 8 1
167.288 3 8 1
167.588 4 8 1
167.888 2 8 1
168.188 1 8 1
168.488 3 8 1
168.488 4 8 1
168.788 2 8 1
169.088 3 8 1
169.388 2 8 1
169.688 1 8 1
169.688 4 8 1
169.988 3 8 1
170.288 4 8 1
170.588 2 8 1
170.888 3 8 1
170.988 1 8 1
171.188 4 8 1
171.488 3 8 1
171.788 2 8 1
172.088 3 8 1
