1.377 2 8 1
1.812 3 8 1
2.247 4 8 1
2.682 2 8 1
2.791 4 8 1
2.899 2 8 1
3.008 4 8 1
3.117 2 8 1
3.551 3 8 1
3.986 4 8 1
4.421 4 8 1
4.638 4 8 1
4.856 4 8 1
5.291 2 8 1
5.725 4 8 1
6.16 4 8 1
6.269 4 8 1
6.378 2 8 1
6.486 3 8 1
6.595 2 8 1
6.595 4 8 1
7.03 3 8 1
7.465 4 8 1
7.9 4 8 1
8.117 3 8 1
8.334 4 8 1
8.334 2 8 1
8.769 3 8 1
9.204 4 8 1
9.639 4 8 1
9.747 1 8 1
9.747 2 8 1
9.856 3 8 1
9.856 4 8 1
9.965 2 8 1
10.074 3 8 1
10.074 4 8 1
10.508 2 8 1
10.943 4 8 1
11.378 4 8 1
11.595 2 8 1
11.813 4 8 1
12.248 3 8 1
12.682 3 8 1
13.117 4 8 1
13.226 4 8 1
13.335 2 8 1
13.443 3 8 1
13.443 4 8 1
13.552 2 8 1
13.987 2 8 1
14.204 2 8 1
14.422 3 8 32.52
14.422 4 8 39.12
14.856 4 8 1
15.291 1 8 1
15.291 4 8 32.64
15.509 2 8 1
15.726 3 8 1
15.835 1 8 1
15.943 3 8 1
16.052 2 8 1
16.161 1 8 1
16.378 4 8 1
16.596 4 8 1
16.704 3 8 1
16.813 2 8 1
16.922 2 8 1
17.03 3 8 1
17.248 1 8 1
17.357 2 8 1
17.574 4 8 1
17.683 2 8 1
17.791 3 8 1
17.9 4 8 1
18.117 3 8 1
18.335 1 8 1
18.552 2 8 1
18.661 1 8 1
18.77 1 8 1
18.987 2 8 1
19.205 3 8 1
19.313 2 8 1
19.422 4 8 1
19.531 2 8 1
19.639 4 8 1
19.857 2 8 1
19.965 1 8 1
20.074 2 8 1
20.292 4 8 1
20.4 2 8 1
20.509 1 8 1
20.726 4 8 1
20.835 3 8 1
20.944 2 8 1
21.052 2 8 1
21.161 2 8 1
21.27 3 8 1
21.379 1 8 1
21.596 1 8 1
21.705 2 8 1
21.813 3 8 1
22.031 3 8 1
22.139 2 8 1
22.248 4 8 1
22.466 2 8 1
22.574 4 8 1
22.792 3 8 1
22.9 1 8 1
23.009 3 8 1
23.118 2 8 1
23.118 1 8 1
23.335 4 8 1
23.444 2 8 1
23.661 3 8 1
23.879 4 8 1
23.987 2 8 1
24.205 1 8 1
24.422 1 8 1
24.531 3 8 1
24.748 4 8 1
24.857 3 8 1
25.074 1 8 1
25.183 2 8 1
25.292 4 8 1
25.509 3 8 1
25.618 2 8 1
25.727 1 8 1
25.944 1 8 1
26.053 3 8 1
26.27 1 8 1
26.379 2 8 1
26.488 4 8 1
26.596 2 8 1
26.814 3 8 1
26.922 4 8 1
27.14 3 8 1
27.248 2 8 1
27.357 4 8 1
27.466 1 8 1
27.683 4 8 1
27.792 2 8 1
28.009 1 8 1
28.118 3 8 1
28.227 2 8 1
28.335 3 8 1
28.335 4 8 1
28.48 3 8 1
28.48 4 8 1
28.634 3 8 1
28.634 4 8 1
28.797 3 8 1
28.797 4 8 1
28.915 1 8 1
28.915 2 8 1
29.06 3 8 1
29.06 4 8 1
29.205 3 8 1
29.205 4 8 1
29.314 2 8 1
29.422 1 8 1
29.531 4 8 1
29.64 3 8 1
29.64 2 8 1
29.749 1 8 1
29.857 4 8 1
29.966 1 8 1
30.075 4 8 1
30.075 2 8 1
30.183 1 8 1
30.292 4 8 1
30.401 2 8 1
30.509 3 8 1
30.509 4 8 1
30.618 1 8 1
30.727 2 8 1
30.727 4 8 1
30.836 3 8 1
30.944 1 8 1
30.944 2 8 1
31.053 4 8 1
31.162 2 8 1
31.27 4 8 1
31.379 1 8 1
31.379 3 8 1
31.488 4 8 1
31.597 3 8 1
31.705 2 8 1
31.814 3 8 1
31.814 4 8 1
31.923 2 8 1
32.031 3 8 1
32.031 4 8 1
32.14 2 8 1
32.249 1 8 1
32.249 4 8 1
32.357 3 8 1
32.466 1 8 1
32.575 2 8 1
32.684 1 8 1
32.684 4 8 1
32.792 3 8 1
32.901 1 8 1
33.01 3 8 1
33.118 1 8 1
33.118 4 8 1
33.227 3 8 1
33.336 4 8 1
33.444 3 8 1
33.553 1 8 1
33.553 2 8 1
33.662 4 8 1
33.771 1 8 1
33.879 2 8 1
33.988 3 8 1
33.988 4 8 1
34.097 1 8 1
34.205 3 8 1
34.314 1 8 1
34.423 3 8 1
34.423 4 8 1
34.531 2 8 1
34.64 4 8 1
34.749 3 8 1
34.858 2 8 1
34.858 4 8 1
34.966 1 8 1
35.075 3 8 1
35.184 1 8 1
35.292 2 8 1
35.292 4 8 1
35.401 3 8 1
35.51 2 8 1
35.51 1 8 1
35.618 3 8 1
35.727 1 8 1
35.727 2 8 1
35.836 4 8 1
35.945 3 8 1
36.053 2 8 1
36.162 1 8 1
36.162 4 8 1
36.271 4 8 1
36.379 2 8 1
36.488 3 8 1
36.597 1 8 1
36.597 4 8 1
36.705 3 8 1
36.814 1 8 1
36.923 2 8 1
37.032 3 8 1
37.032 4 8 1
37.14 1 8 1
37.249 2 8 1
37.358 3 8 1
37.466 1 8 1
37.466 4 8 1
37.575 2 8 1
37.684 1 8 1
37.793 4 8 1
37.901 1 8 1
37.901 3 8 1
38.01 3 8 1
38.119 1 8 1
38.227 4 8 1
38.336 2 8 1
38.336 3 8 1
38.445 2 8 1
38.553 4 8 1
38.662 3 8 1
38.771 1 8 1
38.771 4 8 1
38.88 2 8 1
38.988 3 8 1
39.097 1 8 1
39.206 4 8 1
39.206 2 8 1
39.314 3 8 1
39.423 2 8 1
39.423 1 8 1
39.532 3 8 1
39.64 2 8 1
39.64 4 8 1
39.749 1 8 1
39.858 3 8 1
39.967 1 8 1
40.075 2 8 1
40.075 3 8 1
40.184 1 8 1
40.184 4 8 1
40.293 2 8 1
40.401 4 8 1
40.51 1 8 1
40.51 2 8 1
40.619 4 8 1
40.727 1 8 1
40.836 3 8 1
40.945 2 8 1
40.945 1 8 1
41.054 3 8 1
41.162 2 8 1
41.271 4 8 1
41.38 1 8 1
41.38 3 8 1
41.488 4 8 1
41.597 2 8 1
41.706 1 8 1
41.814 2 8 1
41.814 4 8 1
41.923 3 8 1
42.032 2 8 1
42.141 1 8 1
42.249 1 8 1
42.249 2 8 1
42.394 1 8 1
42.394 2 8 1
42.539 1 8 1
42.539 2 8 1
42.684 1 8 1
42.684 2 8 1
42.829 1 8 1
42.829 2 8 1
42.974 4 8 1
42.974 1 8 1
42.974 2 8 1
43.119 2 8 1
43.119 1 8 1
43.241 3 8 1
43.336 4 8 1
43.445 2 8 1
43.554 1 8 1
43.554 3 8 1
43.662 3 8 1
43.771 1 8 1
43.88 4 8 1
43.989 1 8 1
43.989 2 8 1
44.097 4 8 1
44.206 1 8 1
44.315 2 8 1
44.423 4 8 1
44.423 1 8 1
44.532 3 8 1
44.641 2 8 1
44.641 1 8 1
44.749 4 8 1
44.858 1 8 1
44.858 3 8 1
44.967 2 8 1
45.076 1 8 1
45.184 4 8 1
45.293 2 8 1
45.402 4 8 1
45.51 1 8 1
45.619 3 8 1
45.728 2 8 1
45.728 1 8 1
45.836 3 8 1
45.945 2 8 1
45.945 1 8 1
46.054 3 8 1
46.163 1 8 1
46.163 2 8 1
46.271 4 8 1
46.38 1 8 1
46.38 3 8 1
46.489 2 8 1
46.597 2 8 1
46.597 4 8 1
46.706 1 8 1
46.815 4 8 1
46.923 2 8 1
47.032 1 8 1
47.032 3 8 1
47.141 4 8 1
47.25 1 8 1
47.358 3 8 1
47.467 1 8 1
47.467 2 8 1
47.467 4 8 1
47.576 3 8 1
47.684 1 8 1
47.793 4 8 1
47.902 1 8 1
47.902 2 8 1
47.902 3 8 1
48.01 4 8 1
48.119 3 8 1
48.228 2 8 1
48.337 1 8 1
48.337 4 8 1
48.445 3 8 1
48.554 2 8 1
48.554 4 8 1
48.663 1 8 1
48.771 3 8 1
48.771 4 8 1
48.88 1 8 1
48.989 2 8 1
49.097 4 8 1
49.206 2 8 1
49.206 3 8 1
49.315 1 8 1
49.424 4 8 1
49.424 3 8 1
49.532 2 8 1
49.641 1 8 1
49.641 3 8 1
49.75 4 8 1
49.858 2 8 1
49.858 4 8 1
49.967 3 8 1
50.076 1 8 1
50.076 2 8 1
50.185 4 8 1
50.293 3 8 1
50.402 4 8 1
50.511 1 8 1
50.511 2 8 1
50.619 4 8 1
50.728 1 8 1
50.837 3 8 1
50.945 2 8 1
50.945 4 8 1
51.054 3 8 1
51.163 3 8 1
51.163 2 8 1
51.272 1 8 1
51.38 4 8 1
51.38 3 8 1
51.489 1 8 1
51.598 4 8 1
51.706 2 8 1
51.815 4 8 1
51.815 1 8 1
51.924 2 8 1
52.032 3 8 1
52.141 4 8 1
52.25 3 8 1
52.25 2 8 1
52.359 4 8 1
52.467 1 8 1
52.576 2 8 1
52.685 1 8 1
52.685 4 8 1
52.793 3 8 1
52.902 2 8 1
53.011 1 8 1
53.119 3 8 1
53.119 4 8 1
53.228 1 8 1
53.337 2 8 1
53.337 4 8 1
53.446 3 8 1
53.554 2 8 1
53.554 3 8 1
53.663 1 8 1
53.772 2 8 1
53.772 3 8 1
53.88 1 8 1
53.989 3 8 1
53.989 4 8 1
54.098 2 8 1
54.206 3 8 1
54.206 4 8 1
54.315 2 8 1
54.424 1 8 1
54.424 3 8 1
54.533 4 8 1
54.641 1 8 1
54.75 2 8 1
54.859 3 8 1
54.859 4 8 1
54.967 1 8 1
55.076 3 8 1
55.185 1 8 1
55.293 2 8 52.2
55.293 4 8 1
55.728 3 8 52.2
55.728 4 8 1
56.163 4 8 52.2
56.163 2 8 1
56.598 1 8 13.08
56.598 3 8 1
57.033 4 8 1
57.033 3 8 26.04
57.141 1 8 26.16
57.25 2 8 1
57.359 2 8 13.08
57.468 3 8 6.48
57.468 4 8 26.04
57.522 1 8 1
57.576 2 8 1
57.685 3 8 13.08
57.794 1 8 12.96
57.902 3 8 26.16
57.902 4 8 39.12
58.011 1 8 1
58.12 2 8 1
58.228 1 8 1
58.337 2 8 32.64
58.337 3 8 13.08
58.446 1 8 13.08
58.555 3 8 1
58.663 1 8 13.08
58.772 3 8 1
58.772 4 8 13.08
58.881 2 8 3.24
58.881 3 8 1
58.989 1 8 26.16
58.989 3 8 1
59.044 2 8 6.48
59.098 3 8 1
59.152 4 8 1
59.207 2 8 26.04
59.207 3 8 1
59.315 4 8 26.16
59.424 1 8 1
59.533 2 8 26.04
59.642 1 8 26.04
59.642 4 8 1
59.75 4 8 1
59.859 2 8 4.32
59.968 4 8 1
60.076 1 8 13.08
60.076 3 8 13.08
60.185 4 8 1
60.294 1 8 1
60.294 2 8 6.48
60.402 3 8 1
60.402 4 8 84.84
60.511 1 8 1
60.511 2 8 13.08
60.62 3 8 1
60.729 1 8 1
60.892 2 8 1
60.946 1 8 1
60.96 3 8 1
61.055 1 8 6.48
61.163 3 8 13.08
61.272 2 8 32.64
61.381 3 8 12.96
61.381 4 8 52.2
61.489 1 8 1
61.598 3 8 13.08
61.707 2 8 1
61.816 3 8 1
61.924 3 8 13.08
61.924 1 8 1
62.033 4 8 1
62.142 3 8 12.96
62.25 1 8 1
62.25 2 8 1
62.25 4 8 13.08
62.359 1 8 26.16
62.468 2 8 1
62.577 3 8 1
62.685 1 8 1
62.685 2 8 1
62.794 4 8 1
62.903 1 8 26.04
62.903 3 8 12.96
63.12 2 8 1
63.12 3 8 6.48
63.12 4 8 1
63.229 2 8 6.48
63.229 4 8 1
63.229 3 8 39.12
63.337 1 8 1
63.337 2 8 13.08
63.446 4 8 1
63.555 1 8 26.04
63.555 2 8 6.48
63.664 3 8 1
63.772 2 8 1
63.772 4 8 13.08
63.881 2 8 13.08
63.99 3 8 6.48
63.99 1 8 1
63.99 4 8 1
64.098 4 8 26.16
64.207 2 8 19.56
64.207 3 8 13.08
64.316 1 8 1
64.424 3 8 39.24
64.424 4 8 1
64.533 2 8 26.16
64.642 1 8 1
64.751 4 8 1
64.859 2 8 13.08
64.859 1 8 39.12
64.968 4 8 26.04
65.077 2 8 1
65.185 3 8 1
65.294 1 8 13.08
65.294 4 8 1
65.403 3 8 52.2
65.511 4 8 1
65.62 4 8 1
65.729 1 8 1
65.729 2 8 1
65.838 1 8 19.56
65.946 4 8 13.08
66.055 2 8 13.08
66.164 1 8 1
66.164 3 8 19.56
66.286 1 8 1
66.381 4 8 1
66.381 3 8 1
66.395 2 8 9.72
66.476 3 8 1
66.526 4 8 1
66.544 2 8 1
66.598 3 8 1
66.598 1 8 1
66.707 4 8 1
66.816 2 8 1
66.925 3 8 1
67.033 2 8 1
67.033 4 8 13.08
67.142 1 8 1
67.251 3 8 26.04
67.251 4 8 1
67.359 1 8 1
67.468 2 8 39.12
67.468 1 8 13.08
67.577 4 8 1
67.685 3 8 1
67.794 1 8 1
67.903 3 8 1
67.903 4 8 1
67.903 2 8 45.6
68.012 4 8 1
68.12 3 8 6.6
68.229 4 8 1
68.338 1 8 26.04
68.338 2 8 39.12
68.446 3 8 1
68.555 3 8 1
68.664 1 8 1
68.773 3 8 1
68.773 4 8 1
68.881 2 8 1
68.99 1 8 1
68.99 3 8 1
69.099 2 8 1
69.207 1 8 1
69.207 4 8 1
69.316 2 8 1
69.425 3 8 1
69.533 4 8 1
69.642 1 8 1
69.642 2 8 1
69.751 4 8 1
69.86 3 8 1
69.968 2 8 1
70.077 1 8 1
70.077 2 8 1
70.222 3 8 1
70.222 4 8 1
70.367 1 8 1
70.367 2 8 1
70.512 3 8 1
70.512 4 8 1
70.512 1 8 1
70.657 4 8 1
70.657 3 8 1
70.784 1 8 1
70.838 3 8 1
70.933 1 8 1
70.947 2 8 4.32
70.983 3 8 21.72
71.055 1 8 6.6
71.11 2 8 39.12
71.15 4 8 1
71.218 3 8 1
71.327 4 8 1
71.381 3 8 13.08
71.436 1 8 6.48
71.49 4 8 1
71.544 3 8 6.6
71.599 2 8 26.04
71.707 4 8 1
71.707 3 8 1
71.816 3 8 13.08
71.816 4 8 45.72
71.816 1 8 1
71.925 2 8 1
72.034 1 8 1
72.142 1 8 1
72.251 3 8 1
72.251 1 8 13.08
72.36 4 8 1
72.468 3 8 6.6
72.577 4 8 1
72.686 4 8 1
72.686 1 8 6.48
72.686 3 8 45.6
72.794 1 8 13.08
72.903 2 8 1
73.012 4 8 1
73.066 2 8 1
73.066 1 8 1
73.107 4 8 1
73.121 3 8 17.4
73.175 1 8 19.56
73.175 2 8 6.48
73.229 4 8 1
73.338 2 8 39.12
73.338 4 8 1
73.447 1 8 1
73.555 4 8 1
73.555 3 8 1
73.7 1 8 10.32
73.773 4 8 1
73.882 3 8 1
73.99 2 8 6.6
73.99 1 8 1
74.045 3 8 1
74.099 1 8 1
74.099 4 8 1
74.099 2 8 13.08
74.153 3 8 1
74.208 1 8 12.96
74.262 3 8 1
74.316 4 8 1
74.425 2 8 1
74.425 3 8 6.48
74.534 4 8 1
74.642 2 8 26.16
74.642 3 8 13.08
74.751 1 8 1
74.86 3 8 26.04
74.86 4 8 13.08
74.914 2 8 1
74.969 1 8 1
75.005 2 8 21.72
75.077 1 8 1
75.186 3 8 1
75.24 2 8 1
75.295 1 8 40.68
75.295 3 8 1
75.349 4 8 1
75.403 3 8 1
75.526 4 8 1
75.621 2 8 12.96
75.729 4 8 6.6
75.766 3 8 15.12
75.838 1 8 6.48
75.838 2 8 1
75.947 4 8 1
76.028 1 8 1
76.069 2 8 1
76.092 4 8 47.76
76.164 1 8 1
76.164 3 8 1
76.273 1 8 1
76.382 2 8 12.96
76.49 1 8 1
76.599 2 8 21.72
76.599 4 8 6.48
76.599 1 8 6.48
76.653 3 8 1
76.744 4 8 8.64
76.816 3 8 13.08
76.871 1 8 1
76.925 4 8 1
76.98 2 8 1
77.034 1 8 39.12
77.034 3 8 1
77.143 4 8 1
77.251 2 8 27.72
77.36 3 8 1
77.469 3 8 52.08
77.482 4 8 1
77.541 1 8 1
77.577 4 8 1
77.686 2 8 1
77.795 1 8 6.48
77.903 1 8 1
77.903 2 8 1
77.903 4 8 1
78.012 3 8 32.64
78.121 2 8 1
78.23 2 8 6.48
78.23 4 8 1
78.338 3 8 13.08
78.393 4 8 1
78.447 1 8 1
78.501 3 8 13.08
78.556 4 8 1
78.664 1 8 1
78.773 3 8 39.12
78.773 4 8 13.08
78.882 1 8 1
78.99 4 8 1
79.099 2 8 1
79.208 1 8 39.12
79.208 4 8 13.08
79.317 3 8 1
79.425 2 8 1
79.425 4 8 13.08
79.534 3 8 1
79.643 4 8 32.52
79.643 3 8 6.48
79.697 2 8 13.08
79.751 1 8 1
79.86 3 8 1
79.969 1 8 1
80.023 2 8 13.08
80.078 3 8 39.12
80.078 4 8 1
80.186 1 8 1
80.295 4 8 1
80.349 2 8 1
80.404 1 8 1
80.512 1 8 1
80.512 2 8 1
80.512 3 8 32.64
80.621 4 8 26.04
80.73 1 8 1
80.838 2 8 1
80.947 4 8 6.48
80.947 3 8 6.48
81.001 2 8 6.6
81.056 1 8 1
81.056 3 8 1
81.11 4 8 1
81.165 3 8 8.64
81.237 2 8 1
81.273 4 8 1
81.382 2 8 13.08
81.382 1 8 6.48
81.382 3 8 1
81.491 3 8 1
81.545 4 8 1
81.599 2 8 13.08
81.708 1 8 1
81.708 3 8 1
81.817 4 8 1
81.817 2 8 1
81.871 3 8 1
81.871 1 8 1
81.925 2 8 13.08
81.98 3 8 1
82.034 4 8 1
82.088 3 8 1
82.143 1 8 1
82.197 4 8 1
82.252 2 8 1
82.306 3 8 1
82.36 1 8 1
82.36 4 8 1
82.415 2 8 1
82.469 3 8 1
82.523 2 8 1
82.578 4 8 1
82.632 3 8 1
82.686 2 8 1
82.686 1 8 1
82.741 4 8 1
82.795 3 8 1
82.849 1 8 1
82.904 2 8 1
82.958 4 8 1
83.012 3 8 1
83.067 2 8 1
83.121 3 8 1
83.121 4 8 1
83.176 2 8 1
83.23 1 8 1
83.284 3 8 1
83.339 2 8 1
83.393 1 8 1
83.447 4 8 1
83.502 3 8 1
83.556 1 8 1
83.556 2 8 1
83.61 4 8 1
83.665 3 8 1
83.719 1 8 1
83.773 2 8 1
83.828 3 8 1
83.882 2 8 1
83.991 4 8 1
83.991 1 8 1
84.136 4 8 1
84.136 3 8 1
84.281 4 8 1
84.281 3 8 1
84.426 3 8 1
84.426 4 8 1
84.571 3 8 1
84.571 4 8 1
84.715 3 8 1
84.715 4 8 1
84.86 3 8 1
84.86 4 8 1
85.078 2 8 1
85.295 3 8 1
85.513 2 8 1
85.73 1 8 52.2
86.165 4 8 1
86.382 3 8 1
86.6 2 8 1
86.817 4 8 1
87.034 1 8 1
87.252 2 8 1
87.469 1 8 52.2
87.904 4 8 1
88.121 3 8 1
88.339 2 8 1
88.556 3 8 1
88.774 2 8 1
88.991 1 8 1
89.208 3 8 52.2
89.643 4 8 1
89.861 1 8 1
90.078 2 8 1
90.295 3 8 1
90.513 4 8 1
90.73 2 8 1
90.948 3 8 52.08
90.948 4 8 52.08
91.382 2 8 1
91.6 1 8 1
91.817 3 8 1
92.035 2 8 1
92.252 1 8 1
92.47 3 8 1
92.687 2 8 52.2
93.122 4 8 1
93.339 3 8 1
93.557 2 8 1
93.774 1 8 1
93.991 3 8 1
94.209 2 8 1
94.426 1 8 52.2
94.861 3 8 1
95.078 4 8 1
95.296 3 8 1
95.513 2 8 1
95.731 1 8 1
95.948 3 8 1
96.165 2 8 52.2
96.6 4 8 1
96.818 1 8 1
97.035 2 8 1
97.252 3 8 1
97.47 4 8 1
97.687 2 8 1
97.905 4 8 39.12
98.339 1 8 1
98.557 3 8 1
98.774 2 8 1
98.774 4 8 1
98.992 1 8 1
99.209 2 8 1
99.426 3 8 1
99.644 4 8 52.2
100.079 1 8 1
100.296 3 8 1
100.513 2 8 1
100.731 1 8 1
100.948 4 8 1
101.166 3 8 1
101.383 3 8 52.2
101.818 2 8 1
102.035 4 8 1
102.253 2 8 1
102.47 2 8 1
102.687 3 8 26.16
102.905 1 8 1
103.122 2 8 52.2
103.557 1 8 1
103.774 3 8 1
103.992 2 8 1
104.209 3 8 1
104.427 1 8 1
104.644 4 8 1
104.862 1 8 52.08
105.296 4 8 1
105.514 2 8 1
105.731 1 8 1
105.949 3 8 1
106.166 2 8 1
106.383 2 8 1
106.601 3 8 52.2
107.036 1 8 1
107.253 2 8 1
107.47 3 8 1
107.688 2 8 1
107.905 4 8 1
108.123 1 8 1
108.34 3 8 52.2
108.775 4 8 1
108.992 3 8 1
109.21 2 8 1
109.427 3 8 1
109.644 2 8 1
109.862 4 8 1
110.079 2 8 52.2
110.514 1 8 1
110.731 2 8 1
110.949 2 8 1
111.166 3 8 1
111.384 1 8 1
111.601 2 8 1
111.818 1 8 1
111.818 4 8 39.24
112.036 2 8 1
112.253 3 8 39.12
112.579 4 8 1
112.688 2 8 1
112.797 1 8 108.72
113.232 4 8 1
113.34 3 8 1
113.449 2 8 1
113.558 4 8 52.08
113.992 3 8 1
114.101 2 8 26.16
114.319 3 8 1
114.427 1 8 1
114.427 4 8 52.2
114.862 2 8 1
114.971 3 8 1
115.079 2 8 13.08
115.188 4 8 13.08
115.297 1 8 45.6
115.732 3 8 1
115.949 3 8 1
116.058 1 8 1
116.166 1 8 78.36
116.71 2 8 1
116.819 3 8 1
116.927 4 8 1
117.036 1 8 32.64
117.036 3 8 1
117.362 1 8 13.08
117.471 4 8 1
117.688 2 8 1
117.797 1 8 13.08
117.906 4 8 39.12
118.232 2 8 1
118.341 4 8 1
118.449 2 8 1
118.558 2 8 26.04
118.667 3 8 1
118.775 1 8 1
118.775 4 8 52.2
119.21 3 8 1
119.428 3 8 1
119.536 2 8 1
119.645 1 8 52.2
119.645 4 8 1
119.971 4 8 1
120.08 2 8 1
120.188 2 8 1
120.297 2 8 1
120.406 4 8 1
120.515 1 8 52.08
120.841 3 8 1
120.949 3 8 39.12
121.058 2 8 1
121.275 1 8 13.08
121.384 4 8 39.12
121.71 2 8 1
121.819 2 8 1
122.036 3 8 1
122.145 4 8 13.08
122.254 1 8 39.12
122.58 3 8 13.08
122.689 4 8 1
122.906 3 8 1
123.015 2 8 1
123.123 1 8 52.2
123.45 2 8 1
123.667 1 8 39.12
123.776 3 8 1
123.884 4 8 1
123.993 4 8 52.2
124.428 3 8 1
124.537 2 8 1
124.645 4 8 26.16
124.754 3 8 1
124.863 2 8 1
124.863 1 8 52.08
125.08 4 8 1
125.297 3 8 1
125.406 3 8 1
125.515 4 8 13.08
125.624 2 8 1
125.732 1 8 1
125.732 3 8 1
125.877 1 8 1
125.877 2 8 1
126.004 2 8 1
126.022 1 8 1
126.167 1 8 1
126.167 2 8 1
126.312 1 8 1
126.312 2 8 1
126.457 1 8 1
126.457 2 8 1
126.602 2 8 1
126.602 1 8 1
126.602 4 8 1
126.711 3 8 1
126.819 2 8 1
126.928 4 8 1
127.037 1 8 1
127.037 2 8 1
127.145 4 8 1
127.254 1 8 1
127.363 1 8 1
127.471 3 8 1
127.471 4 8 1
127.58 1 8 1
127.689 2 8 1
127.798 3 8 1
127.906 1 8 1
127.906 2 8 1
128.015 3 8 1
128.015 4 8 1
128.124 2 8 1
128.232 4 8 1
128.341 1 8 1
128.341 3 8 1
128.45 1 8 1
128.558 2 8 1
128.667 4 8 1
128.776 1 8 1
128.776 3 8 1
128.885 1 8 1
128.993 3 8 1
129.102 2 8 1
129.211 3 8 1
129.211 4 8 1
129.319 2 8 1
129.428 3 8 1
129.537 1 8 1
129.646 2 8 1
129.646 4 8 1
129.754 3 8 1
129.863 1 8 1
129.863 4 8 1
129.972 3 8 1
130.08 2 8 1
130.08 3 8 1
130.189 1 8 1
130.298 2 8 1
130.406 1 8 1
130.406 3 8 1
130.515 4 8 1
130.624 1 8 1
130.733 2 8 1
130.733 4 8 1
130.841 3 8 1
130.95 1 8 1
130.95 2 8 1
131.059 4 8 1
131.167 2 8 1
131.276 1 8 1
131.385 3 8 1
131.385 4 8 1
131.493 2 8 1
131.602 1 8 1
131.602 4 8 1
131.711 1 8 1
131.82 3 8 1
131.82 4 8 1
131.928 2 8 1
132.037 1 8 1
132.146 4 8 1
132.254 1 8 1
132.254 2 8 1
132.363 3 8 1
132.472 2 8 1
132.472 4 8 1
132.58 3 8 1
132.689 3 8 1
132.689 1 8 1
132.798 2 8 1
132.907 3 8 1
132.907 4 8 1
133.015 2 8 1
133.124 1 8 1
133.124 4 8 1
133.233 3 8 1
133.341 1 8 1
133.45 4 8 1
133.559 2 8 1
133.559 1 8 1
133.667 3 8 1
133.776 2 8 1
133.885 4 8 1
133.994 3 8 1
133.994 1 8 1
134.102 2 8 1
134.211 4 8 1
134.32 2 8 1
134.428 3 8 1
134.428 4 8 1
134.537 1 8 1
134.646 2 8 1
134.754 4 8 1
134.863 1 8 1
134.863 2 8 1
134.863 3 8 1
134.972 4 8 1
135.081 1 8 1
135.081 2 8 1
135.189 4 8 1
135.298 1 8 1
135.298 3 8 1
135.407 3 8 1
135.515 4 8 1
135.624 3 8 1
135.733 2 8 1
135.733 1 8 1
135.842 4 8 1
135.95 2 8 1
136.059 3 8 1
136.168 1 8 1
136.168 3 8 1
136.276 4 8 1
136.385 2 8 1
136.494 4 8 1
136.602 1 8 1
136.602 2 8 1
136.711 4 8 1
136.82 1 8 1
136.929 2 8 1
137.037 3 8 1
137.037 4 8 1
137.146 2 8 1
137.255 1 8 1
137.363 3 8 1
137.472 1 8 1
137.472 2 8 1
137.581 4 8 1
137.689 3 8 1
137.798 1 8 1
137.907 4 8 1
137.907 2 8 1
138.016 3 8 1
138.124 4 8 1
138.233 2 8 1
138.342 3 8 1
138.342 1 8 1
138.45 4 8 1
138.559 2 8 1
138.668 3 8 1
138.776 1 8 1
138.776 2 8 1
138.885 4 8 1
138.994 2 8 1
139.103 4 8 1
139.211 3 8 1
139.211 1 8 1
139.284 2 8 1
139.356 4 8 1
139.501 4 8 1
139.574 3 8 1
139.646 4 8 1
139.791 3 8 1
139.791 4 8 1
139.936 4 8 1
139.936 3 8 1
140.081 3 8 1
140.081 4 8 1
140.226 3 8 1
140.371 4 8 1
140.371 2 8 1
140.516 1 8 1
140.516 2 8 1
140.624 3 8 1
140.733 1 8 1
140.842 4 8 1
140.95 3 8 1
140.95 2 8 1
141.059 4 8 1
141.168 1 8 1
141.277 4 8 1
141.385 1 8 1
141.385 2 8 1
141.385 3 8 1
141.494 4 8 1
141.603 1 8 1
141.711 3 8 1
141.82 1 8 1
141.82 4 8 1
141.929 3 8 1
142.038 4 8 1
142.146 3 8 1
142.255 1 8 1
142.255 2 8 1
142.364 4 8 1
142.472 1 8 1
142.581 2 8 1
142.69 3 8 1
142.798 1 8 1
142.907 3 8 1
143.016 2 8 1
143.125 3 8 1
143.125 4 8 1
143.233 2 8 1
143.342 1 8 1
143.451 1 8 1
143.559 2 8 1
143.559 4 8 1
143.668 3 8 1
143.777 1 8 1
143.777 4 8 1
143.885 3 8 1
143.994 4 8 1
143.994 1 8 1
144.103 3 8 1
144.212 2 8 1
144.32 4 8 1
144.429 1 8 1
144.429 3 8 1
144.538 4 8 1
144.646 2 8 1
144.755 3 8 1
144.864 1 8 1
144.864 4 8 1
144.972 3 8 1
145.081 2 8 1
145.19 4 8 1
145.299 1 8 1
145.299 2 8 1
145.407 4 8 1
145.516 2 8 1
145.516 1 8 1
145.625 3 8 1
145.733 3 8 1
145.842 2 8 1
145.951 1 8 1
145.951 4 8 1
146.059 2 8 1
146.168 1 8 1
146.168 3 8 1
146.277 4 8 1
146.386 2 8 1
146.494 3 8 1
146.603 2 8 1
146.603 4 8 1
146.712 1 8 1
146.82 2 8 1
146.82 3 8 1
146.929 1 8 1
147.038 3 8 1
147.038 4 8 1
147.146 2 8 1
147.255 4 8 1
147.364 1 8 1
147.473 3 8 1
147.473 4 8 1
147.581 2 8 1
147.69 1 8 1
147.799 2 8 1
147.907 1 8 1
147.907 4 8 1
148.016 3 8 1
148.125 2 8 1
148.234 3 8 1
148.342 1 8 1
148.342 2 8 1
148.451 4 8 1
148.56 3 8 1
148.668 1 8 1
148.777 2 8 1
148.777 3 8 1
148.777 1 8 1
148.886 4 8 1
148.994 3 8 1
149.103 2 8 1
149.212 1 8 1
149.212 4 8 1
149.321 1 8 1
149.429 2 8 1
149.538 1 8 1
149.647 2 8 1
149.647 3 8 1
149.755 1 8 1
149.864 3 8 1
149.973 2 8 1
150.081 1 8 1
150.081 4 8 1
150.19 2 8 1
150.299 4 8 1
150.408 3 8 1
150.516 1 8 1
150.516 2 8 1
150.625 3 8 1
150.734 1 8 1
150.842 2 8 1
150.951 4 8 1
150.951 1 8 1
151.06 3 8 1
151.168 4 8 1
151.277 2 8 1
151.386 1 8 1
151.386 3 8 1
151.495 4 8 1
151.603 1 8 1
151.712 4 8 1
151.821 1 8 1
151.821 3 8 1
151.929 2 8 1
152.038 3 8 1
152.147 1 8 1
152.255 4 8 1
152.364 1 8 1
152.473 3 8 1
152.473 2 8 1
152.582 4 8 1
152.69 1 8 1
152.69 3 8 52.2
153.125 1 8 1
153.125 2 8 52.2
153.56 1 8 1
153.56 3 8 52.2
153.995 1 8 12.96
153.995 2 8 39.12
154.43 2 8 12.96
154.43 4 8 12.96
154.538 1 8 1
154.647 2 8 1
154.647 3 8 26.04
154.756 4 8 12.96
154.864 1 8 13.08
154.864 2 8 1
154.973 3 8 1
155.082 4 8 39.12
155.082 1 8 12.96
155.19 2 8 52.2
155.299 3 8 1
155.299 1 8 1
155.408 3 8 6.48
155.517 1 8 6.48
155.625 4 8 1
155.734 1 8 1
155.734 2 8 1
155.734 3 8 39.12
155.843 4 8 1
155.951 1 8 1
156.06 4 8 13.08
156.169 1 8 39.12
156.169 2 8 6.48
156.169 3 8 1
156.277 4 8 1
156.386 3 8 13.08
156.495 2 8 13.08
156.604 3 8 12.96
156.604 4 8 6.48
156.658 2 8 6.48
156.712 1 8 13.08
156.821 4 8 1
156.875 3 8 19.56
156.93 4 8 1
157.038 1 8 52.2
157.038 2 8 13.08
157.147 4 8 1
157.256 2 8 1
157.364 3 8 1
157.473 2 8 1
157.473 4 8 1
157.582 3 8 26.04
157.691 1 8 1
157.691 4 8 58.68
157.799 2 8 1
157.908 2 8 1
157.962 1 8 1
158.017 3 8 1
158.125 1 8 26.16
158.234 2 8 13.08
158.343 3 8 26.04
158.343 4 8 1
158.451 1 8 1
158.451 2 8 1
158.56 1 8 13.08
158.669 2 8 13.08
158.778 3 8 26.04
158.778 4 8 39.12
158.886 2 8 1
158.995 1 8 1
159.104 1 8 1
159.212 4 8 1
159.212 3 8 1
159.321 1 8 1
159.43 2 8 12.96
159.538 4 8 1
159.647 2 8 1
159.647 1 8 39.12
159.756 4 8 1
159.865 3 8 12.96
159.973 2 8 1
160.082 4 8 1
160.082 1 8 13.08
160.082 3 8 1
160.191 2 8 1
160.191 4 8 1
160.299 3 8 13.08
160.408 1 8 13.08
160.517 3 8 26.04
160.517 4 8 1
160.626 1 8 26.04
160.734 2 8 1
160.734 4 8 1
160.843 3 8 1
160.952 1 8 12.96
160.952 2 8 26.04
160.952 4 8 1
161.06 3 8 1
161.169 1 8 13.08
161.169 4 8 21.72
161.278 3 8 1
161.386 1 8 6.6
161.386 3 8 1
161.495 4 8 6.48
161.604 2 8 26.04
161.713 4 8 1
161.821 3 8 16.32
161.876 2 8 19.56
161.93 1 8 1
162.039 3 8 12.96
162.134 2 8 27.72
162.147 1 8 1
162.229 3 8 1
162.242 4 8 42.48
162.365 3 8 12.96
162.569 1 8 1
162.691 4 8 1
162.691 3 8 26.04
162.8 1 8 6.48
162.908 4 8 6.6
163.017 3 8 26.04
163.126 2 8 1
163.126 1 8 1
163.234 4 8 26.16
163.343 3 8 13.08
163.452 1 8 1
163.56 2 8 6.6
163.56 4 8 1
163.615 1 8 28.2
163.669 4 8 1
163.778 2 8 1
163.778 3 8 13.08
163.887 4 8 26.04
163.995 2 8 1
163.995 1 8 1
164.104 3 8 26.04
164.213 1 8 1
164.321 2 8 1
164.43 1 8 1
164.43 3 8 6.48
164.43 4 8 1
164.539 4 8 1
164.647 1 8 1
164.647 2 8 13.08
164.756 4 8 1
164.865 2 8 1
164.865 3 8 1
164.865 4 8 39.12
164.974 1 8 1
164.974 3 8 12.96
165.082 2 8 26.16
165.191 3 8 1
165.3 4 8 104.28
165.3 1 8 1
165.408 3 8 1
165.408 2 8 13.08
165.517 1 8 1
165.626 3 8 1
165.734 1 8 13.08
165.734 2 8 1
165.843 3 8 26.16
165.952 1 8 1
166.061 2 8 1
166.169 3 8 1
166.169 1 8 1
166.278 2 8 13.08
166.387 3 8 26.04
166.495 1 8 1
166.604 2 8 13.08
166.604 4 8 1
166.713 1 8 13.08
166.822 4 8 12.96
166.93 2 8 13.08
167.039 3 8 1
167.039 4 8 52.2
167.148 3 8 1
167.256 1 8 1
167.365 2 8 1
167.474 1 8 1
167.474 2 8 1
167.619 4 8 1
167.619 3 8 1
167.764 3 8 1
167.764 4 8 1
167.909 1 8 1
167.909 2 8 1
167.909 3 8 1
168.053 2 8 1
168.053 1 8 1
168.198 3 8 1
168.198 4 8 1
168.343 1 8 1
168.343 3 8 1
168.343 4 8 1
168.416 2 8 23.88
168.452 4 8 1
168.561 1 8 6.48
168.669 3 8 1
168.778 1 8 1
168.778 4 8 8.76
168.778 2 8 11.4
168.86 3 8 1
168.887 4 8 1.56
168.923 2 8 10.32
168.923 1 8 1
169.009 3 8 1
169.118 1 8 4.92
169.213 1 8 39.12
169.213 2 8 1
169.213 4 8 1
169.322 4 8 1
169.43 3 8 13.08
169.539 2 8 1
169.648 1 8 12.96
169.648 3 8 39.12
169.756 4 8 1
169.865 4 8 1
169.974 2 8 32.64
169.974 1 8 1
170.083 4 8 1
170.083 3 8 6.48
170.191 1 8 19.56
170.3 3 8 1
170.354 2 8 6.6
170.409 4 8 6.48
170.517 3 8 24.48
170.517 2 8 13.08
170.626 1 8 1
170.721 4 8 14.64
170.771 2 8 1
170.789 3 8 13.08
170.843 1 8 1
170.952 4 8 39.12
170.966 3 8 4.92
171.061 1 8 1
171.17 3 8 1
171.278 2 8 6.6
171.387 4 8 1
171.387 3 8 45.6
171.441 2 8 6.6
171.496 1 8 1
171.604 2 8 13.08
171.604 4 8 1
171.713 1 8 1
171.767 2 8 13.08
171.822 4 8 1
171.822 3 8 6.48
171.93 1 8 6.6
172.039 3 8 1
172.148 3 8 1
172.202 4 8 1
172.257 2 8 11.4
172.311 1 8 6.48
172.311 3 8 1
172.365 4 8 1
172.42 2 8 1
172.474 1 8 19.56
172.528 3 8 1
172.583 4 8 1
172.691 1 8 13.08
172.691 3 8 1
172.691 2 8 13.08
172.8 4 8 1
172.854 3 8 1
173.018 3 8 1
173.126 4 8 24.48
173.235 1 8 1
173.289 3 8 19.56
173.33 2 8 1
173.452 4 8 1
173.507 1 8 1
173.561 4 8 1
173.561 2 8 52.2
173.561 3 8 39.12
173.67 1 8 1
173.778 1 8 1
173.887 4 8 1
173.996 1 8 32.64
173.996 3 8 1
174.118 2 8 11.4
174.213 3 8 1
174.268 4 8 1
174.322 1 8 6.48
174.376 3 8 1
174.431 4 8 1
174.444 2 8 1
174.485 3 8 52.2
174.539 1 8 1
174.648 1 8 1
174.648 2 8 1
174.702 4 8 2.28
174.757 1 8 1
174.811 2 8 39.12
174.865 1 8 1
174.865 4 8 1
174.974 4 8 1
175.083 1 8 13.08
175.192 3 8 1
175.192 4 8 1
175.3 1 8 1
175.3 4 8 39.12
175.409 2 8 1
175.409 3 8 1
175.518 1 8 1
175.626 3 8 1
175.654 1 8 5.4
175.735 2 8 11.4
175.771 3 8 13.08
175.83 4 8 8.16
175.939 1 8 1
175.989 3 8 15.24
176.061 2 8 13.08
176.17 3 8 6.48
176.17 4 8 39.12
176.279 1 8 1
176.387 2 8 1
176.496 1 8 1
176.605 2 8 26.04
176.605 4 8 1
176.713 1 8 13.08
176.713 3 8 1
176.822 4 8 1
176.931 1 8 1
177.039 4 8 1
177.039 1 8 1
177.039 3 8 6.6
177.148 2 8 1
177.148 4 8 26.16
177.203 3 8 1
177.257 1 8 1
177.257 2 8 6.48
177.366 3 8 12.96
177.474 1 8 1
177.474 2 8 21.72
177.529 4 8 1
177.583 3 8 13.08
177.655 1 8 1
177.692 2 8 6.48
177.746 3 8 6.48
177.787 4 8 1
177.837 1 8 1
177.896 3 8 1
177.945 1 8 28.32
177.963 2 8 2.28
178.018 4 8 1
178.072 2 8 1
178.126 3 8 1
178.235 1 8 6.6
178.235 2 8 6.6
178.29 4 8 1
178.344 2 8 6.48
178.398 3 8 1
178.453 4 8 1
178.507 3 8 1
178.561 1 8 13.08
178.561 2 8 13.08
178.616 3 8 1
178.67 4 8 1
178.779 2 8 1
178.779 3 8 1
178.833 1 8 1
178.887 4 8 1
178.942 3 8 1
178.996 1 8 1
179.05 2 8 1
179.105 3 8 1
179.159 4 8 1
179.214 1 8 1
179.268 2 8 1
179.322 3 8 1
179.377 1 8 1
179.431 4 8 1
179.485 3 8 1
179.512 1 8 1
179.594 2 8 1
179.648 4 8 1
179.648 3 8 1
179.703 1 8 1
179.757 2 8 1
179.811 4 8 1
179.866 3 8 1
179.92 2 8 1
179.974 4 8 1
180.029 3 8 1
180.083 1 8 1
180.083 4 8 1
180.137 2 8 1
180.192 1 8 1
180.246 4 8 1
180.301 3 8 1
180.355 2 8 1
180.409 1 8 1
180.464 3 8 1
180.518 2 8 1
180.572 1 8 1
180.572 3 8 1
180.627 4 8 1
180.681 2 8 1
180.735 4 8 1
180.79 3 8 1
180.844 2 8 1
180.898 1 8 1
180.953 3 8 1
180.953 4 8 1
181.007 1 8 1
181.061 2 8 1
181.116 1 8 1
181.17 3 8 1
181.224 1 8 1
181.279 2 8 1
181.333 4 8 1
181.388 2 8 1
181.388 1 8 1
181.822 3 8 1
181.822 4 8 1
182.04 2 8 1
182.257 1 8 1
182.257 2 8 1
182.475 3 8 1
182.692 2 8 1
182.909 3 8 1
183.127 4 8 52.2
183.562 2 8 1
183.779 1 8 1
183.996 2 8 1
184.214 4 8 1
184.431 1 8 1
184.649 1 8 1
184.866 2 8 52.2
185.301 1 8 1
185.518 4 8 1
185.736 2 8 1
185.953 1 8 1
186.17 3 8 1
186.388 1 8 1
186.605 3 8 52.2
187.04 1 8 1
187.149 4 8 1
187.257 2 8 1
187.475 1 8 1
187.692 1 8 1
187.91 3 8 1
188.127 2 8 1
188.344 4 8 52.2
188.779 1 8 1
188.997 3 8 1
189.214 2 8 1
189.431 1 8 1
189.649 3 8 1
189.866 2 8 1
190.084 4 8 52.08
190.518 1 8 1
190.736 3 8 1
190.953 1 8 1
191.171 4 8 1
191.402 2 8 1
191.606 4 8 1
191.837 2 8 52.08
192.271 3 8 1
192.489 4 8 1
192.706 2 8 1
192.924 3 8 1
193.141 2 8 1
193.345 2 8 1
193.562 3 8 53.88
194.011 1 8 1
194.228 3 8 1
194.445 1 8 1
194.663 3 8 1
194.88 4 8 1
195.098 2 8 1
195.315 3 8 52.2
195.75 1 8 1
195.967 4 8 1
196.185 3 8 1
196.402 2 8 1
196.619 1 8 1
196.837 2 8 1
197.054 4 8 52.2
197.489 1 8 1
197.706 3 8 1
197.924 1 8 1
198.141 3 8 1
198.359 1 8 1
198.576 3 8 1
198.793 1 8 52.2
199.228 4 8 1
199.446 3 8 1
199.663 2 8 1
199.88 3 8 1
200.098 4 8 1
200.315 2 8 1
200.533 2 8 24.36
200.967 1 8 1
201.185 2 8 1
201.402 3 8 1
201.62 1 8 1
201.837 3 8 1
202.054 2 8 1
202.272 4 8 26.04
202.272 3 8 26.04
202.924 1 8 1
203.141 4 8 1
203.359 3 8 1
203.576 2 8 1
203.807 3 8 1
204.025 2 8 50.52
204.446 4 8 1
204.663 3 8 1
204.881 2 8 1
205.098 4 8 1
205.316 3 8 1
205.533 2 8 1
205.764 1 8 50.52
206.185 4 8 1
206.416 3 8 1
206.62 2 8 1
206.837 4 8 1
207.068 3 8 1
207.272 2 8 1
207.503 2 8 50.52
207.924 1 8 27.72
208.155 2 8 1
208.373 2 8 1
208.59 3 8 1
208.808 2 8 1
209.025 3 8 1
209.242 4 8 91.32
209.568 3 8 1
210.112 4 8 1
210.112 3 8 1
210.438 3 8 1
210.764 3 8 1
210.982 4 8 104.28
211.199 3 8 78.24
211.525 2 8 1
211.851 2 8 1
212.069 3 8 1
212.395 2 8 1
212.721 2 8 1
212.938 1 8 63.6
213.264 2 8 24.48
213.59 1 8 1
213.808 1 8 78.24
214.134 2 8 26.04
214.46 2 8 91.32
214.677 1 8 91.32
215.004 3 8 14.04
215.33 2 8 12.96
215.547 2 8 1
215.873 2 8 1
216.199 1 8 1
216.417 1 8 65.16
216.743 2 8 26.04
