1.949 4 8 1
1.949 3 8 1
2.279 1 8 1
2.443 2 8 1
2.608 1 8 1
2.773 2 8 1
2.938 3 8 1
3.268 1 8 1
3.268 4 8 1
3.268 2 8 1
3.597 3 8 1
3.762 2 8 1
3.927 2 8 1
4.092 1 8 1
4.257 1 8 1
4.586 3 8 1
4.916 1 8 1
4.916 2 8 1
4.916 3 8 1
5.246 1 8 1
5.246 4 8 1
5.575 1 8 1
5.575 2 8 1
5.658 4 8 1
5.905 1 8 1
5.905 4 8 1
6.235 4 8 1
6.564 4 8 1
6.894 4 8 1
7.224 4 8 1
7.224 3 8 1
7.553 2 8 1
7.718 1 8 1
7.883 3 8 1
8.048 2 8 1
8.213 3 8 1
8.542 4 8 1
8.542 1 8 1
8.542 2 8 1
8.872 3 8 1
9.037 3 8 1
9.202 4 8 1
9.366 4 8 1
9.531 1 8 1
9.861 2 8 1
10.191 2 8 1
10.191 3 8 1
10.191 4 8 1
10.520 3 8 1
10.850 2 8 1
10.850 3 8 1
11.180 2 8 158.16
11.180 3 8 79.08
11.180 4 8 1
11.674 1 8 19.8
11.839 4 8 1
12.169 1 8 39.48
12.498 3 8 1
12.498 4 8 1
12.828 4 8 1
12.993 1 8 1
13.158 2 8 1
13.323 1 8 1
13.487 3 8 1
13.817 3 8 1
13.817 4 8 1
14.064 3 8 1
14.147 4 8 1
14.312 2 8 1
14.476 4 8 1
14.476 1 8 1
14.641 3 8 1
14.806 2 8 1
15.136 1 8 1
15.465 2 8 1
15.465 3 8 1
15.465 4 8 1
15.795 1 8 1
15.795 4 8 1
16.125 1 8 1
16.125 2 8 1
16.125 3 8 1
16.454 2 8 1
16.454 3 8 1
16.784 1 8 1
17.114 1 8 9.84
17.443 2 8 19.8
17.608 3 8 1
17.773 3 8 39.6
17.773 4 8 1
17.773 1 8 1
18.103 1 8 1
18.103 2 8 9.84
18.268 1 8 1
18.432 2 8 3w3
18.432 4 8 1
18.597 2 8 9.96
18.762 3 8 1
18.762 4 8 9.84
19.092 1 8 19.8
19.092 2 8 19.8
19.421 1 8 1
19.421 2 8 1
19.586 2 8 9.96
19.586 4 8 1
19.751 2 8 9.84
19.916 4 8 9.84
20.081 1 8 1
20.081 3 8 32.88
20.740 3 8 1
20.740 4 8 1
21.070 2 8 1
21.399 2 8 1
21.399 1 8 1
21.729 1 8 79.08
21.729 2 8 79.08
21.729 4 8 1
22.059 3 8 39.48
22.388 4 8 1
22.718 3 8 1
22.801 2 8 12.36
22.904 1 8 1
23.048 4 8 1
23.048 2 8 1
23.377 2 8 1
23.707 3 8 1
23.872 2 8 1
24.037 1 8 1
24.202 2 8 1
24.366 3 8 1
24.449 4 8 1
24.531 1 8 1
24.696 3 8 1
25.026 2 8 1
25.026 4 8 1
25.355 4 8 1
25.685 3 8 1
26.015 3 8 1
26.344 2 8 1
26.509 1 8 1
26.674 3 8 1
26.839 2 8 1
27.004 2 8 1
27.059 1 8 1
27.169 3 8 1
27.333 1 8 1
27.663 1 8 1
27.993 2 8 1
28.322 3 8 1
28.652 3 8 1
28.982 1 8 1
29.147 2 8 1
29.312 1 8 1
29.476 3 8 1
29.641 2 8 1
29.641 4 8 1
30.301 3 8 1
30.630 3 8 1
30.960 4 8 1
31.290 2 8 1
31.290 3 8 1
31.619 2 8 1
31.949 4 8 1
32.279 3 8 1
32.608 2 8 1
32.938 2 8 1
33.268 2 8 39.48
33.597 1 8 158.28
33.597 3 8 1
33.927 2 8 19.8
33.927 3 8 19.8
34.092 4 8 1
34.257 2 8 19.68
34.421 4 8 6.6
34.586 2 8 1
34.586 3 8 1
34.751 4 8 1
34.916 2 8 1
34.916 3 8 39.6
35.081 2 8 1
35.081 4 8 19.8
35.246 1 8 39.48
35.575 2 8 39.6
35.575 4 8 1
35.905 4 8 1
36.235 1 8 1
36.235 3 8 39.48
36.564 2 8 19.8
36.729 3 8 9.84
36.729 1 8 1
36.894 3 8 118.68
37.059 4 8 1
37.224 2 8 19.68
37.388 4 8 19.8
37.553 2 8 1
37.553 1 8 19.8
37.718 4 8 1
37.883 1 8 14.88
37.883 2 8 1
38.213 1 8 39.48
38.213 3 8 1
38.542 4 8 1
38.542 2 8 13.2
38.872 2 8 24.72
38.872 4 8 49.44
39.202 2 8 9.84
39.202 1 8 9.84
39.449 3 8 1
39.531 2 8 9.96
39.531 4 8 1
39.696 2 8 9.96
39.861 4 8 1
39.861 1 8 1
40.026 1 8 9.84
40.191 3 8 9.84
40.191 4 8 9.84
40.355 1 8 9.96
40.355 2 8 9.96
40.520 1 8 19.8
40.685 3 8 1
40.850 3 8 39.6
40.850 4 8 39.6
41.180 1 8 1
41.180 2 8 1
41.509 1 8 19.8
41.509 2 8 1
41.674 3 8 19.8
41.839 1 8 29.64
42.004 3 8 9.84
42.004 4 8 1
42.169 1 8 1
42.169 2 8 19.68
42.333 1 8 9.96
42.498 3 8 1
42.581 1 8 1
42.608 2 8 1
42.663 4 8 1
42.704 1 8 1
42.773 3 8 1
42.828 4 8 59.28
42.828 1 8 79.08
42.828 2 8 59.28
42.993 3 8 39.48
43.487 2 8 19.8
43.487 4 8 1
43.487 3 8 49.44
43.817 2 8 26.4
43.817 1 8 1
43.817 4 8 19.8
44.037 4 8 1
44.037 3 8 6.6
44.147 4 8 1
44.147 3 8 39.48
44.476 4 8 1
44.476 1 8 1
44.806 2 8 1
44.806 4 8 1
44.806 3 8 13.2
44.971 3 8 1
45.012 1 8 1
45.026 2 8 1
45.081 4 8 1
45.136 2 8 1
45.136 3 8 1
45.355 1 8 1
45.355 2 8 1
45.465 2 8 1
45.465 1 8 13.2
45.465 3 8 13.2
45.795 1 8 1
45.795 3 8 13.2
45.795 4 8 1
46.125 1 8 1
46.125 3 8 12.36
46.454 2 8 1
46.454 3 8 1
46.674 3 8 1
46.674 4 8 1
46.784 1 8 22.2
46.784 2 8 22.2
47.114 1 8 1
47.114 2 8 1
47.443 2 8 1
47.443 3 8 1
47.443 4 8 1
47.663 1 8 1
47.663 3 8 1
47.773 2 8 1
47.993 2 8 1
47.993 3 8 1
47.993 4 8 27.96
48.103 2 8 14.76
48.103 3 8 14.76
48.432 1 8 26.4
48.432 2 8 19.8
48.432 4 8 1
48.762 1 8 1
48.762 3 8 1
48.982 2 8 1
48.982 4 8 1
49.092 2 8 1
49.092 4 8 1
49.311 2 8 1
49.311 4 8 1
49.421 1 8 26.4
49.421 2 8 26.4
49.421 4 8 26.4
49.751 4 8 1
49.751 2 8 1
50.081 2 8 1
50.081 4 8 1
50.081 1 8 1
50.246 4 8 1
50.300 1 8 1
50.355 2 8 1
50.410 4 8 1
50.410 3 8 1
50.630 1 8 1
50.630 2 8 1
50.740 2 8 13.2
50.740 4 8 13.2
51.070 1 8 1
51.070 2 8 1
51.070 3 8 26.28
51.399 4 8 1
51.399 2 8 1
51.399 3 8 1
52.059 1 8 1
52.059 2 8 39.48
52.059 4 8 1
52.718 2 8 39.6
52.718 3 8 1
52.718 4 8 17.28
53.377 1 8 39.6
53.377 2 8 27.24
53.707 3 8 1
53.707 4 8 26.4
54.037 1 8 1
54.366 1 8 1
54.366 3 8 1
54.449 2 8 1
54.531 4 8 1
54.593 3 8 1
54.696 1 8 1
54.696 2 8 1
54.751 3 8 19.8
55.026 1 8 1
55.026 2 8 1
55.355 1 8 1
55.355 2 8 1
55.355 4 8 1
55.465 1 8 1
55.575 3 8 1
55.575 4 8 1
55.685 2 8 1
55.685 1 8 1
55.905 2 8 1
55.905 3 8 1
56.015 2 8 19.8
56.015 1 8 19.8
56.344 2 8 22.32
56.344 3 8 1
56.344 1 8 12.36
56.674 1 8 1
56.674 2 8 19.8
56.674 3 8 1
57.004 1 8 1
57.004 2 8 1
57.004 4 8 1
57.333 2 8 1
57.333 3 8 1
57.333 4 8 26.4
57.663 3 8 1
57.663 4 8 1
57.993 3 8 1
57.993 1 8 13.2
57.993 2 8 1
58.199 2 8 1
58.213 1 8 1
58.213 4 8 1
58.322 3 8 13.2
58.322 4 8 1
58.542 1 8 1
58.542 2 8 1
58.652 1 8 24.72
58.652 3 8 24.72
58.982 2 8 13.2
58.982 3 8 13.2
58.982 1 8 13.2
59.311 1 8 1
59.311 3 8 1
59.531 1 8 1
59.531 2 8 1
59.641 3 8 1
59.641 1 8 1
59.827 2 8 1
59.888 3 8 1
59.971 1 8 26.4
59.971 3 8 26.4
60.300 1 8 1
60.300 3 8 1
60.630 2 8 1
60.630 3 8 1
60.630 1 8 13.2
60.850 4 8 1
60.850 1 8 1
60.850 2 8 1
60.960 1 8 1
60.960 3 8 1
61.180 2 8 1
61.180 1 8 13.08
61.289 3 8 1
61.289 4 8 1
61.619 3 8 1
61.619 4 8 19.8
61.949 1 8 1
61.949 2 8 19.8
61.949 3 8 1
62.278 3 8 1
62.608 1 8 1
62.608 2 8 19.8
62.608 4 8 1
62.938 1 8 1
63.268 2 8 39.48
63.268 3 8 1
63.268 4 8 1
63.597 3 8 19.8
63.762 1 8 1
63.762 4 8 1
63.927 2 8 26.4
63.927 3 8 39.6
64.257 1 8 1
64.257 4 8 1
64.257 2 8 1
64.586 3 8 1
64.586 4 8 1
64.916 2 8 1
64.916 3 8 1
64.916 1 8 1
65.246 1 8 1
65.246 2 8 1
65.246 4 8 1
65.328 3 8 1
65.575 2 8 1
65.658 1 8 1
65.658 3 8 9.84
65.740 2 8 1
65.740 4 8 1
65.905 2 8 1
65.905 1 8 19.8
65.905 3 8 19.8
65.960 4 8 1
65.987 2 8 49.44
66.235 3 8 9.84
66.235 4 8 9.84
66.317 1 8 19.8
66.399 3 8 9.96
66.564 2 8 9.96
66.564 3 8 4.92
66.564 4 8 19.8
66.729 1 8 9.84
66.894 1 8 19.8
66.976 3 8 9.96
67.059 2 8 1
67.059 4 8 1
67.224 1 8 1
67.224 4 8 1
67.224 3 8 29.64
67.306 2 8 19.8
67.553 2 8 9.96
67.553 3 8 1
67.636 1 8 9.84
67.718 4 8 9.84
67.800 3 8 9.96
67.883 2 8 19.8
67.883 1 8 1
67.883 4 8 19.8
67.965 3 8 1
68.213 3 8 24.72
68.213 4 8 1
68.377 2 8 1
68.460 1 8 1
68.480 3 8 1
68.542 2 8 29.64
68.542 4 8 19.8
68.707 3 8 4.92
68.872 1 8 19.8
68.872 3 8 19.8
69.037 4 8 14.76
69.160 3 8 1
69.202 2 8 1
69.257 4 8 1
69.311 2 8 1
69.366 4 8 1
69.366 3 8 1
69.531 2 8 1
69.614 4 8 1
69.696 1 8 1
69.696 2 8 1
69.861 1 8 1
69.861 3 8 39.6
69.861 4 8 29.64
70.191 4 8 1
70.191 1 8 39.48
70.191 2 8 1
70.520 2 8 19.8
70.520 4 8 1
70.685 3 8 1
70.850 2 8 9.84
70.932 1 8 1
71.015 2 8 1
71.097 4 8 1
71.180 1 8 19.68
71.180 2 8 1
71.180 3 8 4.92
71.344 2 8 29.76
71.344 4 8 1
71.509 3 8 9.96
71.592 1 8 9.84
71.592 4 8 9.84
71.674 2 8 1
71.674 3 8 19.8
71.839 4 8 1
71.839 1 8 19.8
71.839 2 8 39.6
72.045 4 8 1
72.169 1 8 1
72.169 3 8 1
72.333 2 8 1
72.333 4 8 1
72.498 2 8 19.8
72.498 1 8 19.8
72.498 3 8 1
72.498 4 8 1
72.663 3 8 19.8
72.828 2 8 29.64
72.828 4 8 1
72.890 1 8 1
72.972 3 8 12.36
73.158 1 8 1
73.158 4 8 1
73.158 2 8 9.84
73.158 3 8 19.68
73.322 1 8 1
73.322 4 8 1
73.487 1 8 19.8
73.487 2 8 19.8
73.652 4 8 1
73.817 1 8 1
73.817 2 8 19.8
73.817 3 8 19.8
73.817 4 8 1
74.092 3 8 46.08
74.188 4 8 17.28
74.476 4 8 1
74.476 1 8 1
74.476 2 8 4.92
74.538 3 8 1
74.586 1 8 1
74.641 4 8 1
74.806 1 8 1
74.806 3 8 1
74.971 1 8 1
74.971 2 8 1
74.971 3 8 1
75.136 1 8 1
75.136 4 8 1
75.465 1 8 1
75.465 2 8 19.8
75.465 3 8 19.8
75.795 2 8 19.8
75.795 1 8 1
75.795 3 8 1
75.795 4 8 1
75.960 4 8 1
76.125 3 8 1
76.125 4 8 1
76.207 1 8 1
76.289 3 8 1
76.289 4 8 1
76.454 1 8 1
76.454 2 8 1
76.454 4 8 19.8
76.454 3 8 19.8
76.619 2 8 14.88
76.784 4 8 19.8
76.839 2 8 5.76
76.887 3 8 7.44
76.949 1 8 19.8
76.949 2 8 1
77.114 3 8 19.68
77.114 2 8 1
77.196 1 8 1
77.196 4 8 1
77.278 2 8 1
77.443 3 8 1
77.443 4 8 1
77.526 1 8 1
77.608 2 8 1
77.608 3 8 1
77.608 4 8 1
77.773 1 8 19.8
77.773 2 8 19.8
77.773 4 8 1
77.938 4 8 1
77.938 3 8 6.6
78.103 2 8 14.76
78.103 4 8 19.68
78.185 3 8 9.84
78.267 1 8 1
78.350 2 8 1
78.432 1 8 1
78.432 3 8 29.76
78.432 4 8 29.76
78.762 2 8 1
78.762 4 8 1
78.844 1 8 1
78.927 2 8 1
78.927 3 8 1
79.092 1 8 1
79.092 3 8 9.84
79.092 4 8 19.68
79.174 2 8 9.84
79.256 3 8 14.88
79.421 1 8 9.96
79.421 2 8 14.88
79.504 4 8 9.84
79.586 3 8 19.8
79.751 1 8 1
79.751 2 8 17.28
79.833 4 8 1
79.916 1 8 1
80.081 3 8 1
80.081 2 8 1
80.081 4 8 1
80.246 1 8 1
80.246 3 8 1
80.246 4 8 1
80.410 4 8 1
80.410 1 8 19.8
80.410 2 8 19.8
80.493 3 8 39.48
80.575 4 8 19.8
80.740 1 8 19.8
80.740 2 8 19.8
80.822 4 8 1
81.070 1 8 39.48
81.070 2 8 19.8
81.070 3 8 1
81.070 4 8 1
81.235 4 8 1
81.317 3 8 1
81.399 2 8 1
81.399 4 8 1
81.564 1 8 1
81.564 2 8 19.8
81.729 4 8 1
81.729 1 8 19.8
81.729 3 8 1
81.894 4 8 6.6
81.894 3 8 19.8
82.059 2 8 9.84
82.059 4 8 19.8
82.141 3 8 9.96
82.224 1 8 1
82.224 2 8 19.68
82.388 1 8 1
82.388 3 8 19.8
82.388 4 8 9.96
82.471 2 8 3.24
82.553 1 8 19.8
82.718 4 8 1
82.718 2 8 1
82.800 3 8 1
82.883 4 8 1
82.883 1 8 1
83.048 1 8 1
83.048 2 8 1
83.048 3 8 19.8
83.048 4 8 1
83.213 1 8 1
83.213 2 8 19.68
83.377 3 8 9.96
83.377 4 8 9.96
83.460 1 8 29.64
83.707 2 8 39.6
83.707 4 8 1
83.707 3 8 1
84.037 1 8 1
84.037 3 8 1
84.202 4 8 1
84.202 2 8 1
84.366 3 8 1
84.366 1 8 1
84.366 2 8 19.8
84.696 2 8 19.8
84.696 4 8 1
85.026 1 8 1
85.026 2 8 59.28
85.026 3 8 1
85.355 1 8 1
85.520 1 8 39.6
85.520 3 8 1
86.015 3 8 1
86.180 4 8 1
86.344 1 8 69.24
86.344 2 8 33
86.344 3 8 1
86.674 4 8 1
86.674 3 8 1
86.839 3 8 1
87.004 4 8 1
87.004 1 8 1
87.004 3 8 1
87.169 2 8 14.76
87.333 3 8 1
87.333 4 8 1
87.498 3 8 19.8
87.663 2 8 1
87.663 1 8 39.6
87.704 4 8 2.52
87.828 3 8 1
87.993 2 8 19.8
87.993 3 8 19.8
88.158 4 8 1
88.158 1 8 1
88.322 2 8 19.8
88.322 3 8 1
88.322 4 8 19.8
88.487 1 8 39.6
88.652 4 8 39.6
88.652 2 8 19.8
88.982 2 8 39.48
88.982 3 8 39.48
88.982 1 8 1
89.311 4 8 9.96
89.476 2 8 1
89.476 3 8 1
89.531 1 8 1
89.641 1 8 1
89.641 3 8 19.8
89.641 4 8 1
89.806 2 8 9.84
89.971 1 8 1
90.136 3 8 1
90.300 1 8 1
90.300 3 8 19.8
90.300 4 8 39.6
90.630 1 8 1
90.795 2 8 19.8
90.795 3 8 1
90.960 1 8 39.48
90.960 3 8 26.4
90.960 4 8 27.12
91.289 4 8 1
91.289 3 8 39.6
91.619 1 8 39.6
91.619 2 8 1
91.619 4 8 59.4
91.949 3 8 19.8
92.114 2 8 1
92.278 1 8 19.8
92.278 2 8 44.52
92.278 4 8 1
92.608 3 8 1
92.608 4 8 6.6
92.663 1 8 6.6
92.773 3 8 1
92.938 2 8 29.64
92.938 3 8 1
92.938 4 8 39.48
92.938 1 8 1
93.267 1 8 5.04
93.267 2 8 9.96
93.432 2 8 19.8
93.597 3 8 39.6
93.597 4 8 19.8
93.762 1 8 19.8
93.927 4 8 19.8
93.927 2 8 19.8
94.256 4 8 1
94.256 1 8 19.8
94.256 2 8 19.8
94.256 3 8 1
94.586 1 8 1
94.751 1 8 1
94.751 3 8 1
94.916 2 8 1
94.916 3 8 1
94.916 4 8 1
95.245 1 8 39.6
95.245 3 8 1
95.575 2 8 39.6
95.575 3 8 1
95.575 4 8 1
95.905 4 8 39.48
96.070 2 8 1
96.070 3 8 1
96.234 2 8 19.8
96.234 1 8 39.6
96.564 3 8 37.08
96.564 4 8 34.68
96.894 1 8 39.6
96.935 2 8 54.36
96.949 4 8 9.48
97.224 4 8 19.68
97.388 3 8 19.8
97.553 1 8 1
97.553 2 8 1
97.553 4 8 1
97.718 3 8 1
97.883 2 8 1
97.883 1 8 19.8
97.883 4 8 1
97.965 3 8 1
98.213 1 8 1
98.213 3 8 1
98.213 4 8 1
98.377 2 8 9.96
98.460 1 8 19.8
98.542 2 8 1
98.542 4 8 9.96
98.707 1 8 19.8
98.707 3 8 1
98.872 2 8 39.6
98.872 3 8 39.6
98.872 4 8 1
99.202 1 8 19.68
99.202 4 8 19.68
99.531 2 8 29.64
99.531 3 8 1
99.531 4 8 39.6
99.861 3 8 1
99.902 1 8 1
99.964 2 8 1
99.971 3 8 1
100.026 4 8 1
100.026 1 8 1
100.108 2 8 1
100.191 4 8 1
100.191 3 8 1
100.355 2 8 1
100.355 1 8 1
100.520 1 8 1
100.520 3 8 1
100.520 4 8 1
100.685 2 8 1
100.850 1 8 19.8
100.850 2 8 19.8
100.850 4 8 1
101.015 3 8 19.8
101.015 4 8 19.8
101.180 2 8 19.68
101.344 4 8 19.8
101.509 2 8 1
101.509 1 8 19.8
101.509 3 8 19.8
101.839 1 8 1
101.839 4 8 9.84
102.169 3 8 1
102.169 4 8 1
102.223 1 8 13.2
102.223 2 8 1
102.333 3 8 1
102.498 2 8 19.8
102.498 4 8 9.96
102.663 1 8 1
102.663 3 8 1
102.828 2 8 1
102.828 1 8 1
102.828 4 8 1
102.883 3 8 1
102.993 1 8 1
103.158 1 8 1
103.158 2 8 1
103.158 4 8 1
103.322 1 8 1
103.322 3 8 1
103.405 2 8 1
103.487 3 8 19.8
103.487 4 8 19.8
103.652 2 8 1
103.652 1 8 1
103.817 1 8 1
103.817 4 8 1
103.982 1 8 1
103.982 2 8 1
103.982 3 8 1
104.147 2 8 19.68
104.147 3 8 19.68
104.147 4 8 1
104.476 1 8 1
104.476 2 8 1
104.476 4 8 1
104.641 1 8 1
104.806 3 8 19.8
104.806 2 8 19.8
104.806 4 8 19.8
105.136 1 8 1
105.136 3 8 19.68
105.300 1 8 1
105.300 2 8 1
105.300 4 8 1
105.465 1 8 39.6
105.465 2 8 1
105.795 2 8 1
105.795 4 8 1
105.960 2 8 1
106.125 2 8 64.2
106.125 3 8 1
106.125 4 8 19.68
106.125 1 8 79.08
106.454 3 8 19.8
106.454 4 8 1
106.784 2 8 52.68
106.784 3 8 26.4
106.784 4 8 52.68
107.114 1 8 1
107.114 3 8 13.08
107.299 4 8 1
107.299 1 8 1
107.333 3 8 1
107.388 2 8 6.6
107.443 1 8 26.4
107.443 3 8 26.4
107.443 4 8 26.4
107.773 1 8 1
107.773 2 8 1
108.103 2 8 1
108.103 3 8 1
108.103 4 8 1
108.267 4 8 1
108.322 1 8 1
108.322 2 8 1
108.377 3 8 1
108.432 4 8 1
108.432 2 8 1
108.652 3 8 1
108.700 1 8 1
108.762 4 8 1
108.762 2 8 1
108.762 3 8 1
109.092 1 8 1
109.092 3 8 1
109.421 1 8 1
109.421 2 8 1
109.751 1 8 1
109.751 2 8 1
110.081 3 8 26.28
110.081 2 8 1
110.081 1 8 26.28
110.410 3 8 1
110.740 1 8 1
110.740 2 8 1
110.740 3 8 1
110.960 3 8 1
110.960 1 8 1
111.070 1 8 1
111.070 2 8 1
111.214 2 8 1
111.255 3 8 1
111.276 1 8 1
111.276 4 8 1
111.379 1 8 22.2
111.379 3 8 22.2
111.729 3 8 19.8
111.729 1 8 19.8
112.059 2 8 1
112.059 3 8 14.76
112.059 4 8 14.76
112.278 1 8 1
112.278 2 8 1
112.388 1 8 1
112.388 3 8 1
112.388 4 8 1
112.608 1 8 1
112.608 3 8 1
112.718 1 8 26.4
112.718 2 8 1
112.718 4 8 26.4
113.048 2 8 1
113.048 3 8 1
113.377 1 8 13.2
113.377 3 8 1
113.377 4 8 1
113.597 3 8 1
113.597 4 8 1
113.707 1 8 1
113.707 2 8 1
113.892 3 8 1
113.954 2 8 1
114.037 4 8 1
114.037 3 8 1
114.037 1 8 26.28
114.366 2 8 1
114.366 4 8 1
114.696 2 8 1
114.696 3 8 1
114.696 4 8 1
115.026 2 8 1
115.355 4 8 1
115.355 1 8 1
115.355 2 8 19.8
115.355 3 8 1
115.685 3 8 1
116.015 3 8 1
116.015 4 8 79.08
116.015 2 8 1
116.344 1 8 1
116.674 1 8 39.6
116.674 2 8 29.64
116.674 3 8 29.64
116.993 2 8 23.52
117.004 3 8 39.48
117.004 4 8 39.48
117.333 1 8 1
117.333 2 8 1
117.663 4 8 1
117.718 2 8 1
117.745 3 8 1
117.848 1 8 1
117.883 3 8 1
117.938 2 8 1
117.993 1 8 39.48
117.993 4 8 1
118.322 2 8 1
118.322 3 8 1
118.652 1 8 1
118.652 4 8 1
118.762 3 8 1
118.872 2 8 1
118.872 4 8 1
118.982 1 8 1
118.982 3 8 1
119.201 3 8 1
119.311 1 8 1
119.311 3 8 19.8
119.641 3 8 1
119.641 1 8 19.8
119.641 2 8 19.8
119.971 1 8 1
119.971 3 8 17.28
119.971 4 8 1
120.300 2 8 1
120.630 2 8 1
120.630 3 8 19.8
120.630 4 8 19.8
120.960 1 8 1
120.960 4 8 1
121.289 1 8 1
121.289 2 8 1
121.289 3 8 19.8
121.454 2 8 1
121.509 4 8 1
121.509 1 8 1
121.619 3 8 1
121.619 2 8 1
121.839 1 8 1
121.839 2 8 1
121.839 4 8 13.2
121.949 1 8 1
121.949 3 8 19.8
122.278 1 8 1
122.278 2 8 19.8
122.278 4 8 26.4
122.608 2 8 1
122.608 1 8 1
122.608 3 8 1
122.828 4 8 1
122.828 2 8 1
122.938 1 8 1
122.938 3 8 1
123.158 2 8 1
123.158 4 8 1
123.267 1 8 26.4
123.267 2 8 26.4
123.267 4 8 1
123.597 2 8 1
123.597 3 8 1
123.927 1 8 1
123.927 4 8 1
123.927 2 8 1
124.147 2 8 1
124.147 4 8 1
124.256 1 8 1
124.256 3 8 1
124.476 3 8 1
124.476 2 8 1
124.586 1 8 1
124.586 3 8 1
124.586 4 8 19.8
124.916 4 8 19.8
124.916 2 8 1
125.245 4 8 1
125.245 2 8 1
125.245 3 8 1
125.575 3 8 1
125.905 4 8 1
125.905 1 8 1
125.905 2 8 19.8
126.234 3 8 1
126.564 1 8 1
126.564 3 8 59.4
126.564 4 8 39.6
126.894 1 8 1
127.059 2 8 1
127.059 4 8 1
127.223 2 8 9.96
127.223 3 8 1
127.223 4 8 19.8
127.306 1 8 1
127.388 2 8 59.4
127.553 1 8 1
127.553 3 8 1
127.718 3 8 19.8
127.718 4 8 1
127.883 4 8 1
127.883 1 8 1
128.212 3 8 39.6
128.212 4 8 1
128.377 4 8 19.8
128.542 2 8 39.6
128.542 1 8 118.68
128.872 3 8 29.64
129.201 2 8 1
129.201 3 8 69.24
129.531 4 8 1
129.696 2 8 19.8
129.861 1 8 79.08
129.861 4 8 19.8
129.861 3 8 1
130.026 3 8 19.68
130.190 2 8 19.8
130.355 3 8 1
130.520 2 8 1
130.520 3 8 19.8
130.520 4 8 19.8
130.850 1 8 39.6
131.180 4 8 1
131.180 2 8 39.48
131.509 1 8 39.6
131.509 3 8 39.6
131.839 2 8 1
131.839 4 8 59.28
132.169 2 8 1
132.333 3 8 19.8
132.498 1 8 39.6
132.498 2 8 17.28
132.498 4 8 1
132.828 2 8 79.08
132.828 4 8 19.8
133.158 1 8 1
133.158 3 8 1
133.158 4 8 39.48
133.487 1 8 39.6
133.817 4 8 79.08
133.817 3 8 138.48
134.147 1 8 1
134.476 1 8 1
134.476 2 8 1
134.806 1 8 1
134.971 4 8 19.8
135.136 1 8 1
135.136 2 8 39.48
135.136 3 8 19.68
135.300 1 8 39.6
135.300 4 8 1
135.465 3 8 59.4
135.795 1 8 1
135.795 4 8 19.8
136.125 2 8 39.48
136.454 1 8 1
136.454 3 8 39.6
136.454 4 8 1
136.784 2 8 39.6
137.114 3 8 13.08
137.114 1 8 1
137.114 4 8 37.08
137.423 2 8 1
137.443 1 8 1
137.484 4 8 22.32
137.670 3 8 1
137.773 1 8 19.8
137.773 3 8 1
137.773 2 8 39.6
138.103 1 8 39.48
138.103 4 8 19.68
138.432 4 8 1
138.432 2 8 39.6
138.432 3 8 1
138.762 1 8 19.8
139.092 1 8 237.36
139.092 2 8 1
139.092 4 8 39.48
139.421 2 8 39.6
139.751 3 8 1
139.751 4 8 1
140.081 4 8 1
140.245 2 8 19.8
140.410 3 8 19.8
140.410 4 8 39.6
140.740 2 8 19.8
140.740 3 8 19.8
141.070 2 8 1
141.070 3 8 79.08
141.070 4 8 19.68
141.399 4 8 1
141.729 2 8 39.6
141.729 1 8 1
141.729 4 8 1
142.059 1 8 39.48
142.059 3 8 39.48
142.388 2 8 1
142.388 4 8 59.4
142.718 3 8 1
142.883 1 8 19.8
143.048 3 8 19.68
143.048 4 8 79.08
143.212 2 8 1
143.212 1 8 39.6
143.377 2 8 19.8
143.542 3 8 19.8
143.707 2 8 39.6
143.707 1 8 1
144.037 1 8 39.48
144.366 2 8 1
144.366 4 8 1
144.366 3 8 79.2
144.696 2 8 1
145.026 1 8 1
145.026 2 8 1
145.026 4 8 98.88
145.355 3 8 1
145.520 2 8 19.8
145.685 1 8 158.28
145.685 3 8 39.6
146.015 2 8 1
146.015 4 8 29.64
146.344 3 8 1
146.344 4 8 1
146.674 4 8 1
147.004 2 8 237.36
147.004 3 8 1
147.333 4 8 1
147.663 1 8 1
148.322 3 8 1
148.652 1 8 1
148.652 4 8 39.6
149.641 3 8 1
149.971 1 8 1
150.300 4 8 1
150.465 4 8 1
150.630 2 8 1
150.795 2 8 1
150.960 3 8 1
151.289 1 8 1
151.619 4 8 1
152.278 1 8 1
152.938 2 8 1
153.103 3 8 1
153.267 1 8 1
153.432 3 8 1
153.597 4 8 1
153.927 3 8 1
154.256 3 8 1
154.586 1 8 1
154.916 3 8 1
155.245 3 8 1
155.575 1 8 1
155.740 2 8 1
155.905 4 8 1
156.070 2 8 1
156.234 3 8 1
156.564 4 8 1
156.894 2 8 1
157.223 1 8 1
157.388 3 8 1
157.553 2 8 1
157.553 4 8 1
157.883 3 8 1
158.212 1 8 1
158.542 4 8 1
158.872 3 8 118.68
159.531 1 8 1
159.861 4 8 39.48
160.190 1 8 9.96
160.520 4 8 29.64
160.850 4 8 1
160.850 3 8 54.36
161.015 4 8 1
161.179 1 8 1
161.179 2 8 1
161.344 4 8 1
161.509 1 8 9.96
161.509 2 8 1
161.592 3 8 19.68
161.674 1 8 19.8
161.674 2 8 19.8
161.839 4 8 69.24
162.168 1 8 69.24
162.168 2 8 1
162.498 4 8 39.6
162.828 1 8 1
162.828 2 8 89.04
163.157 1 8 19.8
163.405 4 8 1
163.487 3 8 9.96
163.652 3 8 1
163.817 3 8 9.84
163.982 1 8 19.68
164.146 3 8 26.4
164.311 1 8 1
164.311 2 8 19.8
164.476 4 8 1
164.476 3 8 39.6
164.806 2 8 1
164.806 4 8 39.6
165.136 2 8 19.68
165.465 1 8 29.64
165.465 2 8 29.64
165.795 1 8 29.64
165.795 2 8 29.64
166.042 3 8 1
166.125 1 8 39.48
166.125 2 8 1
166.289 4 8 1
166.454 2 8 19.8
166.619 3 8 9.84
166.784 1 8 39.6
166.784 2 8 1
166.949 2 8 1
167.114 4 8 1
167.114 3 8 19.68
167.278 1 8 1
167.443 3 8 9.96
167.443 4 8 39.6
167.773 1 8 59.28
167.773 2 8 22.2
168.103 3 8 39.48
168.103 4 8 1
168.432 1 8 98.88
168.432 2 8 108.84
168.762 3 8 1
168.762 4 8 1
169.092 3 8 39.48
169.256 4 8 1
169.421 2 8 19.8
169.421 4 8 19.8
169.421 1 8 79.2
169.586 3 8 49.44
169.751 2 8 39.6
169.916 4 8 19.8
170.081 3 8 19.68
170.245 2 8 1
170.410 2 8 9.96
170.740 2 8 39.6
170.740 1 8 39.6
171.070 3 8 1
171.399 1 8 1
171.399 2 8 1
171.619 4 8 1
171.619 1 8 1
171.729 3 8 1
171.729 4 8 1
171.949 1 8 1
171.949 2 8 1
172.059 1 8 19.68
172.059 2 8 19.68
172.388 1 8 29.64
172.388 4 8 1
172.718 1 8 39.6
172.718 2 8 33
173.048 4 8 1
173.048 2 8 1
173.103 3 8 1
173.157 2 8 1
173.157 1 8 1
173.267 4 8 1
173.377 2 8 26.4
173.377 1 8 39.6
173.377 3 8 26.4
173.707 4 8 1
174.037 3 8 1
174.037 2 8 1
174.037 4 8 1
174.263 2 8 1
174.274 3 8 1
174.366 1 8 1
174.366 4 8 1
174.586 2 8 1
174.586 3 8 1
174.586 4 8 39.6
174.696 1 8 1
174.696 2 8 14.88
175.026 1 8 1
175.026 3 8 1
175.026 4 8 26.28
175.355 1 8 19.8
175.355 4 8 19.8
175.603 3 8 1
175.685 1 8 1
175.685 4 8 1
175.905 2 8 1
175.905 3 8 1
176.015 1 8 29.64
176.015 2 8 1
176.015 4 8 39.48
176.344 3 8 1
176.344 1 8 1
176.674 2 8 1
176.674 1 8 1
176.674 4 8 12.36
176.880 4 8 1
176.880 3 8 1
176.949 2 8 1
177.004 4 8 1
177.004 1 8 1
177.223 2 8 1
177.223 4 8 1
177.333 3 8 26.4
177.333 4 8 27.24
177.663 4 8 29.64
177.663 3 8 29.64
177.993 2 8 1
177.993 3 8 1
177.993 4 8 1
178.322 1 8 1
178.322 3 8 1
178.652 4 8 1
178.652 1 8 19.8
178.652 2 8 1
178.982 2 8 1
178.982 4 8 1
179.311 3 8 64.32
179.311 4 8 1
179.311 2 8 1
179.641 1 8 1
179.847 4 8 1
179.847 1 8 1
179.847 2 8 1
179.971 3 8 26.28
179.971 4 8 27.12
179.971 1 8 39.48
180.300 4 8 1
180.300 2 8 1
180.300 3 8 6.6
180.520 1 8 1
180.520 3 8 1
180.630 1 8 1
180.630 3 8 1
180.960 2 8 1
180.960 4 8 1
180.960 1 8 1
181.042 3 8 1
181.124 2 8 1
181.197 4 8 1
181.289 1 8 1
181.289 2 8 26.4
181.289 3 8 26.4
181.619 4 8 1
181.619 2 8 1
181.949 2 8 1
181.949 3 8 1
181.949 4 8 1
182.059 1 8 1
182.059 3 8 1
182.168 3 8 1
182.168 4 8 1
182.278 1 8 1
182.278 3 8 1
182.498 1 8 1
182.498 2 8 1
182.498 3 8 1
182.608 1 8 13.2
182.608 3 8 13.2
182.938 2 8 1
182.938 1 8 19.8
182.938 3 8 19.8
183.267 1 8 12.36
183.267 2 8 1
183.267 4 8 1
183.267 3 8 1
183.597 4 8 1
183.597 2 8 1
183.817 1 8 1
183.817 3 8 1
183.927 1 8 26.28
183.927 2 8 1
183.927 4 8 26.28
184.256 2 8 1
184.256 4 8 1
184.586 2 8 1
184.586 3 8 1
184.586 4 8 1
184.806 2 8 1
184.806 1 8 1
184.916 1 8 1
184.916 3 8 1
185.135 2 8 1
185.135 3 8 1
185.135 4 8 1
185.245 3 8 26.4
185.245 1 8 26.4
185.575 3 8 26.4
185.575 4 8 1
185.575 1 8 26.4
185.905 1 8 1
185.905 2 8 1
185.905 3 8 26.28
186.124 4 8 1
186.234 1 8 1
186.234 2 8 1
186.454 2 8 1
186.454 4 8 1
186.564 1 8 26.4
186.564 3 8 26.4
186.894 2 8 1
186.894 3 8 1
186.894 4 8 1
187.113 3 8 1
187.223 1 8 1
187.223 2 8 1
187.443 2 8 1
187.443 3 8 1
187.443 4 8 1
187.553 4 8 1
187.553 3 8 1
187.773 3 8 1
187.773 4 8 1
187.883 1 8 1
187.883 2 8 1
187.883 3 8 26.4
188.212 2 8 1
188.212 3 8 26.4
188.212 4 8 1
188.542 1 8 1
188.542 4 8 1
188.542 3 8 13.2
189.201 1 8 1
189.201 2 8 19.8
189.201 4 8 1
189.531 3 8 1
189.861 2 8 22.2
189.861 3 8 1
189.861 4 8 1
190.190 2 8 39.6
190.520 3 8 33
190.520 4 8 1
190.850 1 8 1
190.850 4 8 29.64
190.850 3 8 29.64
191.179 1 8 1
191.179 2 8 1
191.179 4 8 1
191.509 1 8 1
191.509 2 8 1
191.509 3 8 1
191.509 4 8 1
191.839 3 8 326.4
191.839 4 8 326.4
194.559 1 8 39.48
194.559 2 8 138.36
194.888 4 8 22.32
195.218 4 8 37.08
195.712 1 8 29.76
195.877 2 8 9.96
195.960 4 8 46.92
196.351 3 8 29.64
196.598 4 8 51.96
197.021 1 8 40.8
197.021 3 8 40.8
197.361 2 8 39.48
197.690 4 8 27.24
197.917 3 8 12.36
198.020 2 8 9.84
198.102 1 8 39.6
198.432 4 8 39.6
198.762 2 8 13.2
200.135 4 8 435.24
