0.486 3 8 1
0.486 4 8 1
0.91 2 8 1
1.334 4 8 1
1.758 2 8 1
2.182 1 8 1
2.182 3 8 1
2.606 4 8 1
3.03 1 8 1
3.467 3 8 1
3.891 1 8 1
3.891 3 8 1
3.891 4 8 1
4.315 3 8 1
4.739 3 8 1
5.163 1 8 1
5.574 2 8 1
5.574 3 8 1
5.574 4 8 1
5.998 4 8 1
5.998 2 8 1
6.422 3 8 1
6.422 2 8 1
6.846 2 8 1
7.27 3 8 1
7.27 1 8 305.28
7.27 4 8 407.04
7.694 2 8 1
8.118 3 8 1
8.542 2 8 1
8.966 3 8 1
9.39 2 8 1
9.814 2 8 101.76
9.814 3 8 1
10.238 3 8 1
10.662 1 8 1
10.662 3 8 1
11.086 4 8 1
11.51 1 8 1
11.934 3 8 1
12.358 1 8 1
12.358 3 8 1
12.782 4 8 1
13.206 4 8 1
13.63 3 8 1
13.63 2 8 1
14.041 1 8 1
17.473 2 8 1
17.482 1 8 1
17.517 4 8 1
17.906 1 8 1
18.308 2 8 1
18.308 3 8 1
18.308 1 8 1
18.745 1 8 1
18.745 2 8 47.76
19.143 3 8 38.16
19.143 4 8 38.16
19.143 1 8 1
19.461 2 8 1
19.567 1 8 16.92
19.567 4 8 101.76
19.991 3 8 101.76
19.991 2 8 1
20.203 1 8 1
20.415 2 8 38.16
20.839 1 8 25.44
20.839 2 8 65.16
20.839 4 8 1
21.263 1 8 31.8
21.263 4 8 1
21.687 2 8 15.84
21.687 3 8 15.84
21.687 1 8 101.76
21.687 4 8 1
22.111 4 8 1
22.323 3 8 1
22.535 2 8 6.36
22.535 4 8 25.44
22.535 3 8 90.6
22.959 4 8 22.2
22.959 1 8 1
23.383 1 8 38.16
23.383 3 8 127.2
23.383 2 8 12.72
23.807 2 8 1
23.807 4 8 25.44
24.019 1 8 25.44
24.231 2 8 19.08
24.231 4 8 76.32
24.655 2 8 25.44
24.655 3 8 25.44
24.655 1 8 1
25.079 2 8 1
25.079 3 8 63.6
25.079 4 8 25.44
25.079 1 8 25.44
25.503 2 8 33.96
25.503 4 8 63.6
25.927 3 8 1
25.927 1 8 76.32
25.927 2 8 67.8
26.351 3 8 38.16
26.351 4 8 1
26.563 2 8 25.44
26.775 1 8 1
26.775 3 8 25.44
26.775 4 8 101.76
27.199 2 8 1
27.199 3 8 25.44
27.623 2 8 38.16
27.623 1 8 12.72
27.623 3 8 1
27.835 3 8 25.44
28.047 2 8 50.88
28.047 4 8 1
28.259 3 8 11.16
28.471 1 8 1
28.471 3 8 101.76
28.471 4 8 1
28.895 1 8 1
28.895 4 8 12.72
29.319 1 8 1
29.319 2 8 1
29.319 4 8 50.88
29.531 2 8 1
29.743 1 8 25.44
29.743 3 8 1
29.955 4 8 1
29.955 2 8 1
30.167 2 8 23.88
30.167 3 8 1
30.167 1 8 23.88
30.167 4 8 1
30.578 1 8 128.76
30.578 3 8 1
30.79 4 8 10.08
31.002 2 8 5.76
31.042 3 8 6.36
31.439 3 8 8.52
31.466 4 8 5.28
31.863 2 8 101.76
31.863 4 8 1
32.287 1 8 1
32.711 3 8 6.36
32.711 4 8 1
32.746 2 8 323.4
33.135 1 8 15.96
33.546 3 8 10.08
33.546 4 8 5.88
33.983 3 8 1
34.195 4 8 12.72
34.407 1 8 6.36
34.831 3 8 8.52
35.255 3 8 12.72
35.255 4 8 22.32
35.679 4 8 101.76
35.891 3 8 1
36.103 2 8 1
36.315 2 8 1
36.527 2 8 1
36.58 1 8 44.52
36.58 3 8 1
36.951 2 8 1
36.951 3 8 1
36.951 4 8 38.16
37.362 4 8 125.64
37.362 1 8 1
37.574 3 8 1
37.786 1 8 1
37.786 3 8 25.44
37.786 2 8 25.44
38.197 1 8 1
38.197 3 8 25.44
38.621 2 8 1
38.621 4 8 49.8
39.036 2 8 1
39.036 3 8 1
39.248 2 8 1
39.46 3 8 1
39.672 1 8 1
39.672 2 8 1
39.866 1 8 1
39.866 3 8 1
39.866 4 8 1
40.29 3 8 1
40.29 4 8 1
40.29 2 8 1
40.502 1 8 1
40.502 2 8 1
40.697 1 8 1
40.697 4 8 1
40.909 1 8 1
40.909 4 8 1
41.121 1 8 25.44
41.121 4 8 25.44
41.121 2 8 1
41.545 2 8 16.92
41.545 3 8 24.36
41.545 4 8 24.36
41.947 2 8 1
41.947 1 8 23.88
41.947 3 8 23.88
41.947 4 8 23.88
42.358 2 8 25.44
42.358 3 8 25.44
42.358 4 8 25.44
42.782 3 8 1
42.782 1 8 76.32
42.782 2 8 25.44
42.994 4 8 1
43.206 2 8 25.44
43.206 4 8 25.44
43.418 3 8 1
43.63 1 8 76.32
43.63 2 8 25.44
43.63 3 8 1
43.63 4 8 25.44
44.054 3 8 1
44.054 4 8 50.88
44.478 1 8 1
44.478 2 8 25.44
44.478 3 8 352.92
44.902 2 8 1
44.902 4 8 23.76
45.312 2 8 1
45.312 1 8 14.4
45.312 4 8 14.4
45.736 2 8 25.44
45.948 4 8 1
46.16 2 8 25.44
46.16 4 8 25.44
46.571 1 8 1
46.571 4 8 27
46.995 2 8 76.32
46.995 4 8 25.44
47.22 1 8 1
47.419 1 8 27
47.631 4 8 1
47.631 3 8 9.6
47.856 2 8 10.08
47.856 3 8 11.16
48.267 3 8 7.44
48.267 4 8 22.32
48.267 2 8 22.32
48.413 3 8 15.36
48.691 2 8 25.44
48.691 4 8 25.44
48.691 1 8 25.44
49.115 1 8 45.6
49.115 3 8 15.96
49.212 2 8 13.8
49.261 4 8 15.36
49.327 3 8 12.72
49.433 4 8 12.72
49.539 1 8 24.36
49.539 2 8 76.32
49.539 3 8 50.88
49.954 4 8 50.88
49.963 1 8 1
50.378 1 8 109.2
50.378 2 8 36.12
50.378 3 8 1
50.803 3 8 8.4
50.803 4 8 13.68
51.015 4 8 12.72
51.227 4 8 76.32
51.297 3 8 87.96
51.651 1 8 38.16
51.651 2 8 1
52.075 4 8 102.72
52.075 1 8 39.12
52.075 2 8 10.56
52.499 2 8 23.28
52.507 1 8 35.04
52.719 3 8 1
52.931 1 8 1
52.931 2 8 88.08
53.143 4 8 62.64
53.355 3 8 1
53.355 1 8 1
53.771 1 8 1
53.771 3 8 1
53.771 4 8 114.48
53.991 2 8 1
54.195 3 8 1
54.407 1 8 1
54.619 1 8 1
54.627 2 8 1
54.667 3 8 6.96
55.043 2 8 1
55.043 1 8 45.6
55.113 3 8 4.32
55.467 2 8 1
55.476 4 8 6.36
55.515 3 8 71.64
55.891 1 8 1
56.112 4 8 12.72
56.315 3 8 13.8
56.324 2 8 7.32
56.35 1 8 1
56.527 3 8 39.24
56.774 2 8 49.32
56.827 4 8 1
57.185 1 8 52.44
57.185 4 8 5.76
57.622 3 8 1
57.834 1 8 16.92
58.046 2 8 8.52
58.081 3 8 1
58.444 4 8 22.2
58.881 2 8 5.76
58.907 1 8 1
58.929 3 8 4.32
58.965 4 8 55.08
59.283 3 8 1
59.331 2 8 1
59.517 1 8 30.24
59.707 3 8 1
59.769 4 8 41.28
59.901 1 8 1
59.901 2 8 1
60.113 1 8 1
60.113 2 8 50.88
60.113 3 8 1
60.537 1 8 1
60.537 3 8 23.4
60.537 4 8 23.4
60.944 1 8 24.36
60.944 3 8 24.36
61.147 2 8 25.44
61.156 4 8 1
61.359 1 8 1
61.359 3 8 25.44
61.359 4 8 25.44
61.77 2 8 25.44
61.77 3 8 1
61.77 4 8 25.44
62.194 1 8 50.88
62.194 3 8 1
62.406 2 8 7.92
62.406 4 8 7.92
62.406 3 8 7.92
62.604 4 8 1
62.618 2 8 49.2
62.618 3 8 1
63.028 1 8 1
63.028 3 8 25.44
63.24 2 8 1
63.24 4 8 25.44
63.452 2 8 25.44
63.452 3 8 1
63.664 1 8 23.88
63.664 4 8 1
63.664 3 8 1
63.863 2 8 23.88
63.863 3 8 1
63.863 4 8 1
64.062 3 8 24.36
64.062 1 8 1
64.265 1 8 38.16
64.265 2 8 1
64.274 4 8 1
64.477 3 8 1
64.477 4 8 1
64.689 1 8 1
64.689 2 8 12.72
64.689 3 8 10.56
64.689 4 8 50.88
65.113 1 8 10.56
65.113 2 8 10.56
65.113 3 8 10.56
65.519 1 8 201.48
65.519 2 8 25.44
65.519 3 8 25.44
65.519 4 8 1
65.943 4 8 38.16
65.943 2 8 38.16
66.367 2 8 25.44
66.367 3 8 25.44
66.791 3 8 12.72
66.791 4 8 12.72
67.198 4 8 68.88
67.198 2 8 91.2
67.198 3 8 1
67.622 3 8 50.88
67.834 1 8 1
68.046 2 8 111.84
68.046 4 8 25.44
68.046 1 8 1
68.47 1 8 25.44
68.47 3 8 1
68.682 3 8 1
68.894 1 8 49.8
68.894 3 8 75.24
68.894 4 8 1
69.309 2 8 49.32
69.309 4 8 1
69.521 1 8 9.6
69.72 4 8 78.96
69.72 1 8 23.88
69.72 3 8 78.96
70.144 1 8 1
70.144 2 8 11.16
70.555 1 8 89.04
70.555 3 8 25.44
70.555 4 8 38.16
70.979 2 8 50.88
70.979 3 8 25.44
71.191 4 8 12.72
71.403 1 8 73.08
71.403 3 8 12.72
71.403 4 8 1
71.813 2 8 1
71.813 3 8 23.88
72.224 2 8 25.44
72.224 4 8 25.44
72.224 1 8 1
72.648 2 8 49.8
72.648 3 8 24.36
72.648 4 8 39.72
73.063 1 8 40.8
73.063 3 8 89.04
73.063 4 8 10.68
73.487 2 8 38.16
73.487 4 8 1
73.699 4 8 12.72
73.911 1 8 1
73.911 4 8 1
73.911 3 8 76.32
74.123 2 8 1
74.335 2 8 25.44
74.547 1 8 1
74.759 2 8 137.88
74.759 1 8 25.44
74.759 3 8 23.4
75.166 3 8 25.44
75.166 4 8 1
75.378 4 8 1
75.59 3 8 1
75.59 1 8 125.04
75.59 4 8 76.32
76.014 2 8 25.44
76.014 3 8 1
76.226 3 8 1
76.42 2 8 33.96
76.42 4 8 89.04
76.844 3 8 8.52
76.844 2 8 42.48
77.268 1 8 76.32
77.268 3 8 196.08
77.268 4 8 50.88
77.692 2 8 14.88
77.904 2 8 25.44
78.116 1 8 12.72
78.116 4 8 1
78.54 2 8 33.96
78.964 2 8 1
78.964 4 8 76.32
78.964 3 8 101.76
79.388 2 8 1
79.6 1 8 14.88
79.812 1 8 14.88
79.812 2 8 200.88
80.227 3 8 18.12
80.651 1 8 38.28
80.651 3 8 1
80.651 4 8 1
81.076 1 8 49.2
81.076 3 8 1
81.274 4 8 1
81.486 3 8 70.56
81.486 4 8 100.2
81.897 1 8 1
81.91 2 8 1
82.321 1 8 1
82.321 3 8 50.88
82.321 2 8 76.32
82.745 4 8 33.96
82.745 1 8 1
82.957 1 8 25.44
83.169 3 8 1
83.169 4 8 152.64
83.169 2 8 50.88
83.593 1 8 1
83.593 3 8 101.76
84.017 1 8 1
84.017 2 8 90.6
84.441 1 8 101.76
84.653 3 8 1
84.852 2 8 101.76
84.852 4 8 1
84.852 3 8 89.04
85.289 4 8 49.32
85.7 1 8 90.6
85.7 3 8 90.6
86.124 2 8 1
86.323 4 8 1
86.535 1 8 1
86.535 2 8 83.76
86.535 3 8 101.76
86.959 4 8 1
87.383 1 8 178.08
87.383 2 8 76.32
87.383 4 8 1
87.807 3 8 1
88.019 3 8 12.72
88.019 4 8 12.72
88.231 4 8 9.48
88.231 2 8 101.76
88.655 4 8 1
88.655 3 8 1
88.867 3 8 1
89.079 1 8 34.92
89.079 3 8 1
89.079 4 8 141.48
89.494 1 8 25.44
89.706 3 8 1
89.918 1 8 1
89.918 2 8 77.4
90.342 3 8 1
90.342 4 8 150.48
90.748 1 8 1
90.748 2 8 50.88
90.96 1 8 1
90.96 3 8 1
91.172 1 8 25.44
91.172 3 8 1
91.384 3 8 1
91.596 1 8 1
91.596 3 8 101.76
92.02 4 8 1
92.444 1 8 1
92.444 2 8 1
92.444 4 8 1
