1.815 1 8 50.28
2.234 3 8 1
2.234 4 8 1
2.374 2 8 1
2.792 2 8 33.48
3.071 3 8 33.48
3.35 4 8 85.8
4.467 2 8 33.48
4.885 2 8 50.28
5.304 3 8 33.48
5.583 4 8 125.52
6.141 1 8 1
6.42 2 8 1
6.699 2 8 1
6.699 3 8 1
6.839 4 8 1
6.978 1 8 1
6.978 2 8 1
7.118 3 8 1
7.257 2 8 1
7.397 3 8 1
7.536 2 8 1
7.676 3 8 1
7.815 1 8 1
8.094 1 8 1
8.373 1 8 1
8.373 2 8 1
8.513 3 8 1
8.932 4 8 1
8.932 3 8 1
9.001 2 8 1
9.071 3 8 1
9.141 4 8 1
9.211 1 8 1
9.211 2 8 1
9.28 4 8 1
9.35 1 8 1
9.35 2 8 1
9.42 4 8 1
9.49 1 8 1
9.49 2 8 1
9.559 3 8 1
9.629 4 8 1
9.699 3 8 1
9.769 1 8 1
9.838 4 8 1
9.908 2 8 1
9.978 3 8 1
10.048 2 8 1
10.118 4 8 1
10.187 1 8 1
10.187 3 8 1
10.257 2 8 1
10.327 3 8 1
10.397 1 8 25.08
10.466 4 8 1
10.536 2 8 1
10.745 2 8 1
10.745 3 8 1
10.745 4 8 1
11.025 1 8 1
11.025 2 8 1
11.025 4 8 33.48
11.304 2 8 1
11.443 4 8 1
11.443 3 8 1
11.513 1 8 1
11.583 2 8 1
11.652 4 8 1
11.722 3 8 1
11.792 1 8 1
11.862 2 8 1
11.862 3 8 1
11.931 4 8 1
12.001 1 8 1
12.141 1 8 33.48
12.141 2 8 1
12.141 4 8 1
12.42 3 8 1
12.559 2 8 1
12.559 3 8 1
12.699 1 8 1
12.769 2 8 1
12.838 4 8 1
12.838 3 8 1
12.908 1 8 1
12.978 2 8 1
13.048 3 8 1
13.117 1 8 1
13.117 4 8 1
13.187 3 8 1
13.257 2 8 1
13.257 1 8 33.48
13.536 4 8 1
13.536 3 8 1
13.676 4 8 1
13.676 3 8 1
13.815 1 8 1
13.885 2 8 1
13.885 3 8 1
13.955 4 8 1
14.024 1 8 1
14.094 4 8 1
14.164 3 8 1
14.234 2 8 1
14.234 1 8 1
14.373 1 8 1
14.373 3 8 1
14.373 4 8 33.48
14.652 1 8 1
14.652 3 8 1
14.792 3 8 1
14.792 2 8 1
14.931 3 8 1
15.001 4 8 1
15.071 1 8 1
15.071 2 8 1
15.21 1 8 1
15.21 2 8 1
15.28 3 8 1
15.28 4 8 1
15.35 1 8 1
15.42 2 8 1
15.49 4 8 33.48
15.769 2 8 1
15.908 3 8 1
15.908 4 8 1
15.978 2 8 1
16.048 3 8 1
16.117 2 8 1
16.187 3 8 1
16.257 4 8 1
16.327 2 8 1
16.327 1 8 1
16.396 3 8 1
16.466 4 8 1
16.536 2 8 1
16.606 1 8 33.48
16.606 3 8 1
16.885 2 8 1
17.024 3 8 1
17.024 4 8 1
17.164 2 8 1
17.234 1 8 1
17.303 4 8 1
17.373 3 8 1
17.443 1 8 1
17.513 2 8 1
17.583 3 8 1
17.652 2 8 1
17.722 1 8 33.48
17.722 4 8 1
18.001 4 8 1
18.001 3 8 1
18.141 2 8 1
18.141 4 8 1
18.28 3 8 1
18.28 4 8 1
18.35 2 8 1
18.42 3 8 1
18.42 1 8 1
18.489 4 8 1
18.559 2 8 1
18.629 3 8 1
18.699 1 8 1
18.699 4 8 1
18.838 1 8 33.48
18.838 3 8 1
19.117 2 8 1
19.187 3 8 1
19.257 1 8 1
19.257 2 8 1
19.327 4 8 1
19.396 2 8 1
19.396 1 8 1
19.466 4 8 1
19.536 1 8 1
19.536 2 8 1
19.675 3 8 1
19.675 4 8 1
19.815 1 8 1
19.815 2 8 1
19.885 4 8 1
19.955 3 8 1
19.955 2 8 1
20.024 4 8 1
20.094 2 8 37.68
20.094 3 8 1
20.094 1 8 50.28
20.513 2 8 1
20.513 3 8 1
21.908 3 8 1
21.908 4 8 1
22.048 2 8 1
22.117 3 8 1
22.117 4 8 1
22.187 2 8 1
22.187 1 8 1
22.327 4 8 1
22.327 3 8 8.28
22.327 1 8 33.48
22.606 4 8 1
22.745 1 8 33.48
22.745 2 8 33.48
23.024 4 8 1
23.164 2 8 1
23.164 3 8 1
23.303 1 8 1
23.303 2 8 1
23.373 4 8 1
23.443 1 8 33.48
23.443 3 8 1
23.722 3 8 1
23.722 4 8 1
23.861 1 8 1
24.001 4 8 1
24.141 1 8 1
24.141 3 8 1
24.28 4 8 1
24.28 2 8 1
24.35 3 8 1
24.42 1 8 1
24.42 4 8 1
24.559 4 8 33.48
24.559 3 8 33.48
24.838 1 8 1
24.838 2 8 1
24.978 3 8 33.48
24.978 4 8 33.48
25.117 1 8 1
25.257 2 8 1
25.327 3 8 1
25.396 1 8 1
25.396 2 8 1
25.536 1 8 1
25.536 4 8 1
25.606 2 8 1
25.675 3 8 1
25.675 4 8 1
25.815 1 8 1
25.885 3 8 1
25.954 1 8 1
25.954 2 8 1
26.024 4 8 1
26.094 1 8 1
26.164 4 8 1
26.234 2 8 1
26.303 3 8 1
26.303 4 8 1
26.373 1 8 1
26.513 4 8 1
26.513 1 8 1
26.513 2 8 1
26.582 3 8 1
26.652 2 8 1
26.722 3 8 1
26.792 1 8 1
26.792 4 8 33.48
27.071 2 8 1
27.071 1 8 1
27.14 3 8 1
27.21 4 8 1
27.28 3 8 1
27.35 1 8 1
27.35 2 8 1
27.42 4 8 1
27.489 1 8 1
27.559 4 8 1
27.629 2 8 1
27.629 1 8 1
27.699 3 8 1
27.699 4 8 1
27.768 2 8 1
27.838 1 8 1
27.908 3 8 1
27.908 4 8 83.76
28.047 1 8 1
28.047 3 8 33.48
28.326 1 8 25.2
28.326 2 8 33.6
28.606 1 8 16.68
28.745 4 8 1
28.745 3 8 1
28.815 2 8 1
28.885 3 8 1
28.954 2 8 1
29.024 1 8 1
29.024 3 8 1
29.024 4 8 1
29.164 2 8 1
29.303 1 8 1
29.303 4 8 1
29.443 2 8 1
29.443 3 8 1
29.582 4 8 1
29.722 2 8 1
29.722 3 8 1
29.861 1 8 1
29.861 3 8 1
29.861 4 8 1
30.001 1 8 1
30.001 2 8 1
30.14 3 8 1
30.14 4 8 1
30.28 1 8 1
30.28 2 8 1
30.419 1 8 1
30.419 2 8 1
30.559 3 8 1
30.559 4 8 1
30.699 2 8 1
30.838 1 8 1
30.838 3 8 1
30.978 3 8 1
30.978 4 8 1
31.117 2 8 1
31.257 1 8 1
31.257 4 8 1
31.396 2 8 1
31.396 3 8 1
31.536 1 8 1
31.536 2 8 1
31.675 1 8 1
31.675 3 8 1
31.675 4 8 1
31.815 2 8 1
31.815 4 8 1
31.954 3 8 1
32.094 1 8 1
32.094 3 8 1
32.094 4 8 1
32.233 2 8 1
32.373 1 8 1
32.373 3 8 1
32.373 4 8 1
32.512 2 8 1
32.512 3 8 1
32.652 2 8 1
32.652 4 8 1
32.792 1 8 1
32.792 3 8 1
32.792 4 8 1
33.071 1 8 1
33.071 4 8 1
33.14 2 8 1
33.21 1 8 1
33.21 3 8 1
33.21 4 8 1
33.35 3 8 1
33.489 2 8 1
33.489 4 8 1
33.629 1 8 1
33.768 3 8 1
33.768 4 8 1
33.908 2 8 1
33.908 3 8 1
34.047 1 8 1
34.187 1 8 1
34.187 3 8 1
34.326 1 8 1
34.326 2 8 1
34.326 4 8 1
34.466 3 8 1
34.466 4 8 1
34.605 1 8 1
34.605 2 8 1
34.745 2 8 1
34.745 3 8 1
34.884 1 8 1
34.884 4 8 1
35.024 1 8 1
35.024 2 8 1
35.303 3 8 1
35.303 4 8 1
35.443 1 8 1
35.443 4 8 1
35.443 2 8 1
35.582 2 8 1
35.582 3 8 1
35.652 1 8 1
35.722 3 8 1
35.722 4 8 1
35.861 2 8 1
36.001 1 8 1
36.001 2 8 1
36.001 4 8 1
36.14 3 8 1
36.28 1 8 1
36.28 2 8 1
36.28 4 8 1
36.419 3 8 1
36.559 3 8 1
36.559 4 8 1
36.559 1 8 1
36.698 2 8 1
36.768 3 8 1
36.838 1 8 1
36.838 4 8 1
36.838 2 8 1
36.977 3 8 1
37.047 2 8 1
37.117 1 8 1
37.117 4 8 1
37.257 1 8 33.48
37.257 3 8 1
37.257 2 8 33.48
37.536 3 8 1
37.536 4 8 1
37.675 4 8 1
37.675 1 8 1
37.745 3 8 1
37.815 2 8 1
37.954 1 8 1
37.954 4 8 16.8
38.094 3 8 16.68
38.233 2 8 1
38.373 1 8 16.68
38.373 4 8 16.68
38.512 2 8 1
38.582 3 8 1
38.652 1 8 1
38.652 4 8 1
38.791 2 8 1
38.791 3 8 16.8
38.931 2 8 16.68
38.931 4 8 16.68
39.07 1 8 1
39.07 3 8 1
39.21 1 8 1
39.21 2 8 1
39.35 2 8 16.68
39.35 4 8 1
39.489 3 8 16.8
39.489 1 8 1
39.629 1 8 1
39.629 2 8 16.68
39.768 1 8 1
39.768 4 8 1
39.908 3 8 16.68
39.908 4 8 33.48
40.047 2 8 1
40.187 1 8 1
40.187 2 8 1
40.256 3 8 1
40.326 4 8 1
40.396 2 8 1
40.466 1 8 16.68
40.466 4 8 1
40.605 3 8 1
40.605 2 8 11.16
40.815 4 8 1
40.884 1 8 1
40.884 3 8 16.8
41.024 4 8 1
41.163 1 8 1
41.303 2 8 1
41.303 4 8 16.68
41.442 1 8 1
41.442 3 8 16.8
41.582 1 8 1
41.582 2 8 1
41.722 3 8 1
41.722 4 8 1
41.861 1 8 1
41.861 2 8 1
41.931 3 8 1
42.001 1 8 1
42.001 4 8 1
42.07 3 8 1
42.14 1 8 1
42.14 2 8 1
42.21 4 8 1
42.28 1 8 1
42.28 2 8 1
42.349 3 8 1
42.419 2 8 16.8
42.419 4 8 1
42.559 1 8 16.68
42.698 2 8 1
42.698 3 8 1
42.838 1 8 1
42.838 2 8 16.68
42.977 3 8 16.8
43.117 1 8 1
43.117 4 8 16.68
43.256 2 8 33.48
43.256 3 8 1
43.396 4 8 1
43.396 1 8 1
43.535 3 8 1
43.535 4 8 16.8
43.675 1 8 1
43.675 2 8 16.8
43.815 3 8 16.68
43.815 1 8 1
43.954 1 8 16.8
43.954 2 8 1
44.094 4 8 1
44.094 3 8 1
44.163 2 8 1
44.233 4 8 1
44.303 3 8 1
44.373 1 8 1
44.373 4 8 1
44.442 2 8 1
44.512 3 8 1
44.582 4 8 1
44.652 1 8 133.92
44.652 2 8 1
44.931 3 8 1
45.07 2 8 1
45.349 3 8 1
45.489 4 8 1
45.768 4 8 1
46.047 1 8 1
46.466 2 8 1
46.466 4 8 1
46.605 2 8 1
46.605 4 8 1
46.884 4 8 33.48
46.884 1 8 1
47.163 2 8 1
47.303 3 8 1
47.303 4 8 1
47.442 4 8 1
47.442 1 8 16.8
47.721 1 8 1
47.721 2 8 1
47.721 4 8 1
47.861 2 8 1
47.861 3 8 1
48.001 1 8 1
48.001 4 8 1
48.07 3 8 1
48.14 2 8 1
48.21 1 8 1
48.28 4 8 1
48.28 3 8 1
48.349 1 8 1
48.419 2 8 1
48.559 4 8 1
48.559 3 8 1
48.698 2 8 1
48.698 1 8 1
48.838 1 8 1
48.977 2 8 1
49.117 4 8 1
49.117 1 8 1
49.187 3 8 1
49.256 2 8 1
49.326 1 8 1
49.396 4 8 1
49.396 3 8 1
49.535 2 8 1
49.535 4 8 1
49.675 1 8 1
49.675 2 8 1
49.814 3 8 1
49.954 1 8 1
49.954 4 8 1
50.093 4 8 1
50.233 1 8 33.48
50.233 2 8 1
50.512 3 8 1
50.652 1 8 1
50.652 2 8 1
50.791 4 8 1
50.791 1 8 1
50.931 3 8 1
51.07 1 8 1
51.07 2 8 1
51.07 3 8 1
51.21 4 8 1
51.349 3 8 1
51.419 4 8 1
51.489 1 8 1
51.489 2 8 1
51.559 3 8 1
51.559 4 8 1
51.628 2 8 1
51.628 1 8 1
51.698 4 8 1
51.768 3 8 1
51.907 1 8 1
51.907 2 8 1
52.047 4 8 1
52.047 3 8 1
52.186 1 8 1
52.186 4 8 1
52.326 1 8 1
52.326 2 8 1
52.466 3 8 1
52.466 4 8 1
52.535 2 8 1
52.605 1 8 1
52.605 3 8 1
52.745 1 8 1
52.745 2 8 1
52.745 4 8 1
52.884 3 8 1
52.884 4 8 1
53.024 1 8 1
53.024 4 8 1
53.163 2 8 1
53.163 3 8 1
53.303 1 8 1
53.303 4 8 1
53.582 2 8 1
53.582 3 8 1
53.721 1 8 1
53.721 3 8 1
53.861 4 8 16.68
54.14 2 8 16.68
54.419 2 8 16.8
54.698 4 8 16.8
54.838 1 8 1
54.838 3 8 1
54.977 1 8 1
54.977 2 8 1
54.977 4 8 16.8
55.117 3 8 1
55.256 1 8 33.48
55.256 2 8 1
55.256 4 8 1
55.535 4 8 1
55.605 1 8 1
55.675 3 8 1
55.675 4 8 1
55.745 2 8 1
55.814 1 8 1
55.814 4 8 1
55.884 3 8 1
55.954 2 8 1
55.954 1 8 1
56.093 3 8 83.76
56.093 4 8 83.76
57.07 2 8 1
57.21 3 8 1
57.21 4 8 1
57.349 3 8 1
57.349 4 8 1
57.489 2 8 1
57.489 1 8 1
57.628 1 8 1
57.628 2 8 1
57.768 3 8 1
57.768 4 8 1
57.907 2 8 1
57.907 1 8 1
58.047 3 8 1
58.047 4 8 1
58.186 3 8 1
58.326 1 8 1
58.326 4 8 1
58.396 3 8 1
58.465 2 8 1
58.535 4 8 1
58.605 3 8 1
58.675 1 8 1
58.675 2 8 1
58.744 3 8 1
58.814 4 8 1
58.884 1 8 1
58.884 2 8 1
58.954 4 8 1
59.024 2 8 1
59.093 3 8 1
59.163 1 8 1
59.163 4 8 1
59.303 2 8 1
59.372 3 8 1
59.442 1 8 1
59.442 2 8 1
59.512 4 8 1
59.582 3 8 1
59.651 2 8 1
59.721 4 8 1
59.721 3 8 1
59.791 1 8 1
59.791 2 8 1
59.861 3 8 1
59.861 4 8 1
59.93 1 8 1
60 2 8 1
60 4 8 1
60.07 3 8 1
60.14 2 8 1
60.21 1 8 1
60.279 3 8 1
60.279 4 8 50.28
60.698 1 8 33.48
60.837 2 8 1
60.977 3 8 1
61.117 3 8 1
61.117 4 8 1
61.186 1 8 1
61.256 3 8 1
61.396 1 8 1
61.396 2 8 1
61.535 3 8 1
61.535 4 8 1
61.605 2 8 1
61.675 3 8 1
61.675 4 8 1
61.744 2 8 1
61.814 1 8 33.48
61.814 4 8 1
62.093 4 8 1
62.093 3 8 1
62.372 2 8 1
62.372 3 8 33.48
62.372 4 8 33.48
62.651 1 8 1
62.651 2 8 16.8
62.791 3 8 16.68
62.791 4 8 1
62.93 2 8 1
63.07 3 8 1
63.07 4 8 1
63.14 2 8 1
63.14 1 8 1
63.21 4 8 1
63.279 1 8 1
63.349 2 8 1
63.419 4 8 1
63.489 3 8 1
63.558 2 8 1
63.628 1 8 1
65.442 4 8 1
65.442 3 8 1
65.721 1 8 1
65.721 3 8 1
65.721 4 8 33.48
66 3 8 1
66.14 2 8 1
66.14 1 8 1
66.209 3 8 1
66.279 2 8 1
66.349 1 8 1
66.419 2 8 1
66.419 3 8 1
66.558 3 8 1
66.558 4 8 1
66.628 2 8 1
66.698 1 8 1
66.837 1 8 1
66.837 4 8 33.48
67.116 1 8 1
67.256 2 8 1
67.256 3 8 1
67.395 4 8 1
67.465 2 8 1
67.535 1 8 1
67.535 3 8 1
67.675 4 8 1
67.744 3 8 1
67.814 1 8 1
67.814 2 8 1
67.884 3 8 1
67.954 1 8 33.48
67.954 2 8 1
68.233 2 8 1
68.372 3 8 1
68.372 4 8 1
68.512 4 8 1
68.581 3 8 1
68.651 1 8 1
68.651 2 8 1
68.721 3 8 1
68.721 4 8 1
68.791 1 8 1
68.791 2 8 1
68.861 3 8 1
68.93 1 8 1
68.93 4 8 1
69.07 1 8 25.08
69.07 3 8 1
69.07 4 8 25.08
69.349 1 8 33.48
69.349 3 8 1
69.628 2 8 33.48
69.628 3 8 1
69.628 4 8 1
69.907 1 8 1
69.907 3 8 25.08
70.186 1 8 1
70.186 3 8 1
70.186 4 8 33.48
70.465 1 8 1
70.535 2 8 1
70.605 1 8 1
70.605 3 8 1
70.605 4 8 1
70.744 3 8 1
70.814 2 8 1
70.884 4 8 1
70.884 3 8 1
70.954 1 8 1
71.023 2 8 1
71.163 4 8 1
71.163 3 8 1
71.302 1 8 33.48
71.302 2 8 1
71.581 4 8 1
71.721 4 8 1
71.721 2 8 1
71.86 2 8 1
71.93 4 8 1
72 1 8 1
72 3 8 1
72.14 2 8 1
72.14 4 8 1
72.279 3 8 1
72.279 1 8 1
72.349 2 8 1
72.419 3 8 1
72.488 1 8 1
72.558 3 8 1
72.558 4 8 1
72.698 1 8 1
72.767 2 8 1
72.837 1 8 1
72.837 4 8 1
72.907 3 8 1
72.977 2 8 1
73.047 3 8 1
73.047 4 8 1
73.116 1 8 1
73.116 2 8 1
73.256 3 8 1
73.326 4 8 1
73.395 2 8 1
73.395 1 8 1
73.535 2 8 1
73.535 3 8 41.88
73.535 4 8 1
73.814 1 8 1
73.884 2 8 1
73.953 4 8 1
73.953 1 8 1
74.093 2 8 1
74.093 4 8 1
74.233 3 8 1
74.372 1 8 1
74.372 2 8 1
74.442 4 8 1
74.512 3 8 1
74.581 4 8 1
74.651 2 8 1
74.651 1 8 1
74.721 3 8 1
74.791 1 8 1
74.791 4 8 1
75.07 1 8 1
75.07 4 8 1
75.209 3 8 1
75.349 2 8 1
75.349 4 8 1
75.488 1 8 1
75.628 2 8 1
75.628 3 8 1
75.628 4 8 1
75.767 1 8 1
75.907 2 8 1
76.046 4 8 1
76.186 4 8 1
76.186 1 8 1
76.186 3 8 1
76.326 2 8 1
76.465 3 8 1
76.465 4 8 1
76.605 1 8 1
76.744 3 8 1
76.744 4 8 1
76.884 1 8 1
76.884 2 8 1
76.953 3 8 1
77.023 1 8 1
77.093 2 8 1
77.163 1 8 1
77.163 4 8 1
77.232 3 8 1
77.302 1 8 1
77.302 4 8 1
77.442 1 8 33.48
77.442 2 8 1
77.442 3 8 1
77.581 3 8 1
77.721 3 8 16.68
77.721 4 8 1
77.86 2 8 16.8
78 4 8 33.48
78 1 8 1
78 3 8 1
78.279 1 8 1
78.349 2 8 1
78.418 4 8 1
78.418 1 8 1
78.558 3 8 1
78.698 2 8 1
78.698 1 8 1
78.767 3 8 1
78.767 4 8 1
78.837 1 8 1
78.907 3 8 1
78.907 4 8 1
78.977 2 8 1
79.046 3 8 1
79.046 4 8 1
79.116 1 8 1
79.186 4 8 1
79.256 1 8 1
79.256 2 8 1
79.325 3 8 1
79.395 1 8 1
79.395 2 8 1
79.465 3 8 1
79.535 1 8 1
79.535 4 8 1
79.674 3 8 1
79.814 1 8 1
79.814 2 8 1
79.884 3 8 1
79.953 2 8 1
80.023 3 8 1
80.093 2 8 1
80.232 1 8 1
80.232 4 8 33.48
80.511 1 8 1
80.581 3 8 1
80.651 1 8 1
80.651 4 8 1
80.791 2 8 1
80.93 1 8 1
80.93 3 8 1
80.93 4 8 1
81.07 3 8 1
81.07 4 8 1
81.139 1 8 1
81.139 2 8 1
81.209 3 8 1
81.209 4 8 1
81.279 1 8 1
81.349 2 8 1
81.349 3 8 1
81.418 4 8 1
81.488 1 8 1
81.488 2 8 1
81.558 4 8 1
81.628 2 8 1
81.698 1 8 1
81.767 3 8 1
81.767 4 8 1
81.837 1 8 1
81.837 2 8 1
81.907 3 8 1
81.907 4 8 1
81.977 1 8 1
81.977 2 8 1
82.046 3 8 1
82.046 4 8 1
82.116 1 8 1
82.116 2 8 1
82.186 4 8 1
82.256 1 8 1
82.256 2 8 1
82.325 3 8 1
82.325 4 8 1
82.395 1 8 1
82.395 2 8 1
82.465 3 8 1
82.465 4 8 1
82.535 1 8 1
82.604 2 8 1
82.604 3 8 1
82.674 4 8 1
82.744 1 8 1
82.744 2 8 1
82.884 3 8 1
82.884 4 8 1
83.023 1 8 1
83.023 2 8 1
83.163 3 8 1
83.163 4 8 1
83.232 1 8 1
83.232 2 8 1
83.302 3 8 1
83.302 4 8 1
83.372 1 8 1
83.372 2 8 1
83.442 4 8 1
83.442 3 8 1
83.511 2 8 1
83.581 1 8 1
83.581 4 8 1
83.86 3 8 1
84 2 8 1
84 1 8 1
84 4 8 1
84.139 3 8 1
84.209 1 8 1
84.279 2 8 1
84.279 3 8 1
84.418 1 8 1
84.418 4 8 1
84.558 3 8 1
84.628 2 8 1
84.697 4 8 1
84.697 1 8 1
84.837 2 8 1
84.837 3 8 1
84.977 1 8 1
84.977 4 8 1
85.116 1 8 1
85.116 2 8 1
85.256 3 8 1
85.256 4 8 1
85.395 1 8 1
85.395 4 8 1
85.535 2 8 1
85.535 3 8 1
85.674 3 8 1
85.674 4 8 1
85.814 1 8 1
85.814 4 8 1
85.953 1 8 1
85.953 2 8 1
86.023 4 8 1
86.023 3 8 1
86.093 1 8 1
86.093 2 8 1
86.232 3 8 1
86.232 4 8 1
86.372 1 8 1
86.372 3 8 1
86.511 2 8 1
86.511 4 8 1
86.651 3 8 1
86.651 4 8 1
86.721 2 8 1
86.721 1 8 1
86.79 3 8 1
86.79 4 8 1
86.86 2 8 1
86.93 1 8 1
86.93 4 8 25.08
87.209 1 8 33.48
87.209 3 8 1
87.488 3 8 1
87.488 2 8 33.48
87.767 1 8 16.8
87.767 3 8 1
88.046 1 8 1
88.046 3 8 1
88.046 4 8 33.48
88.325 3 8 1
88.325 2 8 1
88.395 1 8 1
88.465 3 8 1
88.465 4 8 1
88.604 2 8 1
88.674 4 8 1
88.744 3 8 1
88.814 1 8 1
88.883 3 8 1
88.953 2 8 1
89.023 1 8 1
89.023 4 8 1
89.162 2 8 1
89.162 4 8 33.6
89.442 2 8 1
89.581 1 8 33.48
89.581 3 8 1
89.86 3 8 1
89.86 2 8 1
89.93 4 8 1
90 1 8 1
90 2 8 1
90.069 4 8 1
90.139 2 8 1
90.139 1 8 1
90.279 3 8 1
90.418 1 8 1
90.418 2 8 1
90.488 3 8 1
90.488 4 8 1
90.558 2 8 1
90.628 3 8 1
90.697 2 8 1
90.767 3 8 1
90.767 1 8 1
90.837 4 8 1
90.907 2 8 1
90.976 3 8 1
91.046 1 8 1
91.116 4 8 1
91.116 3 8 1
91.186 1 8 1
91.255 3 8 1
91.255 4 8 1
91.395 2 8 1
91.395 4 8 33.48
91.395 1 8 1
91.674 3 8 1
91.744 2 8 1
91.814 1 8 1
91.814 3 8 1
91.814 4 8 1
91.953 4 8 1
92.023 2 8 1
92.093 4 8 1
92.093 3 8 1
92.232 1 8 1
92.232 2 8 1
92.302 3 8 1
92.302 4 8 1
92.372 1 8 1
92.372 2 8 1
92.441 3 8 1
92.441 4 8 1
92.511 1 8 1
92.511 2 8 1
92.581 3 8 1
92.581 4 8 1
92.651 1 8 1
92.651 2 8 1
92.79 2 8 1
92.86 4 8 1
92.93 4 8 33.48
92.93 1 8 1
92.93 3 8 1
93.209 2 8 1
93.348 3 8 1
93.418 1 8 1
93.488 3 8 1
93.488 4 8 1
93.627 1 8 33.6
93.627 3 8 1
93.907 2 8 1
93.976 3 8 1
94.046 2 8 1
94.046 4 8 1
94.186 1 8 1
94.325 3 8 1
94.325 4 8 1
94.465 2 8 1
94.465 1 8 1
94.534 3 8 1
94.534 4 8 1
94.604 1 8 1
94.604 2 8 1
94.674 3 8 1
94.744 1 8 1
94.744 2 8 1
94.883 1 8 1
94.883 4 8 1
95.023 2 8 1
95.023 3 8 1
95.023 4 8 25.08
95.302 1 8 25.08
95.302 2 8 1
95.581 3 8 1
95.581 2 8 25.08
95.86 3 8 1
95.86 4 8 41.88
96.139 1 8 1
96.279 1 8 1
96.279 4 8 33.48
96.418 2 8 1
96.558 2 8 1
96.697 1 8 1
96.697 4 8 1
96.767 2 8 1
96.837 3 8 1
96.837 4 8 1
96.906 2 8 1
96.906 1 8 1
96.976 3 8 1
96.976 4 8 1
97.046 2 8 1
97.116 1 8 1
97.116 3 8 1
97.302 2 8 1
97.325 4 8 1
97.488 4 8 1
97.488 3 8 1
97.674 2 8 1
97.674 4 8 1
97.86 2 8 1
97.86 1 8 1
98.046 1 8 1
98.046 3 8 1
98.232 2 8 1
98.232 3 8 1
98.232 4 8 1
98.418 1 8 1
98.418 4 8 1
98.604 1 8 1
98.604 3 8 1
98.697 2 8 1
98.79 4 8 1
98.79 3 8 1
98.976 1 8 1
98.976 4 8 1
99.069 2 8 1
99.162 3 8 1
99.162 4 8 1
99.226 2 8 1
99.279 3 8 1
99.348 2 8 1
99.348 4 8 201
99.348 1 8 1
100.465 3 8 50.16
100.883 2 8 1
101.162 1 8 1
101.232 3 8 1
101.232 4 8 1
101.302 1 8 1
101.302 2 8 1
101.581 2 8 1
101.581 1 8 217.68
103.395 3 8 1
103.395 4 8 1
103.674 1 8 1
103.674 2 8 1
103.674 4 8 1
103.744 3 8 1
103.813 4 8 1
103.883 2 8 1
103.953 4 8 1
103.953 1 8 1
104.023 3 8 1
104.092 2 8 1
104.162 4 8 1
104.232 3 8 1
104.302 2 8 1
104.371 1 8 1
104.371 3 8 1
104.441 4 8 1
104.511 1 8 1
104.581 3 8 1
104.651 4 8 1
104.72 2 8 1
104.79 3 8 1
104.79 1 8 1
104.86 2 8 1
104.93 4 8 1
104.93 3 8 1
104.999 2 8 1
105.069 1 8 1
105.069 4 8 1
105.139 3 8 1
105.209 1 8 1
105.209 2 8 1
105.348 4 8 1
105.348 1 8 1
105.488 4 8 1
105.627 2 8 1
105.627 4 8 1
105.906 2 8 1
105.906 4 8 33.48
105.906 3 8 1
106.185 1 8 1
106.325 3 8 1
106.325 4 8 1
106.395 2 8 1
106.464 1 8 1
106.534 2 8 1
106.604 3 8 1
106.674 2 8 1
106.744 1 8 1
106.744 4 8 1
106.813 3 8 1
106.883 1 8 1
106.953 2 8 1
107.023 1 8 1
107.023 3 8 1
107.023 4 8 33.48
107.302 1 8 1
107.441 3 8 1
107.441 2 8 1
107.581 2 8 1
107.65 1 8 1
107.72 3 8 1
107.72 4 8 1
107.79 2 8 1
107.86 1 8 1
107.93 3 8 1
107.999 2 8 1
107.999 1 8 1
108.069 3 8 1
108.139 1 8 33.48
108.139 4 8 1
108.418 2 8 1
108.557 3 8 1
108.557 4 8 1
108.697 2 8 1
108.767 4 8 1
108.836 1 8 1
108.836 2 8 1
108.906 4 8 1
108.976 2 8 1
109.046 1 8 1
109.116 3 8 1
109.116 4 8 1
109.255 1 8 1
109.255 2 8 1
109.255 4 8 33.48
109.534 2 8 1
109.604 1 8 1
109.674 3 8 1
109.743 2 8 1
109.813 1 8 1
109.883 3 8 1
109.883 4 8 1
109.953 1 8 1
109.953 2 8 1
110.023 3 8 1
110.092 4 8 1
110.092 1 8 1
110.162 3 8 1
110.232 1 8 1
110.232 4 8 1
110.302 2 8 1
110.371 4 8 33.48
110.371 3 8 1
110.65 1 8 1
110.65 2 8 1
110.79 2 8 1
110.79 3 8 1
110.86 1 8 1
110.929 4 8 1
110.999 3 8 1
111.069 1 8 1
111.069 2 8 1
111.139 4 8 1
111.209 2 8 1
111.209 3 8 1
111.278 1 8 1
111.348 3 8 1
111.418 2 8 1
111.488 1 8 33.48
111.488 4 8 1
111.767 2 8 1
111.906 3 8 1
111.906 4 8 1
112.046 2 8 1
112.115 1 8 1
112.185 3 8 1
112.185 4 8 1
112.255 2 8 1
112.325 3 8 1
112.395 2 8 1
112.464 3 8 1
112.534 2 8 1
112.604 1 8 1
112.604 4 8 33.48
112.883 1 8 1
112.883 2 8 1
113.022 3 8 1
113.162 2 8 1
113.232 4 8 1
113.302 3 8 1
113.302 2 8 1
113.371 1 8 1
113.441 3 8 1
113.441 4 8 1
113.511 1 8 1
113.581 4 8 1
113.581 3 8 1
113.72 1 8 35.64
113.72 2 8 50.28
113.72 4 8 1
114.139 1 8 1
114.139 4 8 16.68
114.278 3 8 33.48
114.557 2 8 1
114.557 1 8 1
114.697 1 8 16.68
114.836 3 8 16.8
114.976 4 8 1
114.976 1 8 1
115.115 2 8 1
115.115 3 8 1
115.255 1 8 1
115.255 4 8 1
115.325 2 8 1
115.394 3 8 1
115.534 1 8 1
115.534 4 8 1
115.604 2 8 1
115.674 1 8 1
115.674 3 8 1
115.813 2 8 1
115.813 4 8 1
115.883 1 8 1
115.953 4 8 1
115.953 3 8 1
116.022 1 8 1
116.022 2 8 1
116.092 3 8 1
116.232 1 8 1
116.232 2 8 1
116.301 4 8 1
116.371 3 8 1
116.371 2 8 1
116.441 1 8 1
116.511 3 8 1
116.511 4 8 1
116.581 1 8 1
116.65 3 8 1
116.65 4 8 1
116.79 1 8 1
116.79 2 8 1
116.86 3 8 1
116.929 1 8 1
116.929 4 8 1
116.999 3 8 1
117.069 1 8 1
117.069 4 8 1
117.139 3 8 1
117.208 2 8 1
117.208 4 8 1
117.348 1 8 1
117.418 3 8 1
117.418 4 8 1
117.487 1 8 1
117.487 2 8 1
117.557 3 8 1
117.627 1 8 1
117.627 2 8 1
117.697 4 8 1
117.767 3 8 1
117.836 2 8 1
117.906 3 8 1
117.906 4 8 1
117.976 1 8 1
118.046 4 8 1
118.046 3 8 1
118.115 2 8 1
118.185 1 8 1
118.185 3 8 1
118.255 4 8 1
118.325 2 8 1
118.394 3 8 1
118.464 1 8 1
118.534 2 8 1
118.604 1 8 1
118.604 3 8 1
118.604 4 8 1
118.674 2 8 1
118.743 3 8 1
118.743 4 8 1
118.813 2 8 1
118.883 3 8 1
118.883 4 8 1
119.022 1 8 1
119.022 2 8 1
119.092 3 8 1
119.162 1 8 1
119.162 4 8 1
119.232 2 8 1
119.301 4 8 1
119.301 3 8 1
119.371 1 8 1
119.441 3 8 1
119.441 4 8 1
119.58 2 8 1
119.65 4 8 1
119.72 3 8 1
119.79 2 8 1
119.86 4 8 1
119.929 3 8 1
119.999 1 8 1
119.999 2 8 1
120.069 4 8 1
120.139 3 8 1
120.208 2 8 1
120.278 1 8 1
120.278 4 8 1
120.348 3 8 1
120.418 2 8 1
120.487 1 8 1
120.557 4 8 1
120.557 3 8 1
120.627 2 8 1
120.697 3 8 1
120.766 1 8 1
120.836 2 8 1
120.836 4 8 1
120.906 3 8 1
120.976 2 8 1
121.046 3 8 1
121.115 4 8 1
121.185 2 8 1
121.255 3 8 1
121.325 2 8 1
121.394 1 8 16.8
121.394 4 8 16.8
121.534 3 8 1
122.232 2 8 1
122.232 1 8 1
122.301 4 8 1
122.301 3 8 1
122.371 1 8 1
122.441 2 8 1
122.511 3 8 1
122.511 4 8 1
122.58 2 8 1
122.65 1 8 1
122.72 4 8 1
122.79 1 8 1
122.79 3 8 16.68
122.929 2 8 1
122.929 4 8 66.96
123.208 1 8 1
123.208 3 8 33.48
123.627 4 8 1
123.627 1 8 1
123.697 3 8 1
123.766 4 8 1
123.836 3 8 1
123.906 1 8 1
123.906 2 8 1
124.045 1 8 1
124.045 2 8 1
124.185 3 8 1
124.325 1 8 1
124.325 4 8 1
124.464 2 8 1
124.604 1 8 1
124.604 4 8 1
124.743 3 8 1
124.813 2 8 1
124.883 3 8 1
124.883 4 8 1
125.022 1 8 1
125.162 1 8 1
125.162 4 8 1
125.301 3 8 1
125.441 1 8 1
125.441 4 8 1
125.58 2 8 1
125.72 1 8 1
125.72 4 8 1
125.859 2 8 1
125.999 1 8 1
125.999 4 8 1
126.138 2 8 1
126.278 1 8 1
126.278 4 8 1
126.418 3 8 1
126.487 2 8 1
126.557 1 8 1
126.557 4 8 1
126.697 2 8 1
126.836 1 8 1
126.836 4 8 1
126.976 3 8 1
127.115 1 8 1
127.115 4 8 1
127.255 3 8 1
127.324 2 8 1
127.394 1 8 1
127.394 4 8 1
127.534 3 8 1
127.604 2 8 1
127.673 1 8 1
127.673 4 8 1
127.813 3 8 1
127.952 1 8 1
127.952 4 8 1
128.092 3 8 1
128.162 2 8 1
128.231 1 8 1
128.231 4 8 1
128.371 2 8 1
128.511 1 8 1
128.511 4 8 1
128.65 3 8 1
128.79 1 8 1
128.79 4 8 1
128.929 2 8 1
129.069 1 8 1
129.069 3 8 1
129.069 4 8 1
129.208 2 8 1
129.278 3 8 1
129.348 1 8 1
129.348 4 8 1
129.487 3 8 1
129.627 1 8 1
129.627 2 8 1
129.766 3 8 1
129.906 1 8 1
129.906 4 8 1
130.045 2 8 1
130.185 4 8 1
130.255 1 8 1
130.324 3 8 1
130.394 1 8 1
130.394 2 8 1
130.464 4 8 1
130.464 3 8 1
130.534 2 8 1
130.534 1 8 1
130.603 3 8 1
130.603 4 8 33.6
130.883 2 8 1
131.022 4 8 1
131.022 1 8 1
131.162 2 8 1
131.301 1 8 1
131.441 3 8 1
131.441 4 8 1
131.58 2 8 1
131.65 3 8 1
131.72 4 8 1
131.72 1 8 1
131.859 2 8 1
131.929 3 8 1
131.999 2 8 1
132.138 4 8 1
132.138 1 8 1
132.417 3 8 1
132.417 4 8 1
132.557 4 8 1
132.557 2 8 1
132.627 1 8 1
132.696 4 8 1
132.766 2 8 1
132.836 3 8 1
132.836 1 8 1
132.836 4 8 33.48
133.255 1 8 1
133.255 4 8 184.08
133.673 1 8 1
133.673 3 8 1
134.092 3 8 1
134.092 1 8 1
134.51 2 8 1
134.51 1 8 33.48
134.789 2 8 1
134.789 3 8 1
135.069 1 8 1
135.069 3 8 33.48
135.487 2 8 1
135.487 4 8 33.48
135.906 1 8 1
135.906 4 8 50.16
136.324 2 8 1
136.464 1 8 33.48
136.464 4 8 1
136.603 2 8 1
136.743 2 8 1
136.743 4 8 1
136.813 3 8 1
136.882 1 8 1
136.882 2 8 1
136.952 3 8 1
137.022 1 8 1
137.022 4 8 33.48
137.301 1 8 1
137.301 2 8 1
137.441 3 8 16.68
137.58 1 8 1
137.58 4 8 1
137.72 2 8 16.68
137.859 4 8 1
137.859 3 8 1
137.999 3 8 16.68
138.138 1 8 1
138.138 2 8 1
138.278 2 8 16.68
138.417 4 8 1
138.417 1 8 1
138.557 1 8 1
138.557 3 8 1
138.627 2 8 1
138.696 3 8 1
138.696 4 8 1
138.766 2 8 1
138.836 1 8 1
138.906 2 8 1
138.975 3 8 1
138.975 4 8 1
139.045 2 8 1
139.115 1 8 1
139.185 4 8 1
139.185 3 8 1
139.254 2 8 1
139.254 1 8 1
139.324 3 8 1
139.324 4 8 1
139.394 2 8 1
139.464 3 8 1
139.534 1 8 1
139.534 4 8 1
139.534 2 8 1
141.627 1 8 33.48
141.627 3 8 1
141.627 4 8 1
141.906 4 8 1
142.045 1 8 1
142.045 2 8 1
142.115 3 8 1
142.115 4 8 1
142.185 2 8 1
142.254 3 8 1
142.324 1 8 1
142.464 3 8 1
142.464 4 8 1
142.603 1 8 1
142.673 2 8 1
142.743 4 8 33.48
142.743 1 8 1
142.743 3 8 1
143.022 1 8 1
143.161 4 8 1
143.161 3 8 1
143.301 2 8 1
143.371 3 8 1
143.44 1 8 1
143.51 2 8 1
143.58 3 8 1
143.65 4 8 1
143.72 1 8 1
143.72 2 8 1
143.789 4 8 1
143.789 3 8 1
143.859 1 8 33.48
143.859 2 8 1
144.138 2 8 1
144.278 3 8 1
144.278 4 8 1
144.417 3 8 1
144.487 2 8 1
144.487 4 8 1
144.557 1 8 1
144.557 3 8 1
144.696 4 8 1
144.696 1 8 1
144.766 2 8 1
144.836 4 8 1
144.906 1 8 1
144.975 2 8 25.2
144.975 4 8 1
144.975 3 8 1
145.254 2 8 1
145.254 3 8 33.48
145.533 4 8 33.48
145.533 2 8 1
145.812 1 8 1
145.812 3 8 1
146.371 4 8 1
146.44 2 8 1
146.51 1 8 1
146.51 3 8 1
146.51 4 8 1
146.65 2 8 1
146.719 4 8 1
146.789 1 8 1
146.929 3 8 1
146.999 2 8 1
147.068 1 8 1
147.068 4 8 1
147.208 2 8 1
147.208 3 8 1
147.208 1 8 50.16
147.487 3 8 1
147.626 3 8 1
147.626 4 8 1
147.766 2 8 1
147.836 4 8 1
147.905 1 8 1
147.905 2 8 1
148.045 4 8 1
148.185 1 8 1
148.185 2 8 1
148.254 3 8 1
148.324 1 8 1
148.324 2 8 1
148.394 3 8 1
148.464 2 8 1
148.464 1 8 1
148.464 4 8 1
148.533 3 8 1
148.603 1 8 1
148.673 2 8 1
148.743 3 8 1
148.812 1 8 1
148.882 3 8 1
148.882 4 8 1
148.952 1 8 1
148.952 2 8 1
149.022 3 8 1
149.022 4 8 1
149.161 1 8 1
149.161 2 8 1
149.231 3 8 1
149.301 2 8 1
149.301 4 8 1
149.44 1 8 1
149.44 2 8 1
149.44 3 8 33.48
149.719 4 8 1
149.859 1 8 1
149.859 2 8 1
149.998 3 8 1
149.998 4 8 1
150.138 2 8 1
150.138 3 8 1
150.278 2 8 1
150.278 4 8 1
150.347 3 8 1
150.417 1 8 1
150.417 2 8 1
150.487 4 8 1
150.557 1 8 1
150.557 2 8 1
150.626 3 8 1
150.626 4 8 1
150.696 2 8 1
150.696 1 8 1
150.975 1 8 1
150.975 3 8 1
150.975 4 8 1
151.115 4 8 1
151.254 2 8 1
151.254 1 8 1
151.394 4 8 1
151.533 1 8 1
151.533 2 8 1
151.533 3 8 1
151.673 4 8 1
151.812 3 8 1
151.812 1 8 1
151.952 4 8 1
152.091 2 8 1
152.091 3 8 1
152.091 1 8 1
152.231 4 8 1
152.37 1 8 1
152.37 2 8 1
152.51 1 8 1
152.65 2 8 1
152.65 3 8 1
152.65 4 8 1
152.789 1 8 1
152.789 4 8 1
152.859 3 8 1
152.929 1 8 1
152.929 2 8 1
152.998 3 8 1
152.998 4 8 1
153.068 1 8 1
153.068 2 8 1
153.138 4 8 1
153.208 1 8 1
153.208 3 8 1
153.347 1 8 1
153.347 2 8 33.48
153.347 4 8 1
153.626 3 8 1
153.626 4 8 1
153.766 1 8 1
153.766 2 8 1
153.905 2 8 33.48
153.905 4 8 1
154.184 1 8 1
154.184 4 8 1
154.254 3 8 1
154.324 4 8 1
154.324 2 8 1
154.463 1 8 1
154.603 2 8 1
154.603 4 8 1
154.673 3 8 1
154.743 2 8 1
154.812 4 8 1
154.882 2 8 1
154.882 1 8 1
154.952 3 8 1
155.022 1 8 1
155.091 2 8 1
155.161 1 8 1
155.161 4 8 1
155.301 2 8 1
155.37 3 8 1
155.44 1 8 1
155.44 2 8 1
155.58 2 8 1
155.58 3 8 1
155.719 4 8 1
155.719 3 8 1
155.789 2 8 1
155.789 1 8 1
155.859 4 8 1
155.929 3 8 1
155.998 2 8 1
156.138 1 8 1
156.138 4 8 33.48
156.417 1 8 1
156.556 2 8 1
156.556 1 8 1
156.696 3 8 1
156.766 2 8 1
156.836 1 8 1
156.836 4 8 1
156.975 1 8 1
156.975 2 8 1
157.045 3 8 1
157.045 4 8 1
157.115 1 8 1
157.184 2 8 1
157.254 3 8 1
157.254 4 8 1
157.324 1 8 1
157.324 2 8 1
157.394 3 8 1
157.394 4 8 1
157.463 1 8 1
157.533 4 8 1
157.533 2 8 1
157.603 3 8 1
157.673 1 8 1
157.742 2 8 1
157.812 3 8 1
157.812 4 8 1
157.882 2 8 1
157.952 4 8 1
157.952 1 8 1
158.022 3 8 1
158.091 2 8 1
158.161 3 8 1
158.231 1 8 1
158.231 4 8 1
158.301 2 8 1
158.37 3 8 1
158.44 4 8 1
158.51 2 8 1
158.51 1 8 1
158.58 3 8 1
158.649 1 8 1
158.649 2 8 1
158.789 1 8 1
158.789 4 8 1
158.929 3 8 1
158.998 2 8 1
159.068 3 8 1
159.068 1 8 1
159.068 4 8 1
159.208 2 8 1
159.208 3 8 1
159.277 1 8 1
159.347 2 8 1
159.347 4 8 1
159.417 1 8 1
159.487 3 8 1
159.487 4 8 1
159.626 1 8 1
159.626 2 8 1
159.766 3 8 1
159.835 2 8 1
159.905 3 8 1
159.905 4 8 1
159.905 1 8 1
160.045 2 8 1
160.184 3 8 1
160.184 4 8 1
160.254 2 8 1
160.324 3 8 1
160.324 1 8 1
160.463 1 8 1
160.463 4 8 1
160.603 2 8 1
160.603 4 8 1
160.742 1 8 1
160.742 3 8 1
160.882 1 8 1
160.882 2 8 1
161.021 3 8 1
161.021 4 8 1
161.161 1 8 1
161.161 2 8 1
161.301 3 8 1
161.301 4 8 1
161.44 2 8 1
161.44 4 8 1
161.58 3 8 1
161.58 2 8 1
161.719 1 8 1
161.719 4 8 1
161.859 1 8 1
161.859 2 8 1
161.928 3 8 1
161.998 2 8 1
161.998 4 8 1
162.138 3 8 1
162.208 4 8 1
162.277 1 8 1
162.277 2 8 1
162.417 3 8 1
162.487 2 8 1
162.556 1 8 1
162.556 4 8 1
162.626 2 8 1
162.696 3 8 1
162.766 4 8 1
162.835 3 8 1
162.835 1 8 1
162.835 2 8 16.8
163.114 4 8 1
163.114 2 8 1
163.394 1 8 1
163.394 2 8 1
163.394 3 8 1
163.673 4 8 1
163.673 1 8 1
163.673 2 8 1
163.952 3 8 1
164.231 1 8 1
164.231 2 8 1
164.3 3 8 1
164.37 4 8 1
164.37 1 8 1
164.51 2 8 1
164.51 3 8 1
164.58 4 8 1
164.649 2 8 1
164.719 1 8 1
164.789 2 8 1
164.859 3 8 1
164.928 1 8 1
164.928 2 8 1
165.068 1 8 1
165.068 3 8 1
165.068 4 8 83.76
165.347 3 8 1
165.487 1 8 1
165.487 3 8 1
165.766 3 8 1
165.766 2 8 1
165.835 4 8 1
165.905 2 8 1
165.975 1 8 1
166.045 3 8 1
166.045 4 8 1
166.184 3 8 1
166.254 2 8 1
166.324 1 8 1
166.324 4 8 1
166.393 3 8 1
166.463 2 8 1
166.463 1 8 1
166.533 3 8 1
166.603 4 8 1
166.673 2 8 1
166.742 3 8 1
166.742 4 8 1
166.812 1 8 1
166.882 3 8 1
166.952 2 8 1
167.021 4 8 1
167.091 3 8 1
167.161 2 8 1
167.161 4 8 1
167.3 1 8 50.28
167.3 3 8 1
167.3 2 8 1
167.579 3 8 1
167.719 4 8 1
167.719 2 8 1
167.859 4 8 1
167.859 2 8 1
167.928 3 8 1
167.998 2 8 1
167.998 4 8 1
168.138 4 8 1
168.138 3 8 1
168.207 1 8 1
168.207 2 8 1
168.277 4 8 1
168.277 3 8 1
168.347 2 8 1
168.417 1 8 1
168.417 4 8 1
168.486 3 8 1
168.556 1 8 1
168.626 2 8 1
168.696 3 8 1
168.696 4 8 1
168.766 2 8 1
168.835 4 8 1
168.835 1 8 33.48
169.114 3 8 1
169.254 1 8 1
169.254 2 8 1
169.324 4 8 1
169.393 1 8 1
169.393 2 8 1
169.533 2 8 33.48
169.533 4 8 1
169.812 1 8 1
169.882 3 8 1
169.952 1 8 1
169.952 4 8 1
170.091 3 8 1
170.231 1 8 1
170.231 2 8 1
170.37 3 8 1
170.37 4 8 1
170.44 2 8 1
170.51 1 8 1
170.51 4 8 1
170.579 2 8 1
170.649 3 8 1
170.649 4 8 1
170.789 2 8 1
170.789 1 8 1
170.789 3 8 1
170.928 1 8 1
170.928 2 8 1
171.068 3 8 1
171.207 4 8 25.2
171.207 3 8 1
171.486 2 8 1
171.486 4 8 33.48
171.765 1 8 33.6
171.765 3 8 1
172.045 3 8 1
172.114 2 8 1
172.184 4 8 50.28
172.184 1 8 1
172.184 3 8 1
172.324 2 8 1
172.463 2 8 1
172.603 1 8 1
172.603 3 8 1
172.638 2 8 1
172.672 4 8 1
172.742 3 8 1
172.76 1 8 1
172.812 2 8 1
172.882 1 8 1
172.882 2 8 1
173.178 2 8 1
173.178 4 8 1
173.405 4 8 1
173.579 1 8 1
173.579 2 8 1
173.765 3 8 1
173.951 1 8 1
173.951 4 8 22.44
174.138 2 8 1
174.324 3 8 22.32
174.324 4 8 1
174.51 2 8 1
174.696 1 8 1
174.696 2 8 22.32
174.882 4 8 1
175.068 2 8 22.32
175.068 1 8 1
175.068 4 8 1
175.254 3 8 1
175.254 1 8 1
175.254 4 8 234.36
176.37 1 8 50.28
176.789 2 8 33.48
177.068 3 8 16.68
177.417 1 8 1
177.486 2 8 92.16
178.254 4 8 25.08
178.323 1 8 1
178.463 3 8 1
178.463 2 8 1
178.463 1 8 33.48
178.742 3 8 1
178.742 4 8 1
178.812 2 8 1
178.882 4 8 1
178.882 3 8 1
179.021 1 8 1
179.021 2 8 1
179.161 2 8 1
179.161 3 8 1
179.3 3 8 1
179.3 4 8 1
179.37 2 8 1
179.37 1 8 1
179.44 3 8 1
179.44 4 8 1
179.509 1 8 1
179.509 2 8 1
179.579 4 8 1
179.579 3 8 1
179.649 1 8 1
179.719 2 8 1
179.719 3 8 1
179.928 1 8 1
179.928 2 8 1
180.091 4 8 1
180.102 2 8 1
180.277 1 8 1
180.277 3 8 1
180.463 2 8 1
180.463 4 8 1
180.649 1 8 1
180.649 2 8 1
180.835 3 8 1
180.835 1 8 1
181.021 1 8 1
181.021 3 8 1
181.021 4 8 1
181.207 2 8 1
181.207 3 8 1
181.393 1 8 1
181.393 3 8 1
181.393 4 8 1
181.568 1 8 1
181.579 4 8 1
181.579 2 8 1
181.626 3 8 1
181.707 4 8 1
181.765 1 8 1
181.765 2 8 1
181.847 3 8 1
181.905 1 8 1
181.951 2 8 1
181.951 4 8 66.96
182.509 1 8 117.24
182.998 2 8 47.4
183.486 2 8 22.32
183.765 1 8 1
183.765 4 8 1
183.835 3 8 1
183.905 1 8 1
184.184 1 8 1
184.184 4 8 217.68
185.998 2 8 1
185.998 1 8 1
186.277 1 8 1
186.277 3 8 1
186.277 4 8 1
186.416 1 8 1
186.486 3 8 1
186.556 1 8 1
186.556 2 8 1
186.626 3 8 1
186.695 2 8 1
186.695 1 8 1
186.765 4 8 1
186.835 1 8 1
186.835 2 8 1
186.905 3 8 1
186.974 1 8 1
187.044 2 8 1
187.114 1 8 1
187.114 4 8 1
187.184 3 8 1
187.254 1 8 1
187.254 2 8 1
187.323 4 8 1
187.393 2 8 1
187.463 1 8 1
187.533 2 8 1
187.533 3 8 1
187.672 1 8 1
187.672 4 8 1
187.812 2 8 1
187.812 3 8 1
187.951 1 8 1
187.951 4 8 1
188.23 2 8 1
188.23 4 8 1
188.509 2 8 1
188.509 4 8 1
188.509 1 8 33.48
188.788 4 8 1
188.928 3 8 1
188.928 4 8 1
188.998 2 8 1
189.067 1 8 1
189.137 3 8 1
189.207 2 8 1
189.277 3 8 1
189.346 1 8 1
189.346 2 8 1
189.416 4 8 1
189.486 3 8 1
189.556 2 8 1
189.626 1 8 33.48
189.626 4 8 1
189.905 3 8 1
190.044 2 8 1
190.044 1 8 1
190.184 3 8 1
190.253 4 8 1
190.323 2 8 1
190.393 1 8 1
190.463 3 8 1
190.463 4 8 1
190.533 2 8 1
190.602 3 8 1
190.672 2 8 1
190.742 1 8 1
190.742 4 8 22.32
191.021 4 8 16.68
191.021 3 8 1
191.16 2 8 1
191.16 1 8 1
191.3 1 8 1
191.3 2 8 1
191.37 3 8 1
191.439 2 8 1
191.509 1 8 1
191.509 4 8 1
191.579 2 8 1
191.649 3 8 1
191.719 2 8 1
191.719 1 8 1
191.788 3 8 1
191.858 1 8 33.48
191.858 2 8 1
191.858 4 8 1
192.137 4 8 1
192.207 3 8 1
192.277 1 8 1
192.277 2 8 1
192.416 4 8 1
192.486 3 8 1
192.556 1 8 1
192.556 4 8 1
192.626 2 8 1
192.695 4 8 1
192.765 3 8 1
192.835 1 8 1
192.835 2 8 1
192.905 3 8 1
192.974 2 8 1
192.974 4 8 33.48
193.253 1 8 1
193.393 4 8 1
193.393 3 8 1
193.463 1 8 1
193.532 3 8 1
193.602 2 8 1
193.672 1 8 1
193.742 2 8 1
193.812 1 8 1
193.812 4 8 1
193.881 3 8 1
193.951 4 8 1
194.091 4 8 33.48
194.091 3 8 1
194.37 3 8 1
194.509 2 8 1
194.509 1 8 1
194.649 1 8 1
194.649 2 8 1
194.718 4 8 1
194.788 2 8 1
194.788 1 8 1
194.858 3 8 1
194.928 2 8 1
194.998 3 8 1
195.067 4 8 1
195.137 3 8 1
195.207 4 8 1
195.207 1 8 33.48
195.486 3 8 1
195.486 2 8 1
195.625 4 8 1
195.625 1 8 1
195.765 3 8 1
195.835 1 8 1
195.835 2 8 1
195.905 3 8 1
195.905 4 8 1
195.974 2 8 1
196.044 1 8 1
196.044 4 8 1
196.114 3 8 1
196.184 1 8 1
196.184 2 8 1
196.323 4 8 33.48
196.323 1 8 1
196.602 1 8 1
196.602 2 8 1
196.742 3 8 1
196.742 4 8 1
196.881 1 8 1
196.881 3 8 1
197.021 1 8 1
197.021 4 8 1
197.091 2 8 1
197.16 4 8 1
197.16 3 8 1
197.23 2 8 1
197.3 1 8 1
197.3 3 8 1
197.3 4 8 1
197.439 4 8 33.48
197.858 2 8 16.68
197.858 4 8 1
197.997 1 8 16.8
197.997 4 8 1
198.137 3 8 16.8
198.277 1 8 1
198.277 2 8 16.68
198.416 4 8 1
198.556 1 8 16.68
198.556 3 8 16.68
198.695 2 8 33.48
198.835 1 8 1
198.835 4 8 1
198.974 4 8 16.8
199.114 2 8 1
199.114 3 8 1
199.253 1 8 16.8
199.393 2 8 16.68
199.393 4 8 16.68
199.532 3 8 1
199.672 1 8 16.68
199.672 4 8 1
199.811 2 8 1
199.881 3 8 1
199.951 1 8 8.4
199.951 4 8 1
200.09 2 8 1
200.16 3 8 8.4
200.23 1 8 1
200.23 4 8 1
200.37 2 8 8.28
200.439 1 8 1
200.509 4 8 1
200.509 3 8 1
200.649 3 8 1
200.718 4 8 1
200.788 2 8 1
200.788 3 8 1
200.788 1 8 33.48
201.067 3 8 1
201.067 4 8 1
201.137 1 8 1
201.137 2 8 1
201.207 3 8 1
201.207 4 8 1
201.346 3 8 1
201.346 4 8 1
201.486 1 8 1
201.486 2 8 1
201.625 1 8 1
201.625 2 8 1
201.695 3 8 1
201.695 4 8 1
201.765 1 8 1
201.765 2 8 1
201.835 3 8 1
201.904 1 8 25.2
201.904 4 8 1
202.114 2 8 1
202.183 3 8 1
202.183 4 8 1
202.323 3 8 16.8
202.463 4 8 1
202.463 1 8 8.28
202.602 2 8 8.4
202.672 3 8 1
202.742 1 8 1
202.742 4 8 16.68
202.881 3 8 16.8
203.021 4 8 1
203.021 1 8 8.28
203.16 3 8 1
203.23 4 8 1
203.3 1 8 8.28
203.3 2 8 1
203.439 3 8 8.4
203.579 1 8 1
203.579 4 8 1
203.649 3 8 8.28
203.718 2 8 4.2
203.788 4 8 1
203.858 1 8 5.52
203.858 2 8 1
203.997 3 8 8.4
204.137 1 8 8.4
204.137 4 8 8.4
204.276 2 8 1
204.346 3 8 1
204.416 1 8 8.4
204.416 4 8 1
204.555 3 8 4.2
204.625 2 8 1
204.695 1 8 1
204.695 4 8 8.4
204.835 3 8 8.28
204.904 2 8 1
204.974 1 8 8.4
205.044 2 8 1
205.114 4 8 1
205.114 3 8 1
205.183 2 8 41.88
205.253 4 8 1
205.253 1 8 1
205.532 4 8 1
205.532 3 8 1
205.602 1 8 1
205.672 3 8 1
205.672 2 8 1
205.742 4 8 8.28
205.811 3 8 1
205.811 2 8 1
205.881 1 8 1
205.881 4 8 41.88
205.951 2 8 1
206.021 3 8 1
206.09 1 8 1
206.09 2 8 1
206.16 3 8 1
206.23 1 8 1
206.23 2 8 1
206.3 3 8 1
206.369 1 8 1
206.439 2 8 1
206.509 3 8 1
206.509 4 8 1
206.788 4 8 1
207.067 4 8 1
207.346 1 8 1
207.625 4 8 1
208.044 4 8 1
208.183 1 8 1
208.462 4 8 1
208.602 2 8 16.68
208.741 3 8 16.8
208.741 4 8 1
208.881 1 8 1
208.951 2 8 1
209.021 3 8 1
209.021 4 8 1
209.09 2 8 1
209.16 1 8 1
209.23 3 8 1
209.3 4 8 1
209.369 2 8 1
209.439 1 8 1
209.509 2 8 1
209.579 3 8 1
209.579 4 8 1
209.648 2 8 1
209.718 1 8 1
209.788 2 8 1
209.858 3 8 1
209.858 4 8 1
209.927 2 8 1
209.997 3 8 1
209.997 4 8 1
210.067 2 8 1
210.137 1 8 1
210.137 3 8 1
210.207 4 8 1
210.276 1 8 1
210.276 2 8 1
210.346 4 8 1
210.416 2 8 1
210.416 3 8 1
210.416 1 8 1
210.486 4 8 1
210.555 3 8 1
210.555 1 8 1
210.625 4 8 1
210.695 2 8 1
210.695 1 8 1
210.834 1 8 16.8
210.834 3 8 16.8
210.834 4 8 16.8
