0.479 3 8 1
0.586 2 8 1
0.694 2 8 1
0.801 1 8 1
0.908 4 8 1
1.015 3 8 1
1.122 2 8 1
1.229 2 8 1
1.336 1 8 1
1.444 3 8 1
1.551 2 8 1
1.658 3 8 1
1.765 4 8 1
1.872 3 8 1
1.979 1 8 1
2.086 3 8 1
2.194 2 8 1
2.301 4 8 1
2.408 2 8 1
2.515 4 8 1
2.622 1 8 1
2.729 3 8 1
2.836 3 8 1
2.944 2 8 1
3.051 4 8 1
3.158 1 8 1
3.265 3 8 1
3.372 1 8 1
3.479 2 8 1
3.586 3 8 1
3.693 1 8 1
3.801 3 8 1
3.908 4 8 1
4.015 2 8 1
4.122 3 8 1
4.229 1 8 1
4.336 3 8 1
4.443 2 8 1
4.551 4 8 1
4.658 3 8 1
4.765 2 8 1
4.872 3 8 1
4.979 2 8 1
5.086 3 8 1
5.193 1 8 1
5.301 2 8 1
5.408 4 8 1
5.515 1 8 1
5.622 3 8 1
5.729 4 8 1
5.836 2 8 1
5.943 3 8 1
6.051 1 8 1
6.158 3 8 1
6.265 2 8 1
6.372 4 8 1
6.479 1 8 1
6.586 2 8 1
6.693 3 8 1
6.801 2 8 1
6.908 4 8 1
7.015 2 8 1
7.122 4 8 1
7.229 3 8 1
7.336 1 8 1
7.443 2 8 1
7.55 1 8 1
7.658 3 8 1
7.765 2 8 1
7.872 3 8 1
7.979 4 8 1
8.086 3 8 1
8.193 1 8 1
8.3 4 8 1
8.408 2 8 1
8.515 4 8 1
8.622 1 8 1
8.729 3 8 1
8.836 2 8 1
8.943 1 8 1
9.05 3 8 1
9.158 4 8 1
9.265 4 8 1
9.372 1 8 1
9.479 2 8 1
9.586 3 8 1
9.693 2 8 1
9.8 4 8 1
9.908 2 8 1
10.015 3 8 1
10.122 4 8 1
10.229 1 8 1
10.336 3 8 1
10.443 2 8 1
10.55 4 8 1
10.658 3 8 1
10.765 1 8 1
10.872 3 8 1
10.979 2 8 1
11.086 4 8 1
11.193 3 8 1
11.3 4 8 1
11.407 2 8 1
11.515 3 8 1
11.622 4 8 1
11.729 3 8 1
11.836 2 8 1
11.943 1 8 1
12.05 2 8 1
12.157 1 8 1
12.265 3 8 1
12.372 4 8 1
12.479 1 8 1
12.586 3 8 1
12.693 4 8 1
12.8 2 8 1
12.907 4 8 1
13.015 2 8 1
13.122 1 8 1
13.229 3 8 1
13.336 4 8 1
13.443 2 8 1
13.55 3 8 1
13.657 3 8 1
13.765 1 8 1
13.765 4 8 1
13.872 2 8 1
13.979 3 8 1
13.979 4 8 1
14.086 1 8 1
14.193 2 8 1
14.193 3 8 1
14.193 4 8 1
14.407 2 8 1
14.515 3 8 1
14.622 1 8 1
14.622 2 8 1
14.836 3 8 1
15.05 2 8 1
15.05 4 8 12.84
15.265 2 8 12.84
15.479 3 8 1
15.479 4 8 1
15.693 1 8 12.84
15.907 3 8 1
15.907 4 8 1
16.122 1 8 25.68
16.336 2 8 1
16.336 4 8 1
16.55 3 8 12.84
16.764 2 8 1
16.764 3 8 1
16.979 1 8 25.68
17.193 3 8 1
17.193 4 8 1
17.407 2 8 12.84
17.407 1 8 1
17.622 3 8 1
17.622 4 8 1
17.836 4 8 1
17.836 2 8 12.84
18.05 1 8 1
18.05 3 8 1
18.264 2 8 12.96
18.479 1 8 1
18.479 3 8 1
18.693 4 8 12.84
18.907 2 8 1
18.907 1 8 1
19.122 2 8 12.84
19.336 4 8 1
19.55 1 8 12.84
19.764 2 8 1
19.764 3 8 1
19.979 3 8 12.84
20.086 4 8 12.84
20.193 2 8 1
20.193 3 8 1
20.407 1 8 12.84
20.514 2 8 38.64
20.621 4 8 1
20.621 3 8 1
20.836 4 8 25.68
20.836 1 8 1
21.05 1 8 1
21.05 3 8 1
21.264 2 8 25.8
21.371 4 8 1
21.479 1 8 1
21.479 3 8 1
21.693 3 8 25.68
21.907 2 8 1
21.907 1 8 1
22.121 2 8 6.48
22.121 1 8 12.96
22.336 2 8 1
22.55 3 8 12.84
22.764 1 8 1
22.764 4 8 1
22.979 2 8 25.68
23.193 3 8 1
23.193 4 8 1
23.407 3 8 12.84
23.514 2 8 1
23.621 1 8 1
23.621 2 8 1
23.836 1 8 12.84
24.05 4 8 1
24.05 3 8 1
24.264 2 8 12.84
24.478 1 8 1
24.478 3 8 1
24.693 4 8 12.84
24.907 1 8 1
24.907 2 8 1
25.121 3 8 12.84
25.336 4 8 1
25.55 2 8 25.68
25.764 4 8 1
25.764 3 8 1
25.978 2 8 1
26.086 3 8 12.84
26.193 2 8 1
26.193 4 8 1
26.407 1 8 12.84
26.621 3 8 1
26.836 2 8 25.68
27.05 1 8 1
27.05 3 8 1
27.264 1 8 12.84
27.478 2 8 1
27.478 3 8 1
27.693 4 8 1
27.907 1 8 51.36
27.907 2 8 1
27.907 3 8 1
28.014 2 8 34.32
28.121 4 8 1
28.335 4 8 1
28.335 3 8 1
28.55 1 8 1
28.55 2 8 1
28.764 3 8 1
28.764 4 8 1
28.978 1 8 1
29.085 4 8 1
29.193 2 8 1
29.193 3 8 1
29.407 4 8 1
29.621 1 8 1
29.621 2 8 1
29.835 3 8 1
29.943 2 8 1
30.05 1 8 1
30.05 3 8 1
30.264 4 8 1
30.478 1 8 1
30.478 3 8 1
30.693 2 8 1
30.693 4 8 1
30.8 3 8 1
30.907 1 8 1
30.907 2 8 1
30.907 4 8 1
31.121 1 8 1
31.335 2 8 1
31.335 4 8 1
31.55 4 8 1
31.657 2 8 1
31.764 2 8 1
31.764 3 8 1
31.978 1 8 1
31.978 3 8 1
32.192 2 8 1
32.192 4 8 1
32.407 1 8 1
32.407 3 8 1
32.514 3 8 1
32.621 2 8 1
32.621 4 8 1
32.835 2 8 1
32.835 4 8 1
33.05 1 8 1
33.05 2 8 1
33.264 3 8 1
33.371 4 8 1
33.478 1 8 1
33.478 3 8 1
33.692 2 8 1
33.907 1 8 1
33.907 4 8 1
34.121 3 8 1
34.228 3 8 1
34.335 1 8 1
34.335 2 8 1
34.55 4 8 1
34.764 2 8 1
34.764 1 8 1
34.978 4 8 1
35.085 3 8 1
35.192 1 8 1
35.192 3 8 1
35.407 2 8 1
35.621 3 8 1
35.621 4 8 1
35.835 1 8 1
35.942 3 8 1
36.05 1 8 1
36.05 3 8 1
36.264 2 8 1
36.264 4 8 1
36.478 2 8 1
36.478 4 8 1
36.692 1 8 1
36.799 2 8 1
36.907 3 8 1
36.907 4 8 1
37.121 1 8 1
37.121 3 8 1
37.335 3 8 1
37.335 4 8 1
37.549 1 8 1
37.657 2 8 1
37.764 1 8 1
37.764 2 8 1
37.978 3 8 1
38.192 4 8 1
38.192 2 8 1
38.407 4 8 1
38.514 3 8 1
38.621 2 8 1
38.621 1 8 1
38.835 3 8 1
38.835 4 8 1
39.049 2 8 1
39.264 1 8 1
39.371 3 8 1
39.478 1 8 1
39.478 4 8 1
39.692 2 8 1
39.692 3 8 1
39.907 1 8 1
39.907 2 8 1
40.121 4 8 1
40.228 2 8 1
40.335 1 8 1
40.335 3 8 1
40.549 4 8 1
40.764 1 8 1
40.764 2 8 1
40.978 2 8 1
41.085 3 8 1
41.192 1 8 1
41.192 3 8 1
41.406 2 8 1
41.406 4 8 1
41.621 2 8 1
41.621 4 8 1
41.835 4 8 1
41.942 2 8 1
42.049 1 8 1
42.049 3 8 1
42.264 4 8 1
42.478 1 8 1
42.478 3 8 1
42.692 2 8 1
42.799 1 8 1
42.906 2 8 1
42.906 3 8 1
43.121 4 8 1
43.335 4 8 1
43.335 2 8 1
43.549 1 8 1
43.656 2 8 1
43.764 1 8 1
43.764 3 8 1
43.978 3 8 1
44.192 4 8 1
44.192 2 8 1
44.406 3 8 1
44.514 2 8 1
44.621 1 8 1
44.621 3 8 1
44.621 4 8 1
44.835 1 8 1
45.049 2 8 1
45.049 4 8 1
45.263 3 8 1
45.371 2 8 1
45.478 1 8 1
45.478 4 8 1
45.692 1 8 1
45.906 3 8 1
45.906 4 8 1
46.121 1 8 1
46.228 3 8 1
46.335 2 8 1
46.335 4 8 1
46.549 1 8 1
46.549 3 8 1
46.763 2 8 1
46.763 3 8 1
46.978 2 8 1
47.085 1 8 1
47.192 2 8 1
47.192 4 8 1
47.406 3 8 1
47.621 1 8 1
47.621 4 8 1
47.835 4 8 1
47.942 3 8 1
48.049 1 8 1
48.049 2 8 1
48.263 4 8 1
48.478 1 8 1
48.478 2 8 1
48.692 1 8 1
48.692 3 8 1
48.799 2 8 1
48.906 3 8 1
48.906 4 8 1
49.013 2 8 12.84
49.12 3 8 1
49.12 4 8 1
49.335 1 8 1
49.335 2 8 1
49.335 4 8 1
49.549 1 8 1
49.656 3 8 1
49.763 2 8 1
49.763 4 8 1
49.87 3 8 1
49.978 4 8 12.84
50.192 1 8 1
50.192 3 8 1
50.406 2 8 1
50.513 4 8 12.84
50.62 1 8 1
50.62 2 8 1
50.62 3 8 1
50.835 2 8 12.84
51.049 3 8 1
51.049 4 8 1
51.263 1 8 12.84
51.37 3 8 1
51.478 1 8 1
51.478 2 8 12.84
51.478 4 8 1
51.692 3 8 1
51.692 1 8 12.84
51.799 2 8 1
51.906 4 8 1
51.906 1 8 1
51.906 3 8 1
52.12 3 8 12.96
52.228 1 8 1
52.335 2 8 1
52.335 4 8 1
52.442 3 8 1
52.549 1 8 1
52.656 2 8 1
52.763 3 8 1
52.763 4 8 1
52.763 1 8 1
52.87 2 8 1
52.977 3 8 12.96
52.977 4 8 1
53.085 1 8 1
53.085 2 8 1
53.192 3 8 1
53.192 4 8 1
53.406 1 8 12.84
53.513 4 8 1
53.62 2 8 1
53.62 3 8 1
53.62 1 8 1
53.727 4 8 1
53.835 3 8 1
53.942 1 8 1
54.049 2 8 1
54.049 3 8 1
54.049 4 8 1
54.156 2 8 1
54.156 3 8 1
54.263 2 8 1
54.263 4 8 1
54.37 1 8 1
54.477 4 8 1
54.477 3 8 1
54.692 3 8 1
54.745 4 8 1
54.812 2 8 1
54.906 2 8 1
54.906 4 8 1
54.906 1 8 1
55.12 1 8 1
55.174 4 8 1
55.227 3 8 1
55.335 2 8 1
55.335 1 8 1
55.335 4 8 1
55.549 3 8 1
55.656 1 8 1
55.763 2 8 1
55.87 3 8 1
55.977 2 8 1
56.085 1 8 1
56.299 2 8 1
56.406 1 8 1
56.513 3 8 1
56.62 2 8 1
56.835 3 8 1
57.049 4 8 1
57.263 2 8 1
57.37 2 8 1
57.477 3 8 1
57.692 2 8 1
57.799 2 8 1
57.906 1 8 1
58.12 3 8 1
58.227 3 8 1
58.549 3 8 1
58.763 3 8 1
58.977 4 8 1
59.192 3 8 1
59.299 1 8 1
59.513 4 8 1
59.62 3 8 1
59.834 3 8 1
59.942 2 8 1
60.049 4 8 1
60.156 3 8 1
60.263 1 8 1
60.477 2 8 1
60.584 1 8 1
60.799 2 8 1
60.906 2 8 1
61.013 4 8 1
61.12 3 8 1
61.227 2 8 1
61.441 1 8 1
61.549 1 8 1
61.656 3 8 1
61.763 2 8 1
61.87 2 8 1
61.977 2 8 1
62.084 3 8 1
62.299 2 8 1
62.406 2 8 1
62.513 3 8 1
62.727 1 8 1
62.941 2 8 1
63.049 2 8 1
63.37 2 8 1
63.477 2 8 1
63.691 2 8 1
63.906 3 8 1
64.013 4 8 1
64.12 1 8 1
64.334 4 8 1
64.441 4 8 1
64.656 3 8 1
64.87 4 8 1
65.084 3 8 1
65.191 3 8 1
65.406 3 8 1
65.513 2 8 1
65.62 1 8 1
65.834 3 8 1
66.048 4 8 1
66.156 2 8 1
66.37 3 8 1
66.477 4 8 1
66.691 4 8 1
66.906 2 8 1
67.013 3 8 1
67.12 4 8 1
67.334 4 8 1
67.441 1 8 1
67.548 2 8 1
67.763 2 8 25.68
67.763 3 8 1
67.763 4 8 1
67.977 3 8 1
68.191 1 8 1
68.191 2 8 1
68.191 4 8 1
68.406 4 8 1
68.513 3 8 1
68.566 4 8 1
68.62 1 8 1
68.62 2 8 1
68.834 3 8 12.84
68.834 4 8 12.84
69.048 2 8 1
69.048 1 8 1
69.263 3 8 1
69.477 1 8 1
69.477 4 8 1
69.477 3 8 1
69.691 2 8 1
70.12 2 8 1
70.334 3 8 1
70.334 4 8 1
70.548 1 8 1
70.977 3 8 1
71.191 1 8 1
71.191 2 8 1
71.405 4 8 1
71.62 3 8 1
71.834 2 8 1
72.048 3 8 1
72.048 1 8 1
72.263 4 8 1
72.691 3 8 1
72.905 1 8 1
72.905 2 8 1
73.12 4 8 1
73.548 3 8 1
73.762 1 8 1
73.762 2 8 1
73.977 4 8 1
74.405 1 8 1
74.62 2 8 1
74.62 4 8 1
74.834 3 8 1
75.048 2 8 1
75.262 1 8 1
75.477 2 8 1
75.477 4 8 1
75.691 3 8 1
75.905 1 8 1
76.12 3 8 1
76.334 1 8 1
76.334 2 8 1
76.334 4 8 1
76.548 2 8 1
76.762 3 8 1
76.762 4 8 1
76.977 2 8 1
77.191 1 8 1
77.191 3 8 1
77.191 4 8 1
77.405 2 8 1
77.62 4 8 1
77.941 4 8 1
78.048 1 8 1
78.048 2 8 1
78.262 3 8 1
78.477 1 8 1
78.691 4 8 1
78.905 1 8 1
78.905 4 8 1
79.119 3 8 1
79.334 2 8 1
79.548 3 8 1
79.762 1 8 1
79.762 2 8 1
79.977 4 8 1
80.191 3 8 1
80.405 4 8 1
80.619 2 8 1
80.619 3 8 1
80.619 1 8 1
80.834 3 8 1
81.048 4 8 1
81.262 1 8 1
81.477 3 8 1
81.477 4 8 1
81.691 2 8 1
81.905 3 8 1
82.119 1 8 1
82.226 1 8 1
82.334 3 8 1
82.334 4 8 1
82.548 2 8 25.68
82.762 1 8 1
82.762 4 8 1
82.762 3 8 1
82.976 2 8 1
83.084 3 8 1
83.084 4 8 1
83.191 1 8 1
83.191 2 8 1
83.191 4 8 1
83.298 3 8 1
83.405 2 8 1
83.405 4 8 1
83.512 1 8 1
83.619 2 8 1
83.619 4 8 1
83.726 3 8 1
83.834 1 8 1
83.834 2 8 1
83.941 3 8 1
83.941 4 8 1
84.048 2 8 1
84.048 1 8 1
84.048 4 8 1
84.262 1 8 1
84.262 2 8 1
84.369 3 8 1
84.476 3 8 1
84.476 4 8 1
84.584 2 8 1
84.691 1 8 1
84.691 4 8 1
84.798 3 8 1
84.905 1 8 1
84.905 2 8 1
84.905 4 8 1
85.012 3 8 1
85.119 1 8 1
85.119 4 8 1
85.226 2 8 1
85.334 3 8 1
85.334 4 8 1
85.441 1 8 1
85.441 2 8 1
85.548 2 8 1
85.548 3 8 1
85.655 4 8 1
85.762 1 8 1
85.762 4 8 1
85.762 2 8 1
85.976 3 8 1
85.976 4 8 1
86.083 2 8 1
86.191 1 8 1
86.191 3 8 1
86.405 1 8 1
86.405 3 8 1
86.619 1 8 1
86.619 2 8 1
86.619 4 8 1
86.726 3 8 1
86.833 2 8 1
86.833 3 8 1
86.941 4 8 1
87.048 4 8 1
87.048 1 8 1
87.048 3 8 1
87.155 2 8 1
87.262 1 8 1
87.262 3 8 1
87.369 3 8 1
87.476 1 8 1
87.476 4 8 1
87.476 2 8 1
87.691 2 8 1
87.691 4 8 1
87.798 2 8 1
87.905 3 8 1
87.905 4 8 1
88.012 1 8 1
88.119 2 8 1
88.119 3 8 1
88.226 4 8 1
88.333 1 8 1
88.333 3 8 1
88.333 4 8 1
88.548 1 8 1
88.548 2 8 1
88.655 3 8 1
88.762 1 8 1
88.762 2 8 1
88.762 4 8 1
88.869 3 8 1
88.976 2 8 1
88.976 4 8 1
89.083 1 8 1
89.191 2 8 1
89.191 3 8 1
89.191 4 8 1
89.405 2 8 1
89.405 3 8 1
89.512 1 8 1
89.619 1 8 1
89.619 2 8 1
89.619 4 8 1
89.726 3 8 1
89.833 2 8 1
89.833 4 8 1
89.941 3 8 1
90.048 1 8 1
90.048 2 8 1
90.048 3 8 1
90.155 4 8 1
90.262 1 8 1
90.262 2 8 1
90.262 3 8 1
90.369 1 8 1
90.476 2 8 1
90.476 4 8 1
90.583 3 8 1
90.69 1 8 1
90.69 4 8 1
90.798 2 8 1
90.905 1 8 1
90.905 3 8 1
90.905 4 8 1
91.119 3 8 1
91.119 4 8 1
91.226 2 8 1
91.333 1 8 1
91.333 2 8 1
91.333 3 8 1
91.44 1 8 1
91.548 2 8 1
91.548 4 8 1
91.655 3 8 1
91.762 1 8 1
91.762 2 8 1
91.762 4 8 1
91.869 3 8 1
91.976 1 8 1
91.976 4 8 1
92.083 2 8 1
92.19 1 8 1
92.19 3 8 1
92.19 4 8 1
92.298 3 8 1
92.405 2 8 1
92.405 4 8 1
92.512 3 8 1
92.619 1 8 1
92.619 2 8 1
92.619 4 8 1
92.833 1 8 1
92.833 4 8 1
92.94 4 8 1
93.048 1 8 1
93.048 2 8 1
93.155 3 8 1
93.262 4 8 1
93.262 3 8 1
93.369 2 8 1
93.476 1 8 1
93.476 3 8 1
93.476 4 8 1
93.69 1 8 1
93.69 4 8 1
93.798 3 8 1
93.905 2 8 1
93.905 4 8 1
94.012 3 8 1
94.119 2 8 1
94.119 4 8 1
94.226 3 8 1
94.226 4 8 1
94.333 1 8 1
94.333 2 8 1
94.547 1 8 1
94.547 4 8 1
94.655 3 8 1
94.762 1 8 1
94.762 2 8 1
94.869 3 8 1
94.976 2 8 1
94.976 4 8 1
95.083 2 8 1
95.19 1 8 1
95.19 3 8 1
95.19 4 8 1
95.297 2 8 1
95.405 1 8 1
95.512 3 8 1
95.619 1 8 1
95.619 2 8 1
95.619 4 8 1
95.726 3 8 1
95.833 3 8 1
95.833 4 8 1
95.94 2 8 1
96.047 1 8 1
96.047 3 8 1
96.047 4 8 1
96.262 1 8 1
96.262 2 8 1
96.369 3 8 1
96.476 2 8 1
96.476 4 8 1
96.583 1 8 1
96.583 3 8 1
96.69 2 8 1
96.69 4 8 1
96.797 3 8 1
96.905 1 8 1
96.905 2 8 1
97.012 2 8 1
97.119 1 8 1
97.119 3 8 1
97.226 4 8 1
97.226 2 8 1
97.333 3 8 1
97.333 4 8 1
97.44 1 8 1
97.44 3 8 1
97.547 2 8 1
97.547 4 8 1
97.655 1 8 1
97.655 2 8 1
97.762 1 8 1
97.762 3 8 1
97.762 4 8 1
97.976 2 8 1
97.976 4 8 1
98.083 3 8 1
98.19 1 8 1
98.19 2 8 1
98.19 4 8 1
98.297 2 8 1
98.405 2 8 1
98.405 3 8 1
98.512 1 8 1
98.619 2 8 1
98.619 3 8 1
98.619 4 8 1
98.726 1 8 1
98.833 2 8 1
98.833 4 8 1
98.94 2 8 1
98.94 3 8 1
99.047 1 8 1
99.047 4 8 1
99.154 3 8 1
99.262 1 8 1
99.262 2 8 1
99.369 2 8 1
99.369 4 8 1
99.476 3 8 1
99.476 4 8 1
99.476 1 8 1
99.583 2 8 1
99.583 3 8 1
99.69 1 8 1
99.69 4 8 1
99.797 2 8 1
99.904 1 8 1
99.904 3 8 1
99.904 4 8 1
100.012 2 8 1
100.119 1 8 1
100.119 3 8 1
100.226 4 8 1
100.333 1 8 1
100.333 3 8 1
100.333 4 8 1
100.547 2 8 1
100.547 3 8 1
100.654 4 8 1
100.762 1 8 1
100.762 2 8 1
100.869 3 8 1
100.869 4 8 1
100.976 1 8 1
100.976 2 8 1
101.083 1 8 1
101.083 3 8 1
101.19 2 8 1
101.19 3 8 1
101.19 4 8 1
101.297 3 8 1
101.404 2 8 1
101.404 4 8 1
101.512 3 8 1
101.619 1 8 1
101.619 4 8 1
101.726 2 8 1
101.833 3 8 1
101.94 1 8 1
102.047 2 8 1
102.047 1 8 1
102.047 4 8 1
102.154 3 8 1
102.262 2 8 1
102.262 4 8 1
102.369 3 8 1
102.369 1 8 1
102.476 2 8 1
102.476 4 8 1
102.583 4 8 1
102.69 1 8 1
102.69 2 8 1
102.797 3 8 1
102.904 1 8 1
102.904 2 8 1
102.904 4 8 1
103.011 3 8 1
103.119 2 8 1
103.119 1 8 1
103.119 4 8 1
103.226 3 8 1
103.333 1 8 1
103.333 4 8 1
103.333 2 8 1
103.547 3 8 1
103.547 4 8 1
103.654 3 8 1
103.761 1 8 1
103.761 2 8 1
103.761 4 8 1
103.976 3 8 1
103.976 4 8 1
104.083 1 8 1
104.083 3 8 1
104.19 1 8 1
104.19 2 8 1
104.297 3 8 1
104.297 4 8 1
104.404 1 8 1
104.404 2 8 1
104.404 4 8 1
104.511 3 8 1
104.619 1 8 1
104.619 2 8 1
104.619 4 8 1
104.833 3 8 1
104.833 1 8 1
104.94 4 8 1
105.047 1 8 1
105.047 2 8 1
105.154 3 8 1
105.261 1 8 1
105.261 4 8 1
105.369 2 8 1
105.476 3 8 1
105.476 1 8 1
105.583 4 8 1
105.69 2 8 1
105.69 3 8 1
105.797 3 8 1
105.797 1 8 1
105.904 1 8 1
105.904 2 8 1
106.011 3 8 1
106.011 4 8 1
106.119 1 8 1
106.226 2 8 1
106.226 4 8 1
106.333 2 8 1
106.333 3 8 1
106.333 4 8 1
106.547 1 8 1
106.547 4 8 1
106.654 2 8 1
106.654 3 8 1
106.761 1 8 1
106.761 4 8 1
106.976 2 8 1
106.976 3 8 1
107.083 4 8 1
107.19 1 8 1
107.19 2 8 1
107.19 3 8 1
107.404 1 8 1
107.404 4 8 1
107.511 2 8 1
107.511 3 8 1
107.618 1 8 1
107.618 2 8 1
107.618 4 8 1
107.726 3 8 1
107.833 1 8 1
107.94 3 8 1
108.047 1 8 1
108.047 2 8 1
108.047 4 8 1
108.261 1 8 1
108.261 2 8 1
108.368 3 8 1
108.476 1 8 1
108.476 2 8 1
108.476 4 8 1
108.583 4 8 1
108.69 1 8 1
108.69 2 8 1
108.797 3 8 1
108.904 3 8 1
108.904 4 8 1
108.904 1 8 1
109.011 2 8 1
109.118 4 8 1
109.118 3 8 1
109.226 1 8 1
109.333 2 8 1
109.333 3 8 1
109.333 4 8 1
109.44 2 8 1
109.547 1 8 1
109.547 3 8 1
109.654 3 8 1
109.761 1 8 1
109.761 4 8 1
109.761 2 8 1
109.976 3 8 1
109.976 4 8 1
110.083 2 8 1
110.083 4 8 1
110.19 1 8 1
110.19 3 8 1
110.19 2 8 1
110.404 3 8 1
110.511 1 8 1
110.618 1 8 1
110.618 3 8 1
110.618 4 8 1
110.833 3 8 1
110.94 2 8 1
111.047 1 8 1
111.047 2 8 1
111.154 1 8 1
111.261 3 8 1
111.368 4 8 1
111.475 1 8 1
111.475 2 8 1
111.69 3 8 1
111.904 1 8 1
111.904 4 8 1
112.011 2 8 1
112.118 3 8 1
112.225 3 8 1
112.333 1 8 1
112.333 2 8 1
112.333 4 8 1
112.547 1 8 1
112.654 2 8 1
112.761 2 8 1
112.761 3 8 1
112.868 4 8 1
112.975 1 8 1
113.083 2 8 1
113.083 4 8 1
113.19 1 8 1
113.19 2 8 1
113.19 4 8 1
113.404 3 8 1
113.404 4 8 1
113.618 3 8 1
113.618 2 8 1
113.618 4 8 1
113.833 2 8 1
114.047 1 8 1
114.047 3 8 1
114.047 4 8 1
114.261 2 8 1
114.368 4 8 1
114.475 2 8 1
114.475 4 8 1
114.583 3 8 1
114.69 2 8 1
114.797 3 8 1
114.904 1 8 1
114.904 2 8 1
114.904 4 8 1
115.118 3 8 1
115.225 1 8 1
115.332 2 8 1
115.332 4 8 1
115.44 4 8 1
115.547 3 8 1
115.761 1 8 1
115.761 2 8 1
115.761 4 8 1
115.975 1 8 1
116.082 3 8 1
116.19 2 8 1
116.19 4 8 1
116.297 4 8 1
116.404 2 8 1
116.511 3 8 1
116.618 1 8 1
116.618 4 8 1
116.832 3 8 1
116.832 2 8 1
116.94 1 8 1
117.047 3 8 1
117.047 4 8 1
117.154 3 8 1
117.261 2 8 1
117.475 1 8 1
117.475 4 8 1
117.582 2 8 1
117.69 2 8 1
117.69 4 8 1
117.797 4 8 1
117.904 1 8 1
117.904 3 8 1
118.011 1 8 1
118.118 1 8 1
118.225 2 8 1
118.332 1 8 1
118.332 4 8 1
118.332 3 8 1
118.547 2 8 1
118.547 4 8 1
118.761 1 8 1
118.761 3 8 1
118.868 1 8 1
118.975 2 8 1
119.082 3 8 1
119.19 1 8 1
119.19 2 8 1
119.19 4 8 1
119.404 2 8 1
119.404 4 8 1
119.511 3 8 1
119.618 1 8 1
119.618 2 8 1
119.725 1 8 1
119.832 3 8 1
119.939 3 8 1
120.047 1 8 1
120.047 2 8 1
120.047 4 8 1
120.261 1 8 1
120.261 3 8 1
120.475 2 8 1
120.475 4 8 1
120.689 2 8 1
120.904 2 8 1
120.904 3 8 1
120.904 4 8 1
121.118 1 8 1
121.225 2 8 1
121.332 3 8 1
121.332 4 8 1
121.439 1 8 1
121.547 2 8 1
121.654 3 8 1
121.761 1 8 1
121.761 4 8 1
121.975 2 8 1
121.975 4 8 1
122.082 2 8 1
122.189 3 8 1
122.189 1 8 1
122.297 3 8 1
122.404 4 8 1
122.511 2 8 1
122.618 1 8 1
122.618 3 8 1
122.618 4 8 1
122.832 1 8 1
122.939 3 8 1
123.047 2 8 1
123.047 4 8 1
123.154 4 8 1
123.261 2 8 1
123.368 2 8 1
123.475 1 8 1
123.475 3 8 1
123.475 4 8 1
123.689 1 8 1
123.689 4 8 1
123.904 2 8 1
123.904 3 8 1
124.011 3 8 1
124.118 1 8 1
124.332 2 8 1
124.332 3 8 1
124.332 4 8 1
124.439 1 8 1
124.546 2 8 1
124.654 4 8 1
124.761 1 8 1
124.761 4 8 1
124.868 2 8 1
124.975 3 8 1
125.082 3 8 1
125.189 1 8 1
125.189 2 8 1
125.189 4 8 1
125.404 2 8 1
125.404 4 8 1
125.511 3 8 1
125.618 1 8 1
125.618 2 8 1
125.725 4 8 1
125.832 3 8 1
125.939 1 8 1
126.046 1 8 1
126.046 2 8 1
126.046 4 8 1
126.154 1 8 1
126.261 3 8 1
126.368 1 8 1
126.368 4 8 1
126.475 3 8 1
126.475 4 8 1
126.582 3 8 1
126.689 1 8 1
126.689 2 8 1
126.796 1 8 1
126.904 2 8 1
126.904 3 8 1
126.904 4 8 1
127.118 2 8 1
127.118 4 8 1
127.225 1 8 1
127.332 3 8 1
127.332 4 8 1
127.439 4 8 1
127.546 2 8 1
127.761 1 8 1
127.761 4 8 1
127.975 3 8 1
128.082 2 8 1
128.189 1 8 1
128.189 2 8 1
128.296 4 8 1
128.403 4 8 1
128.511 1 8 1
128.511 3 8 1
128.618 2 8 1
128.618 4 8 1
128.832 1 8 1
128.939 2 8 1
129.046 3 8 1
129.046 4 8 1
129.153 2 8 1
129.261 3 8 1
129.368 1 8 1
129.368 3 8 1
129.475 4 8 1
129.475 2 8 1
129.689 1 8 1
129.689 3 8 1
129.796 1 8 1
129.903 2 8 1
129.903 4 8 1
130.011 3 8 1
130.118 2 8 1
130.118 4 8 1
130.225 3 8 1
130.332 1 8 1
130.332 2 8 1
130.332 4 8 1
130.546 2 8 1
130.546 4 8 1
130.653 1 8 1
130.761 2 8 1
130.761 3 8 1
130.761 4 8 1
130.975 2 8 1
130.975 1 8 1
131.082 2 8 1
131.189 1 8 1
131.189 4 8 1
131.189 3 8 1
131.403 1 8 1
131.511 2 8 1
131.618 1 8 1
131.618 3 8 1
131.725 4 8 1
131.832 2 8 1
131.832 4 8 1
131.939 1 8 1
132.046 2 8 1
132.046 3 8 1
132.046 4 8 1
132.26 1 8 1
132.368 2 8 1
132.475 1 8 1
132.475 4 8 1
132.475 3 8 1
132.582 3 8 1
132.689 1 8 1
132.689 2 8 1
132.796 1 8 1
132.903 4 8 1
132.903 2 8 1
132.903 3 8 1
133.01 3 8 1
133.118 1 8 1
133.118 2 8 1
133.225 3 8 1
133.332 1 8 1
133.332 3 8 1
133.332 4 8 1
133.439 2 8 1
133.546 2 8 1
133.653 3 8 1
133.76 1 8 1
133.76 4 8 1
133.76 2 8 1
133.868 1 8 1
133.975 2 8 1
133.975 3 8 1
134.082 3 8 1
134.082 4 8 1
134.189 1 8 1
134.189 2 8 1
134.189 4 8 1
134.296 3 8 1
134.403 2 8 1
134.403 4 8 1
134.51 1 8 1
134.618 3 8 1
134.618 4 8 1
134.725 2 8 1
134.832 3 8 1
134.832 1 8 1
134.939 4 8 1
134.939 2 8 1
135.046 1 8 1
135.046 3 8 1
135.153 2 8 1
135.153 4 8 1
135.26 3 8 1
135.26 1 8 1
135.368 2 8 1
135.475 1 8 1
135.475 3 8 1
135.475 4 8 1
135.582 3 8 1
135.689 2 8 1
135.689 4 8 1
135.796 1 8 1
135.903 2 8 1
135.903 3 8 1
135.903 4 8 1
136.01 1 8 1
136.117 1 8 1
136.117 3 8 1
136.225 3 8 1
136.332 1 8 1
136.332 2 8 1
136.332 4 8 1
136.439 2 8 1
136.546 3 8 1
136.546 1 8 1
136.653 3 8 1
136.76 2 8 1
136.76 4 8 1
136.867 3 8 1
136.975 1 8 1
136.975 4 8 1
137.082 3 8 1
137.189 1 8 1
137.189 2 8 1
137.189 4 8 1
137.296 2 8 1
137.403 3 8 1
137.403 4 8 1
137.51 3 8 1
137.617 1 8 1
137.617 2 8 1
137.617 4 8 12.96
137.832 3 8 12.84
138.046 2 8 38.52
138.475 2 8 25.68
138.689 3 8 25.68
138.903 2 8 12.84
139.117 3 8 12.96
139.332 2 8 25.68
139.546 4 8 12.84
139.76 2 8 51.48
139.975 3 8 1
140.296 3 8 12.84
140.403 2 8 12.84
140.617 4 8 12.84
140.832 3 8 25.68
141.046 2 8 12.84
141.26 3 8 25.68
141.474 2 8 25.8
141.689 3 8 12.84
141.903 2 8 25.68
142.117 4 8 25.8
142.332 2 8 25.68
142.546 3 8 1
142.76 2 8 6.48
142.867 2 8 1
142.974 4 8 12.96
143.189 2 8 1
143.296 2 8 12.84
143.403 3 8 12.84
143.51 2 8 1
143.617 4 8 12.84
143.832 3 8 12.84
144.046 1 8 12.84
144.153 2 8 12.84
144.26 3 8 12.84
144.367 4 8 1
144.474 1 8 411.48
144.474 2 8 1
144.903 4 8 1
145.331 3 8 1
145.76 3 8 1
146.189 2 8 1
146.617 3 8 1
147.046 3 8 1
147.367 2 8 1
147.474 4 8 1
147.689 3 8 1
147.903 2 8 8.52
148.331 1 8 1
148.76 3 8 1
149.188 2 8 1
149.617 1 8 1
150.046 3 8 1
150.474 1 8 1
150.903 2 8 1
151.331 1 8 1
151.546 3 8 1
151.653 2 8 1
151.76 1 8 1
151.76 3 8 1
151.974 1 8 1
152.188 3 8 1
152.188 4 8 1
152.403 2 8 1
152.51 4 8 1
152.617 3 8 1
152.617 2 8 1
152.831 1 8 1
153.045 2 8 1
153.045 4 8 1
153.26 3 8 1
153.367 1 8 1
153.474 3 8 1
153.474 4 8 1
153.688 2 8 1
153.903 1 8 1
153.903 3 8 1
154.117 2 8 1
154.224 3 8 1
154.331 2 8 1
154.331 4 8 1
154.545 1 8 1
154.76 2 8 1
154.76 4 8 1
154.974 1 8 1
155.081 4 8 1
155.188 1 8 1
155.188 2 8 1
155.403 3 8 1
155.617 2 8 1
155.617 3 8 1
155.831 1 8 1
155.938 2 8 1
156.045 3 8 1
156.045 4 8 1
156.26 2 8 1
156.474 3 8 1
156.474 4 8 1
156.688 3 8 1
156.795 1 8 1
156.902 3 8 1
156.902 4 8 1
157.117 1 8 1
157.331 1 8 1
157.331 2 8 1
157.545 3 8 1
157.652 4 8 1
157.76 1 8 1
157.76 3 8 1
157.867 2 8 1
157.974 3 8 1
157.974 4 8 1
158.188 1 8 1
158.188 3 8 1
158.188 4 8 1
158.402 2 8 1
158.51 3 8 1
158.51 4 8 1
158.617 1 8 1
158.617 2 8 1
158.617 4 8 1
158.724 1 8 1
158.831 2 8 1
158.831 3 8 1
158.938 4 8 1
159.045 1 8 1
159.045 2 8 1
159.045 3 8 1
159.152 4 8 1
159.26 1 8 1
159.26 3 8 1
159.367 2 8 1
159.367 4 8 1
159.474 1 8 1
159.474 2 8 1
159.474 3 8 1
159.581 4 8 1
159.688 1 8 1
159.688 3 8 1
159.795 2 8 1
159.902 1 8 1
159.902 4 8 1
160.01 3 8 1
160.117 1 8 1
160.117 2 8 1
160.224 2 8 1
160.224 4 8 1
160.331 3 8 1
160.331 4 8 1
160.331 1 8 1
160.438 2 8 1
160.545 1 8 1
160.545 3 8 1
160.652 4 8 1
160.759 1 8 1
160.759 2 8 1
160.867 3 8 1
160.974 1 8 1
160.974 3 8 1
161.081 2 8 1
161.081 4 8 1
161.188 1 8 1
161.188 2 8 1
161.188 4 8 1
161.295 3 8 1
161.402 2 8 1
161.402 4 8 1
161.509 1 8 1
161.509 3 8 1
161.617 1 8 1
161.617 2 8 1
161.724 4 8 1
161.831 1 8 1
161.938 3 8 1
162.045 1 8 1
162.045 2 8 1
162.045 4 8 1
162.152 3 8 1
162.259 2 8 1
162.259 4 8 1
162.367 3 8 1
162.474 1 8 1
162.474 4 8 1
162.581 2 8 1
162.581 3 8 1
162.688 1 8 1
162.688 2 8 1
162.795 3 8 1
162.902 3 8 1
162.902 1 8 1
162.902 4 8 1
163.009 2 8 1
163.117 2 8 1
163.117 4 8 1
163.224 4 8 1
163.331 1 8 1
163.331 3 8 1
163.438 2 8 1
163.545 4 8 1
163.652 1 8 1
163.759 4 8 1
163.759 1 8 1
163.759 3 8 1
163.867 2 8 1
163.974 1 8 1
163.974 4 8 1
164.081 3 8 1
164.188 4 8 1
164.188 1 8 1
164.295 2 8 1
164.402 3 8 1
164.402 1 8 1
164.509 2 8 1
164.617 1 8 1
164.617 3 8 1
164.617 4 8 1
164.724 2 8 1
164.831 1 8 1
164.831 3 8 1
164.938 2 8 1
164.938 4 8 1
165.045 1 8 1
165.045 3 8 1
165.152 2 8 1
165.259 3 8 1
165.259 4 8 1
165.366 4 8 1
165.474 2 8 1
165.474 3 8 1
165.474 4 8 1
165.581 1 8 1
165.688 3 8 1
165.688 2 8 1
165.795 1 8 1
165.902 3 8 1
165.902 4 8 1
166.009 2 8 1
166.116 1 8 1
166.116 3 8 1
166.224 2 8 1
166.224 4 8 1
166.331 1 8 1
166.331 3 8 1
166.331 4 8 1
166.438 2 8 1
166.545 3 8 1
166.545 4 8 1
166.652 1 8 1
166.759 2 8 1
166.759 4 8 1
166.866 2 8 1
166.974 1 8 1
166.974 3 8 1
167.081 4 8 1
167.188 1 8 1
167.188 2 8 1
167.188 4 8 1
167.295 3 8 1
167.295 1 8 1
167.402 2 8 1
167.402 4 8 1
167.509 3 8 1
167.616 1 8 1
167.616 4 8 1
167.724 3 8 1
167.831 1 8 1
167.831 2 8 1
167.938 4 8 1
168.045 1 8 1
168.045 3 8 1
168.045 2 8 1
168.152 4 8 1
168.259 1 8 1
168.366 2 8 1
168.366 3 8 1
168.474 2 8 1
168.474 4 8 1
168.581 3 8 1
168.688 2 8 1
168.688 4 8 1
168.795 2 8 1
168.902 1 8 1
168.902 3 8 1
168.902 4 8 1
169.009 3 8 1
169.116 1 8 1
169.116 2 8 1
169.223 4 8 1
169.331 3 8 1
169.331 2 8 1
169.438 1 8 1
169.545 2 8 1
169.545 3 8 1
169.652 1 8 1
169.759 2 8 1
169.759 3 8 1
169.759 4 8 1
169.866 1 8 1
169.973 2 8 1
169.973 4 8 1
170.081 3 8 1
170.188 1 8 1
170.188 4 8 1
170.295 2 8 1
170.402 3 8 1
170.509 2 8 1
170.616 1 8 1
170.616 3 8 1
170.616 4 8 1
170.723 1 8 1
170.831 2 8 1
170.831 3 8 1
170.938 1 8 1
171.045 2 8 1
171.045 4 8 1
171.152 3 8 1
171.259 1 8 1
171.366 2 8 1
171.366 4 8 1
171.473 1 8 1
171.473 3 8 1
171.581 2 8 1
171.688 3 8 1
171.688 4 8 1
171.795 1 8 1
171.902 1 8 1
171.902 2 8 1
171.902 4 8 90
172.009 2 8 1
172.116 3 8 1
172.223 2 8 1
172.331 1 8 1
172.331 3 8 1
172.438 2 8 1
172.545 3 8 1
172.652 1 8 1
172.759 3 8 90
172.759 4 8 1
172.866 2 8 1
172.973 1 8 1
173.081 2 8 1
173.188 1 8 1
173.188 4 8 1
173.402 1 8 1
173.402 2 8 1
173.509 4 8 1
173.616 2 8 77.16
173.616 3 8 1
173.723 1 8 1
173.83 3 8 1
173.938 3 8 1
174.045 1 8 1
174.045 4 8 1
174.152 3 8 1
174.152 4 8 1
174.259 1 8 64.32
174.366 2 8 1
174.473 3 8 1
174.473 4 8 1
174.58 2 8 1
174.688 3 8 1
174.795 4 8 1
174.902 1 8 1
174.902 4 8 1
174.902 3 8 1
175.009 3 8 1
175.116 1 8 1
175.116 2 8 64.32
175.223 3 8 1
175.33 1 8 1
175.33 4 8 1
175.438 3 8 1
175.545 4 8 1
175.652 1 8 1
175.759 1 8 1
175.759 2 8 154.32
175.759 3 8 1
175.866 4 8 1
175.973 3 8 1
176.08 3 8 1
176.188 1 8 1
176.188 4 8 1
176.295 3 8 1
176.402 1 8 1
176.509 3 8 1
176.616 1 8 1
176.616 4 8 1
176.723 3 8 1
176.83 4 8 1
176.938 1 8 1
177.045 3 8 1
177.045 4 8 25.68
177.152 1 8 1
177.259 3 8 1
177.259 2 8 12.84
177.366 1 8 1
177.473 2 8 12.84
177.473 1 8 1
177.473 4 8 1
177.58 3 8 51.48
177.687 2 8 1
177.687 4 8 1
177.795 4 8 1
177.902 1 8 1
177.902 2 8 1
178.009 2 8 38.52
178.116 1 8 1
178.116 3 8 1
178.223 4 8 1
178.33 1 8 1
178.33 3 8 1
178.33 4 8 1
178.437 2 8 38.64
178.545 3 8 1
178.652 4 8 1
178.759 1 8 1
178.759 3 8 1
178.866 3 8 1
178.973 1 8 1
178.973 4 8 1
179.08 2 8 1
179.187 4 8 102.96
179.187 1 8 1
179.187 3 8 1
179.295 2 8 1
179.402 1 8 1
179.509 3 8 1
179.616 1 8 1
179.723 2 8 1
179.83 2 8 1
179.83 3 8 1
179.937 1 8 1
180.045 2 8 25.68
180.045 3 8 1
180.152 3 8 1
180.259 1 8 167.16
180.259 4 8 1
180.366 2 8 1
180.473 3 8 1
180.473 4 8 1
180.58 3 8 1
180.687 2 8 1
180.795 3 8 1
180.902 2 8 1
180.902 4 8 1
181.009 3 8 1
181.116 3 8 1
181.116 4 8 1
181.223 2 8 1
181.33 3 8 1
181.33 4 8 1
181.437 2 8 1
181.544 4 8 1
181.652 3 8 64.2
181.759 2 8 1
181.759 4 8 1
181.866 1 8 1
181.973 2 8 1
181.973 4 8 1
182.08 1 8 1
182.187 1 8 1
182.187 4 8 205.8
182.294 2 8 1
182.402 1 8 1
182.402 3 8 1
182.509 2 8 1
182.616 2 8 1
182.616 3 8 1
182.723 1 8 1
182.83 1 8 1
182.83 2 8 1
182.937 3 8 1
183.044 1 8 1
183.152 2 8 1
183.259 1 8 1
183.259 3 8 1
183.366 3 8 1
183.473 1 8 1
183.473 2 8 1
183.58 3 8 1
183.687 1 8 1
183.687 2 8 1
183.794 2 8 1
183.902 1 8 12.84
183.902 3 8 1
184.009 2 8 64.2
184.116 3 8 1
184.116 4 8 1
184.223 1 8 1
184.33 4 8 1
184.33 3 8 1
184.437 1 8 1
184.437 3 8 1
184.544 3 8 12.96
184.544 4 8 51.48
184.652 1 8 1
184.759 2 8 1
184.866 3 8 1
184.973 1 8 1
184.973 2 8 25.68
185.08 3 8 1
185.08 4 8 1
185.187 1 8 38.64
185.187 4 8 1
185.294 2 8 1
185.402 4 8 12.84
185.402 3 8 1
185.509 2 8 1
185.616 1 8 1
185.616 3 8 1
185.616 4 8 1
185.83 3 8 1
186.044 2 8 1
186.044 4 8 6.48
186.151 1 8 1
186.259 2 8 4.2
186.366 3 8 6.36
186.473 4 8 1
186.687 1 8 1
186.888 1 8 1
186.888 3 8 5.88
187.116 4 8 6.36
187.33 3 8 4.32
187.544 1 8 1
187.651 3 8 1
187.759 3 8 6.36
187.759 1 8 1
187.866 2 8 1
187.973 3 8 1
188.08 2 8 1
188.187 4 8 1
188.187 1 8 6.48
188.401 3 8 1
188.509 1 8 6.36
188.616 3 8 1
188.616 2 8 1
188.83 4 8 1
188.937 1 8 1
189.044 3 8 1
189.259 4 8 1
189.259 2 8 1
189.437 3 8 1
189.509 1 8 1
189.509 4 8 1
189.687 1 8 1
189.794 3 8 1
189.901 1 8 1
189.901 4 8 1
190.116 1 8 1
190.223 2 8 1
190.33 3 8 1
190.33 1 8 1
190.544 3 8 1
190.544 4 8 1
190.651 4 8 1
190.758 1 8 1
190.758 3 8 1
190.866 2 8 1
190.973 1 8 1
190.973 4 8 1
191.08 2 8 1
191.187 1 8 1
191.187 4 8 1
191.241 3 8 1
191.294 2 8 1
191.348 3 8 1
191.401 2 8 1
191.401 4 8 1
191.508 4 8 1
191.616 2 8 1
191.669 1 8 1
191.723 4 8 1
191.776 3 8 1
191.83 2 8 1
191.883 4 8 1
191.883 1 8 1
191.937 2 8 1
191.937 3 8 1
191.991 1 8 1
192.044 2 8 1
192.044 3 8 1
192.098 4 8 1
192.151 2 8 1
192.205 1 8 1
192.258 3 8 1
192.258 4 8 1
192.312 2 8 1
192.366 3 8 1
192.419 1 8 1
192.419 2 8 1
192.473 4 8 1
192.473 3 8 1
192.58 1 8 1
192.687 2 8 1
192.901 3 8 1
193.008 4 8 1
193.223 2 8 1
193.437 1 8 1
193.651 3 8 1
193.758 4 8 1
193.973 2 8 1
194.187 1 8 1
194.294 2 8 1
194.294 4 8 1
194.401 3 8 1
194.615 2 8 1
194.723 3 8 1
194.937 1 8 1
195.151 1 8 1
195.365 2 8 1
195.473 3 8 1
195.687 3 8 1
195.901 2 8 1
196.008 3 8 1
196.115 1 8 1
196.33 4 8 1
196.437 3 8 1
196.651 1 8 1
196.651 2 8 1
196.865 3 8 1
197.08 3 8 1
197.187 2 8 1
197.401 1 8 1
197.615 3 8 1
197.615 4 8 1
197.723 2 8 1
197.83 4 8 1
198.044 1 8 1
198.151 3 8 1
198.365 2 8 1
198.58 4 8 1
198.794 1 8 1
198.901 2 8 1
199.115 3 8 1
199.33 1 8 479.88
199.33 2 8 1
