0.263 2 8 1
0.465 3 8 1
0.871 4 8 1
1.276 3 8 1
1.682 2 8 1
1.884 1 8 1
2.087 3 8 1
2.29 1 8 1
2.493 2 8 1
2.493 4 8 1
2.898 3 8 1
3.304 1 8 1
3.304 2 8 1
3.709 3 8 1
3.912 1 8 1
4.114 2 8 1
4.114 4 8 1
4.52 3 8 1
4.925 4 8 1
4.925 2 8 24.36
5.128 3 8 1
5.331 1 8 125.64
5.736 4 8 48.72
6.142 2 8 48.6
6.547 1 8 624.36
6.547 4 8 1
6.952 2 8 133.8
7.358 3 8 1
7.763 3 8 1
8.067 3 8 1
8.169 2 8 193.08
8.169 4 8 1
8.574 3 8 1
8.98 3 8 1
9.081 4 8 1
9.385 3 8 1
9.778 3 8 5.52
9.816 4 8 167.28
10.196 3 8 1
10.601 2 8 1
11.412 4 8 243.36
11.48 3 8 1
11.75 2 8 1
11.818 1 8 291.84
11.885 3 8 1
12.223 2 8 1
12.223 3 8 1
12.629 3 8 1
13.034 2 8 1
13.44 3 8 1
13.845 4 8 97.32
13.896 3 8 1
14.25 2 8 42.6
14.25 3 8 36.48
14.605 1 8 1
14.656 3 8 48.6
14.656 2 8 290.4
15.061 1 8 1
15.467 4 8 1
15.872 4 8 48.72
16.278 1 8 1
16.278 3 8 1
16.683 4 8 1
17.076 1 8 1
17.122 3 8 93.24
17.122 4 8 93.24
17.494 1 8 1
17.899 1 8 1
17.899 2 8 778.44
18.305 3 8 1
18.71 3 8 1
19.116 4 8 1
19.521 1 8 1
19.521 3 8 1
20.332 4 8 1
20.332 1 8 1
21.143 4 8 1
21.143 3 8 1
21.954 3 8 1
22.765 1 8 1
22.765 3 8 1
23.576 4 8 1
24.386 1 8 1
24.386 4 8 146.04
24.386 3 8 1
24.792 1 8 1
25.197 2 8 1
26.008 2 8 1
26.616 3 8 24.36
26.819 1 8 1
26.819 4 8 1
27.224 3 8 1
27.427 2 8 1
27.63 2 8 1
27.63 3 8 1
27.63 1 8 583.8
28.035 4 8 1
28.238 3 8 1
28.644 2 8 1
29.252 4 8 1
29.657 3 8 1
29.961 3 8 1
30.873 4 8 1
30.873 2 8 1
33.306 1 8 1
33.712 4 8 1
33.914 2 8 1
34.117 1 8 1
34.117 3 8 1
34.117 4 8 145.92
34.522 3 8 1
34.928 3 8 1
35.739 1 8 1
36.144 2 8 1
36.562 2 8 1
36.98 2 8 1
37.031 3 8 1
37.373 2 8 171.84
37.373 4 8 1
37.817 4 8 1
39.388 3 8 1
39.806 1 8 1
39.806 3 8 1
39.996 2 8 1
40.211 3 8 1
40.211 4 8 1
40.604 1 8 145.92
40.604 2 8 1
41.022 4 8 1
41.428 2 8 1
41.82 4 8 1
42.238 2 8 1
42.238 3 8 1
42.644 1 8 1
43.049 3 8 1
43.442 1 8 1
43.645 2 8 1
43.848 1 8 1
43.848 3 8 291.84
43.848 4 8 1
44.861 2 8 1
45.469 1 8 1
45.469 2 8 1
45.875 4 8 1
46.28 2 8 1
46.686 2 8 1
46.753 3 8 1
46.888 2 8 1
46.939 1 8 1
47.023 2 8 1
47.091 1 8 194.64
47.091 3 8 1
47.091 4 8 1
47.496 2 8 1
47.699 3 8 1
47.902 4 8 1
48.307 3 8 1
48.713 3 8 1
48.713 4 8 1
49.118 1 8 1
49.321 4 8 1
49.524 2 8 48.6
49.524 3 8 1
49.929 3 8 1
50.132 3 8 1
50.335 1 8 1
50.335 2 8 1
50.335 3 8 170.28
50.74 4 8 1
50.74 1 8 1
50.943 2 8 1
51.145 2 8 1
51.348 1 8 1
51.551 1 8 1
51.956 2 8 1
52.159 2 8 1
52.362 3 8 1
52.767 1 8 1
52.767 4 8 1
53.173 1 8 1
53.375 3 8 1
53.578 1 8 1
53.578 2 8 1
53.578 4 8 1
53.781 3 8 1
53.984 1 8 1
54.186 2 8 1
54.389 2 8 1
54.389 3 8 1
54.389 4 8 1
54.794 1 8 1
55.2 1 8 1
55.2 3 8 1
55.403 3 8 1
55.605 1 8 1
55.605 3 8 1
55.605 4 8 1
55.808 2 8 1
56.011 1 8 1
56.011 3 8 1
56.011 4 8 1
56.416 3 8 1
56.619 3 8 1
56.686 2 8 1
56.822 1 8 1
56.822 3 8 97.2
56.822 4 8 1
57.227 4 8 1
57.43 1 8 1
57.632 4 8 1
57.632 1 8 1
57.632 2 8 1
58.038 3 8 1
58.443 3 8 1
58.443 4 8 1
58.646 2 8 1
58.849 1 8 1
58.849 3 8 1
58.849 4 8 1
59.254 1 8 1
59.254 2 8 1
59.254 4 8 1
59.66 2 8 1
59.862 3 8 1
60.065 1 8 1
60.065 3 8 18.24
60.065 4 8 1
60.268 1 8 1
60.268 3 8 48.6
60.471 1 8 1
60.673 1 8 1
60.876 2 8 1
60.876 3 8 1
60.876 4 8 1
61.281 2 8 1
61.687 2 8 1
61.89 1 8 1
62.092 3 8 1
62.092 4 8 1
62.16 2 8 1
62.498 1 8 1
62.498 3 8 1
62.498 4 8 1
62.903 1 8 1
63.106 3 8 1
63.309 1 8 1
63.309 2 8 1
63.309 4 8 194.52
63.714 3 8 1
63.917 1 8 1
64.12 2 8 1
64.12 3 8 1
64.12 1 8 1
64.322 3 8 1
64.525 2 8 1
64.93 3 8 1
64.93 1 8 1
65.133 3 8 1
65.336 2 8 1
65.336 3 8 1
65.336 1 8 1
65.539 2 8 1
65.741 2 8 1
65.741 3 8 1
65.741 4 8 1
66.147 1 8 1
66.349 3 8 1
66.552 4 8 1
66.552 1 8 97.32
66.552 2 8 1
66.755 2 8 1
66.958 4 8 1
67.16 3 8 1
67.363 2 8 1
67.363 3 8 1
67.363 4 8 1
67.769 3 8 1
68.174 1 8 1
68.174 2 8 1
68.377 1 8 1
68.579 2 8 1
68.579 3 8 1
68.579 4 8 1
68.782 3 8 1
68.985 4 8 1
68.985 1 8 1
68.985 3 8 97.32
69.39 2 8 1
69.796 1 8 1
69.796 2 8 129.72
69.796 4 8 1
69.998 3 8 1
70.201 3 8 1
70.404 1 8 1
70.607 3 8 1
70.607 4 8 1
71.012 2 8 24.36
71.417 1 8 1
71.417 4 8 1
71.62 3 8 1
71.823 2 8 1
71.823 3 8 1
71.823 4 8 1
72.026 1 8 1
72.228 1 8 1
72.228 3 8 1
72.228 4 8 1
72.634 2 8 1
72.837 3 8 1
73.039 1 8 1
73.039 2 8 1
73.039 3 8 194.64
73.039 4 8 1
73.445 4 8 1
73.647 1 8 1
73.85 2 8 1
73.85 1 8 1
73.85 4 8 1
74.256 1 8 1
74.458 2 8 12.24
74.661 2 8 1
74.661 4 8 1
74.864 3 8 1
75.066 1 8 1
75.066 2 8 1
75.066 4 8 1
75.472 1 8 1
75.472 3 8 1
75.472 4 8 1
75.675 2 8 1
75.877 1 8 1
75.877 4 8 1
76.08 3 8 1
76.131 1 8 1
76.181 2 8 1
76.232 3 8 1
76.283 4 8 1
76.283 2 8 1
76.283 1 8 1
76.688 3 8 1
76.891 1 8 1
76.891 4 8 1
77.094 1 8 1
77.094 2 8 1
77.094 4 8 1
77.499 3 8 1
77.702 3 8 1
77.905 1 8 1
77.905 2 8 1
77.905 4 8 1
78.107 2 8 1
78.31 3 8 1
78.31 4 8 1
78.513 1 8 1
78.715 2 8 1
78.715 3 8 1
78.715 4 8 1
79.121 1 8 1
79.121 3 8 1
79.324 1 8 1
79.526 2 8 1
79.526 3 8 1
79.526 4 8 1
80.945 2 8 1
80.945 1 8 1
80.945 3 8 1
81.148 2 8 1
81.148 3 8 1
81.148 4 8 97.32
81.553 1 8 1
81.756 1 8 1
81.756 2 8 1
81.959 1 8 1
81.959 2 8 1
81.959 3 8 48.6
82.162 2 8 1
82.364 1 8 48.72
82.364 2 8 1
82.364 4 8 1
82.668 3 8 1
82.77 2 8 48.6
82.77 4 8 72.96
83.175 1 8 1
83.175 3 8 1
83.378 2 8 1
83.378 3 8 24.36
83.581 1 8 97.32
83.581 2 8 72.96
83.581 4 8 1
83.986 3 8 1
84.189 3 8 1
84.189 4 8 1
84.392 2 8 1
84.392 3 8 1
84.392 4 8 1
84.594 2 8 1
84.797 4 8 97.32
84.797 3 8 36.48
85.202 1 8 1
85.202 2 8 1
85.202 3 8 97.32
85.608 2 8 28.32
86.013 1 8 72.96
86.013 2 8 48.72
86.013 4 8 1
86.419 3 8 1
86.419 4 8 1
86.621 4 8 1
86.621 3 8 24.36
86.824 2 8 48.72
86.824 1 8 1
86.824 4 8 48.72
87.23 1 8 1
87.23 3 8 24.24
87.432 1 8 24.36
87.432 4 8 1
87.635 4 8 1
87.635 2 8 1
87.838 1 8 1
87.838 3 8 1
87.838 4 8 1
88.041 2 8 1
88.041 3 8 1
88.446 2 8 1
88.446 3 8 1
88.446 4 8 1
88.446 1 8 36.48
88.75 3 8 60.84
88.851 2 8 1
89.054 1 8 1
89.257 1 8 1
89.257 4 8 97.32
89.662 3 8 1
89.865 1 8 1
89.865 3 8 1
90.068 1 8 1
90.068 2 8 1
90.068 3 8 72.96
90.473 4 8 1
90.676 1 8 1
90.676 2 8 1
90.879 2 8 72.96
90.879 3 8 1
90.879 4 8 1
91.284 4 8 1
91.284 1 8 1
91.487 1 8 1
91.689 2 8 1
91.689 1 8 60.84
91.689 3 8 1
91.689 4 8 1
91.892 2 8 48.72
92.095 3 8 1
92.298 1 8 24.24
92.5 2 8 1
92.5 3 8 48.72
92.5 4 8 1
92.906 4 8 145.92
93.109 1 8 1
93.109 3 8 1
93.311 1 8 1
93.311 2 8 1
93.311 3 8 1
93.717 3 8 1
93.919 3 8 1
93.919 2 8 1
94.122 1 8 1
94.122 2 8 1
94.122 3 8 1
94.325 2 8 1
94.325 4 8 1
94.528 1 8 1
94.528 3 8 1
94.528 2 8 1
94.73 3 8 1
94.933 1 8 85.2
94.933 2 8 1
94.933 3 8 1
94.933 4 8 1
95.338 3 8 1
95.338 4 8 1
95.541 3 8 24.36
95.744 1 8 48.6
95.744 2 8 1
95.744 4 8 48.6
96.149 2 8 1
96.149 3 8 48.72
96.352 2 8 72.96
96.352 4 8 1
96.555 1 8 72.96
96.555 4 8 1
96.96 3 8 1
97.163 2 8 1
97.163 3 8 1
97.163 4 8 1
97.366 1 8 1
97.366 3 8 97.32
97.366 4 8 1
97.568 2 8 1
97.771 1 8 1
97.771 2 8 1
98.177 1 8 1
98.177 2 8 1
98.177 4 8 1
98.582 2 8 36.48
98.582 3 8 48.6
98.987 1 8 73.08
98.987 2 8 1
98.987 4 8 73.08
99.393 3 8 1
99.596 2 8 1
99.596 3 8 24.24
99.798 1 8 1
99.798 2 8 48.72
99.798 4 8 1
100.204 4 8 1
100.204 3 8 24.24
100.406 1 8 1
100.406 4 8 48.72
100.609 1 8 1
100.609 2 8 1
100.609 3 8 1
100.812 1 8 1
100.812 2 8 1
100.812 3 8 1
101.015 2 8 1
101.015 3 8 1
101.015 4 8 1
101.217 1 8 1
101.217 4 8 1
101.42 1 8 1
101.42 4 8 1
101.42 3 8 1
101.623 1 8 1
101.623 2 8 1
101.825 1 8 1
101.825 3 8 1
101.825 4 8 1
102.028 2 8 1
102.028 4 8 1
102.231 1 8 48.6
102.231 3 8 1
102.231 4 8 48.6
102.636 2 8 1
102.636 3 8 1
102.839 1 8 1
102.839 3 8 72.96
102.839 4 8 1
103.042 1 8 1
103.042 2 8 1
103.042 4 8 48.6
103.447 1 8 48.72
103.447 2 8 1
103.65 3 8 1
103.65 4 8 1
103.853 2 8 1
103.853 3 8 1
103.853 4 8 1
104.258 2 8 36.48
104.258 4 8 48.72
104.664 2 8 48.6
104.664 3 8 1
104.664 1 8 48.6
105.069 3 8 48.6
105.069 4 8 1
105.474 1 8 1
105.474 2 8 48.72
105.474 4 8 73.08
105.88 1 8 1
105.88 3 8 1
106.083 1 8 72.96
106.083 3 8 72.96
106.285 2 8 1
106.285 4 8 1
106.691 2 8 24.24
106.691 4 8 97.32
106.893 1 8 1
106.893 3 8 1
107.096 1 8 1
107.096 2 8 1
107.299 3 8 1
107.502 1 8 1
107.502 3 8 1
107.907 1 8 48.72
107.907 2 8 1
107.907 4 8 1
108.211 3 8 1
108.211 4 8 60.84
108.313 2 8 24.24
108.515 3 8 1
108.718 1 8 72.96
108.718 2 8 48.6
109.123 3 8 1
109.123 4 8 1
109.326 4 8 1
109.326 2 8 24.36
109.326 3 8 72.96
109.529 1 8 1
109.529 4 8 1
109.934 1 8 48.72
109.934 2 8 1
110.137 2 8 48.6
110.137 4 8 1
110.34 3 8 48.6
110.34 4 8 1
110.542 4 8 24.36
110.745 2 8 1
110.745 1 8 42.6
110.948 4 8 24.36
111.151 2 8 1
111.151 3 8 1
111.151 1 8 1
111.353 4 8 1
111.556 2 8 48.6
111.556 3 8 1
111.759 1 8 1
111.961 1 8 1
111.961 4 8 88.2
111.961 3 8 1
112.367 2 8 1
112.57 1 8 1
112.772 2 8 1
112.772 4 8 146.04
112.772 3 8 1
113.178 3 8 1
113.381 1 8 1
113.381 2 8 1
113.583 2 8 1
113.583 1 8 1
113.583 3 8 1
113.786 3 8 1
113.989 1 8 1
113.989 2 8 1
114.191 2 8 1
114.394 2 8 1
114.394 3 8 48.72
114.394 4 8 24.36
114.597 1 8 24.36
114.8 2 8 48.6
114.8 4 8 24.24
115.002 1 8 1
115.205 1 8 48.6
115.205 3 8 1
115.205 4 8 1
115.61 2 8 48.72
115.61 3 8 1
115.813 3 8 72.96
115.813 4 8 1
116.016 1 8 1
116.016 4 8 48.6
116.421 2 8 48.72
116.421 1 8 146.04
116.624 3 8 1
116.624 4 8 1
116.827 4 8 1
116.827 3 8 48.6
117.232 2 8 48.72
117.232 4 8 1
117.638 3 8 97.32
117.638 4 8 1
118.043 2 8 1
118.043 4 8 24.36
118.246 1 8 1
118.449 1 8 1
118.449 2 8 48.6
118.449 4 8 48.6
118.854 3 8 1
118.854 1 8 48.6
119.057 3 8 1
119.057 4 8 1
119.259 2 8 1
119.259 3 8 1
119.259 4 8 48.72
119.462 1 8 1
119.665 2 8 1
119.665 3 8 24.36
119.868 1 8 1
119.868 2 8 24.24
120.07 1 8 24.36
120.07 4 8 24.36
120.07 3 8 1
120.273 2 8 24.36
120.476 1 8 48.6
120.476 3 8 1
120.476 4 8 121.56
120.678 2 8 1
120.881 2 8 1
120.881 3 8 1
121.084 1 8 1
121.287 1 8 1
121.287 3 8 24.24
121.489 2 8 24.36
121.692 1 8 97.32
121.692 3 8 1
121.692 4 8 48.6
122.097 2 8 1
122.097 3 8 1
122.3 4 8 1
122.3 3 8 72.96
122.503 2 8 1
122.503 4 8 1
122.908 1 8 97.32
122.908 2 8 1
123.111 4 8 1
123.314 2 8 1
123.314 4 8 39.48
123.719 4 8 1
123.719 3 8 48.72
123.922 2 8 1
124.125 1 8 1
124.125 2 8 72.96
124.125 4 8 1
124.327 1 8 24.36
124.53 3 8 1
124.53 4 8 1
124.733 3 8 48.6
124.936 1 8 1
124.936 2 8 1
124.936 4 8 48.6
125.138 2 8 1
125.341 2 8 24.36
125.544 1 8 218.88
125.544 3 8 1
125.746 4 8 1
125.746 2 8 1
125.746 3 8 1
126.152 4 8 1
126.355 2 8 1
126.355 3 8 1
126.557 3 8 1
126.557 4 8 1
126.76 2 8 1
126.963 3 8 1
126.963 4 8 1
127.165 2 8 1
127.368 2 8 1
127.368 3 8 1
127.368 4 8 24.36
127.571 1 8 24.36
127.571 2 8 1
127.774 2 8 24.24
127.774 3 8 1
127.774 4 8 1
127.976 1 8 24.36
128.179 3 8 1
128.179 4 8 377.04
129.193 2 8 1
129.395 2 8 48.72
129.801 1 8 48.6
130.206 3 8 48.72
130.612 1 8 85.08
131.017 2 8 1
131.22 3 8 1
131.321 2 8 109.44
131.423 3 8 75.96
131.423 4 8 1
131.828 1 8 1
132.233 3 8 81.12
132.639 2 8 32.4
133.044 1 8 48.72
133.044 4 8 194.64
133.45 2 8 48.6
133.855 3 8 97.32
134.261 1 8 1
134.666 1 8 389.28
135.072 2 8 1
135.477 3 8 97.32
135.882 4 8 48.72
136.288 2 8 36.48
136.693 2 8 48.72
137.099 4 8 36.48
137.504 2 8 48.72
137.91 4 8 27.36
138.315 2 8 1
138.733 4 8 48.72
139.139 1 8 79.56
139.544 2 8 1
139.937 2 8 1
140.342 2 8 12.24
140.342 4 8 79.08
140.76 1 8 48.72
140.95 3 8 8.16
141.018 2 8 1
141.086 4 8 8.04
141.153 2 8 194.64
141.571 1 8 1
141.977 3 8 1
142.382 4 8 1
142.775 3 8 98.76
143.598 2 8 1
143.598 4 8 98.88
143.801 3 8 48.72
143.941 1 8 1
144.042 2 8 1
144.207 2 8 1
144.346 1 8 104.88
144.422 2 8 170.28
144.815 3 8 1
145.22 4 8 97.32
145.638 3 8 1
146.031 2 8 145.92
146.842 4 8 98.88
147.247 1 8 48.72
147.653 2 8 138.36
147.666 3 8 144.36
148.806 4 8 443.88
148.882 2 8 243.24
149.262 1 8 1
149.313 3 8 1
149.6 1 8 1
149.68 3 8 1
149.743 1 8 1
150.022 3 8 1
150.301 1 8 1
150.909 1 8 57.84
151.391 2 8 1
151.91 1 8 1
151.91 3 8 47.16
152.505 1 8 562.56
