2.452 3 8 1
3.253 2 8 1
3.303 1 8 1
3.403 1 8 1
3.453 2 8 1
3.503 3 8 1
3.853 1 8 1
4.134 1 8 1
4.585 2 8 1
4.622 3 8 1
4.978 1 8 1
5.71 2 8 77.28
6.16 3 8 1
6.354 1 8 1
6.454 2 8 187.56
6.686 3 8 1
7.105 4 8 1
7.255 3 8 1
7.849 1 8 1
8.017 4 8 1053.6
8.605 1 8 1
9.056 1 8 1
9.575 3 8 1
9.656 1 8 1
10.231 2 8 1
10.944 1 8 1
11.282 3 8 1
11.638 1 8 1
12.107 1 8 20.28
12.482 1 8 1
12.67 1 8 1
12.726 2 8 1
13.058 1 8 1
13.058 3 8 1
13.408 2 8 1
13.558 3 8 1
13.739 1 8 1
13.889 2 8 1
14.077 1 8 1
14.358 3 8 1
14.608 1 8 1
14.808 2 8 1
15.008 3 8 1
15.202 1 8 1
15.465 3 8 1
15.659 2 8 1
15.809 3 8 1
16.215 1 8 1
16.609 3 8 1
16.859 2 8 1
16.891 3 8 1
16.947 1 8 1
16.947 4 8 105.84
17.022 2 8 1
17.078 1 8 1
17.31 2 8 1
17.641 1 8 1
17.829 2 8 1
17.829 3 8 1
17.997 4 8 385.8
18.185 1 8 1
18.879 1 8 1
18.935 2 8 1
19.386 1 8 1
19.811 1 8 1
19.811 3 8 1
19.911 2 8 1
20.08 1 8 1
20.611 3 8 1
20.811 3 8 1
21.212 1 8 1
21.581 2 8 1
21.712 1 8 1
21.712 4 8 372.12
22.312 3 8 1
22.687 1 8 1
22.687 3 8 1
23.213 2 8 1
23.269 3 8 1
23.531 1 8 1
23.713 2 8 1
24.188 1 8 1
24.263 2 8 1
25.264 3 8 1
25.276 1 8 137.28
25.332 4 8 1
25.539 3 8 1
25.614 4 8 1
26.42 2 8 1
26.42 4 8 1007.76
29.316 1 8 1
31.667 1 8 1
31.667 2 8 1
31.842 3 8 1
31.936 1 8 1
32.517 1 8 1
34.818 1 8 1
35.237 3 8 1
35.419 1 8 1
35.519 2 8 1
35.556 4 8 1
35.594 3 8 1
35.631 1 8 1
36.588 1 8 1
36.701 4 8 842.64
37.47 1 8 1
38.32 2 8 1
38.389 1 8 1
38.97 3 8 1
39.771 2 8 1
41.034 1 8 1
41.722 2 8 1
42.985 3 8 132.84
42.985 2 8 1
44.092 1 8 1
44.092 4 8 128.28
46.418 2 8 270.84
46.418 1 8 1
48.675 4 8 1
48.725 1 8 1
48.775 3 8 1
48.775 2 8 138.12
49.907 4 8 1
49.945 3 8 1
51.52 3 8 1
52.277 3 8 1
52.477 4 8 1
52.727 2 8 1
52.909 4 8 1
53.228 3 8 1
53.415 2 8 1
53.509 3 8 1
53.734 4 8 1
53.903 3 8 1
54.128 2 8 1
54.353 1 8 1
54.353 4 8 495.24
54.353 3 8 1
56.604 1 8 1
56.904 1 8 249.12
56.904 3 8 1
58.48 3 8 1
58.743 2 8 1
58.98 4 8 219.12
60.881 1 8 461.52
60.881 2 8 1
61.432 2 8 1
61.613 4 8 1
62.132 2 8 1
62.307 3 8 1
62.532 2 8 1
62.682 4 8 1
63.001 3 8 1
63.233 4 8 1
63.533 3 8 1
63.533 2 8 1
64.633 4 8 1
64.915 2 8 308.4
65.065 3 8 1
65.215 4 8 1
65.365 3 8 1
65.571 1 8 1
65.571 4 8 1
65.815 3 8 1
66.034 4 8 1
66.234 3 8 1
66.509 1 8 1
66.678 3 8 1
66.834 4 8 1
66.978 1 8 1
67.184 4 8 1
67.353 3 8 1
67.485 1 8 1
67.578 4 8 1
67.672 2 8 328.68
67.766 1 8 1
67.985 3 8 1
68.235 4 8 1
68.554 3 8 1
68.835 3 8 1
68.985 1 8 1
69.135 4 8 1
69.286 4 8 1
69.623 1 8 1
69.886 4 8 1
70.017 1 8 1
70.186 3 8 1
70.186 4 8 1
70.411 4 8 1
70.636 1 8 1
70.861 3 8 1
71.068 4 8 1
71.255 1 8 1
71.499 3 8 1
71.63 1 8 1
71.837 4 8 1
72.024 3 8 1
72.237 1 8 1
72.437 3 8 1
72.587 4 8 1
72.587 2 8 1
72.775 4 8 425.4
72.775 2 8 1
76.139 1 8 1
76.264 2 8 1
76.32 1 8 446.52
76.32 3 8 1
77.915 4 8 1
78.215 3 8 1
78.365 4 8 1
78.59 3 8 1
78.815 2 8 1
78.965 2 8 1
79.115 3 8 1
79.266 4 8 1
79.416 3 8 1
79.566 4 8 1
79.716 3 8 1
79.891 3 8 1
79.891 4 8 1
80.041 2 8 1
80.041 4 8 303.12
80.191 1 8 1
80.41 3 8 1
80.591 2 8 1
80.841 1 8 1
81.01 2 8 1
81.16 3 8 1
81.367 1 8 1
81.554 1 8 1
81.554 2 8 1
81.761 3 8 1
81.967 2 8 1
82.154 1 8 1
82.361 2 8 1
82.567 1 8 1
82.567 3 8 99.12
82.755 1 8 1
82.755 2 8 1
82.992 2 8 1
83.142 4 8 1
83.393 1 8 1
83.393 4 8 380.4
83.593 3 8 1
83.593 1 8 1
83.793 2 8 1
83.993 1 8 1
84.193 1 8 1
84.193 2 8 1
84.393 3 8 1
84.593 2 8 1
84.793 1 8 1
84.993 2 8 1
85.193 1 8 1
85.394 2 8 1
85.594 3 8 1
85.775 2 8 1
85.981 1 8 1
86.188 2 8 1
86.375 2 8 1
86.375 3 8 1
86.563 1 8 643.8
86.769 2 8 1
86.976 3 8 1
87.182 4 8 1
87.313 3 8 1
87.482 4 8 1
87.632 3 8 1
87.795 2 8 1
87.951 3 8 1
88.095 4 8 1
88.308 3 8 1
88.395 4 8 1
88.595 3 8 1
88.777 3 8 1
88.895 2 8 1
89.02 3 8 1
89.189 4 8 1
89.377 3 8 1
89.527 2 8 1
89.658 4 8 1
89.796 3 8 1
89.996 2 8 1
90.246 3 8 1
90.446 4 8 1
90.652 3 8 1
90.859 3 8 1
90.996 4 8 1
91.121 3 8 1
91.253 2 8 1
91.459 3 8 1
91.459 4 8 1
91.665 2 8 1
91.665 3 8 1
91.847 4 8 304.68
91.928 3 8 1
92.059 1 8 1
92.228 2 8 1
92.378 3 8 1
92.528 2 8 1
92.678 1 8 1
92.829 1 8 1
92.979 2 8 1
93.129 3 8 1
93.279 1 8 1
93.429 2 8 1
93.729 1 8 1
93.729 2 8 1
93.729 3 8 1
94.098 2 8 1
94.254 3 8 1
94.386 1 8 1
94.386 3 8 283.56
94.911 2 8 1
95.117 4 8 1
95.267 2 8 1
95.53 1 8 1
95.717 2 8 1
95.924 4 8 1
96.224 2 8 1
96.399 1 8 1
96.749 1 8 281.4
96.749 2 8 1
96.881 4 8 1
97.425 4 8 1
97.65 2 8 1
97.8 3 8 1
97.95 4 8 1
98.231 2 8 1
98.4 3 8 1
98.531 4 8 1
98.7 3 8 1
99.094 3 8 1
99.094 4 8 300.96
99.225 1 8 1
99.225 2 8 1
99.413 3 8 1
99.951 2 8 1
100.163 1 8 1
100.37 2 8 1
100.52 1 8 1
100.52 3 8 1
100.783 2 8 1
101.001 1 8 1
101.176 2 8 1
101.383 1 8 1
101.383 3 8 1
101.602 2 8 318.12
101.852 1 8 1
101.852 4 8 1
102.202 1 8 1
102.402 4 8 1
102.502 3 8 1
102.827 1 8 1
102.952 3 8 1
103.034 4 8 1
103.109 3 8 1
103.184 1 8 1
103.252 4 8 1
103.39 1 8 1
103.596 4 8 1
103.653 1 8 1
103.746 3 8 1
103.822 1 8 1
103.953 4 8 1
104.084 3 8 1
104.178 4 8 1
104.253 3 8 1
104.328 4 8 1
104.422 1 8 1
104.603 3 8 1
104.684 2 8 1
104.759 1 8 1
104.835 4 8 1
104.903 2 8 1
104.985 1 8 1
105.053 3 8 1
105.135 4 8 1
105.203 1 8 1
105.266 2 8 1
105.354 1 8 1
105.416 3 8 1
105.491 4 8 1
105.566 2 8 1
105.654 1 8 354.12
105.804 3 8 1
105.941 4 8 1
106.091 3 8 1
106.241 2 8 1
106.373 3 8 1
106.373 4 8 1
106.654 2 8 1
106.936 4 8 1
107.154 3 8 1
107.423 2 8 1
107.605 4 8 1
107.78 2 8 1
107.986 3 8 1
108.205 4 8 1
108.436 2 8 1
108.605 3 8 276.12
108.605 4 8 1
111.175 1 8 515.52
111.175 3 8 1
111.325 2 8 1
111.557 4 8 1
111.775 3 8 1
112.188 4 8 1
112.357 3 8 1
112.62 4 8 1
112.732 2 8 1
112.957 3 8 1
113.126 3 8 1
113.276 4 8 1
113.539 2 8 1
113.726 4 8 1
113.914 3 8 1
114.139 2 8 1
114.408 3 8 1
114.589 4 8 1
114.758 2 8 1
114.908 3 8 1
115.108 3 8 1
115.308 4 8 1
115.471 3 8 1
115.609 2 8 1
115.709 3 8 1
115.921 1 8 1
115.921 4 8 596.64
116.159 2 8 1
116.159 3 8 1
116.559 1 8 1
116.878 1 8 1
116.878 2 8 1
117.059 3 8 1
117.197 3 8 1
117.347 1 8 1
117.535 2 8 1
117.66 2 8 1
117.66 3 8 1
118.21 1 8 1
118.379 2 8 1
118.379 3 8 1
118.885 1 8 1
118.885 2 8 1
119.579 1 8 427.8
119.579 2 8 1
120.836 2 8 6.84
120.836 3 8 1
121.311 2 8 1
121.662 4 8 1
122.487 2 8 1
122.487 3 8 1
122.487 4 8 1
122.912 2 8 1
122.912 4 8 1
123.144 2 8 116.28
123.144 3 8 1
123.144 4 8 1
123.744 3 8 1
123.744 4 8 1
124.113 4 8 1
124.113 3 8 1
124.25 1 8 1
124.363 1 8 126.12
124.363 2 8 1
124.363 3 8 1
124.363 4 8 1
124.945 2 8 1
124.945 3 8 1
124.945 4 8 1
125.564 1 8 1
125.564 2 8 1
125.564 4 8 279.12
125.564 3 8 1
127.289 1 8 1
127.289 2 8 1
127.289 3 8 47.28
127.683 1 8 1
127.683 2 8 1
128.002 3 8 1
128.015 1 8 144
128.015 2 8 186.12
128.49 3 8 1
129.215 4 8 1
129.566 4 8 1
129.972 3 8 56.28
130.441 1 8 1022.04
130.441 4 8 1
132.786 4 8 1
132.842 3 8 1
132.842 2 8 1
132.899 2 8 1
135.669 2 8 1
136.369 2 8 72
136.969 3 8 1
136.969 4 8 1
137.626 4 8 193.56
137.626 3 8 1
138.995 2 8 29.28
139.352 3 8 1
139.352 4 8 324.12
139.352 1 8 1
139.352 2 8 267.84
140.021 1 8 1
140.021 3 8 1
140.852 3 8 1
141.584 3 8 1
141.722 1 8 1
141.922 2 8 1
142.053 3 8 1
142.203 2 8 1
142.353 1 8 590.52
142.353 2 8 1
142.653 4 8 1
142.653 3 8 1
143.022 2 8 1
143.235 4 8 1
143.523 3 8 1
143.76 4 8 1
144.623 4 8 1
145.336 4 8 1
145.486 3 8 1
145.655 2 8 1
145.936 3 8 1
146.086 2 8 1
146.236 4 8 1
146.474 3 8 1
147.137 4 8 1
147.756 3 8 1
147.906 4 8 1
148.056 3 8 1
148.225 1 8 1
148.319 1 8 1
148.375 4 8 1
148.525 3 8 1
148.825 1 8 1
149.125 3 8 1
149.125 4 8 1
149.275 1 8 1
149.576 3 8 1
149.876 1 8 1
150.176 4 8 1
150.476 3 8 1
150.626 1 8 1
150.776 3 8 1
150.926 2 8 1
151.076 4 8 1
151.226 1 8 1
151.301 2 8 1
151.376 1 8 1
151.508 3 8 1
151.508 4 8 1
151.602 2 8 1
151.808 4 8 1
151.977 1 8 1
152.052 2 8 1
152.127 3 8 1
152.202 4 8 1
152.277 1 8 1
152.277 2 8 1
152.352 3 8 1
152.427 4 8 1
152.502 3 8 1
152.577 1 8 1
152.577 2 8 1
152.652 3 8 1
152.727 4 8 1
152.802 1 8 1
152.877 3 8 1
152.952 2 8 1
153.027 4 8 1
153.102 3 8 1
153.177 2 8 1
153.252 1 8 1
153.327 4 8 1
153.402 3 8 1
153.478 2 8 1
153.553 1 8 1
153.628 3 8 1
153.703 1 8 1
153.778 4 8 1
153.853 2 8 1
153.928 3 8 1
154.003 4 8 1
154.078 2 8 1
154.153 1 8 1
154.228 4 8 1
154.303 3 8 1
154.378 1 8 1
154.378 2 8 1
154.528 3 8 1
154.603 2 8 1
154.678 4 8 1
154.753 3 8 1
154.828 4 8 1
154.903 3 8 1
154.978 1 8 1
155.053 2 8 1
155.128 4 8 1
155.203 3 8 1
155.278 1 8 1
155.353 4 8 1
155.429 3 8 1
155.504 2 8 1
155.579 1 8 1
155.729 4 8 1
155.897 4 8 1
155.954 1 8 1
156.029 2 8 1
156.123 3 8 1
156.179 4 8 1
156.254 2 8 1
156.329 1 8 1
156.479 3 8 1
156.554 2 8 1
156.629 4 8 1
156.704 1 8 1
156.779 2 8 1
156.779 4 8 1
156.929 1 8 1
157.079 3 8 1
157.079 4 8 1
157.211 1 8 1
157.211 2 8 1
157.361 1 8 1
157.361 3 8 1
157.511 4 8 1
157.661 1 8 1
157.661 2 8 1
157.811 3 8 1
157.811 4 8 1
157.961 1 8 1
157.961 2 8 1
158.111 3 8 1
158.111 4 8 1
158.242 1 8 1
158.242 2 8 1
158.392 3 8 1
158.392 4 8 1
158.53 1 8 1
158.53 2 8 1
158.749 1 8 1
158.749 4 8 1
158.749 3 8 1
158.98 1 8 1
158.98 3 8 1
158.98 4 8 1
159.13 4 8 1
159.13 1 8 1
159.13 3 8 1
160.756 2 8 15
161.244 2 8 1
162.582 2 8 1
162.582 3 8 1
162.732 1 8 1
162.732 2 8 1
162.732 4 8 1
162.838 2 8 67.56
162.857 1 8 65.28
162.857 3 8 1
163.945 1 8 1
163.945 2 8 1
163.945 4 8 1
165.709 2 8 1
165.709 3 8 54
165.709 4 8 1
166.159 1 8 243.12
166.159 2 8 281.4
168.185 4 8 38.28
172.937 2 8 1
172.937 3 8 1
173.625 1 8 1
173.925 3 8 1
174.676 3 8 1
174.676 4 8 1
175.407 2 8 1
176.139 2 8 1
176.189 3 8 1
176.539 4 8 1
176.964 1 8 1
176.964 2 8 1
177.865 1 8 1
178.24 4 8 1
178.559 3 8 1
179.04 1 8 1
179.34 3 8 1
179.872 1 8 1
180.21 2 8 1
180.21 3 8 1
181.035 3 8 1
181.091 4 8 1
182.642 3 8 1
182.642 4 8 1
183.511 4 8 1
183.693 3 8 1
