1.317 4 8 1
1.484 2 8 1
1.651 4 8 1
1.817 2 8 1
1.984 4 8 1
2.151 1 8 1
2.317 4 8 1
2.484 3 8 1
2.651 1 8 1
2.817 4 8 1
2.984 1 8 1
3.151 4 8 1
3.317 1 8 1
3.484 4 8 1
3.651 2 8 1
3.817 4 8 1
3.984 3 8 1
4.151 1 8 1
4.317 4 8 1
4.484 2 8 1
4.567 1 8 1
4.651 3 8 1
4.734 4 8 1
4.817 2 8 1
4.901 1 8 1
4.984 4 8 1
5.067 3 8 1
5.151 1 8 1
5.151 4 8 1
5.151 2 8 1
5.317 1 8 1
5.401 2 8 1
5.484 1 8 1
5.567 4 8 1
5.651 1 8 1
5.651 2 8 1
5.651 3 8 1
5.817 2 8 1
5.901 3 8 1
5.984 1 8 1
6.151 3 8 1
6.151 4 8 1
6.317 3 8 1
6.401 2 8 1
6.484 4 8 1
6.567 3 8 1
6.651 1 8 1
6.651 2 8 1
6.817 3 8 1
6.984 1 8 1
7.067 2 8 1
7.151 3 8 1
7.151 4 8 1
7.234 1 8 1
7.317 2 8 1
7.4 3 8 1
7.484 1 8 1
7.65 3 8 1
7.65 4 8 1
7.734 1 8 1
7.734 2 8 1
7.817 3 8 1
7.817 4 8 1
7.9 1 8 1
7.9 2 8 1
7.984 4 8 1
7.984 3 8 1
8.067 1 8 1
8.067 2 8 1
8.15 3 8 1
8.15 4 8 1
8.317 1 8 1
8.4 3 8 1
8.484 4 8 1
8.567 2 8 1
8.567 1 8 1
8.65 3 8 1
8.65 4 8 1
8.817 1 8 1
8.817 2 8 1
8.817 4 8 1
8.9 3 8 1
8.984 2 8 1
8.984 4 8 1
9.067 1 8 1
9.067 3 8 1
9.15 2 8 1
9.15 4 8 1
9.317 4 8 1
9.4 3 8 1
9.484 1 8 1
9.567 2 8 1
9.65 1 8 1
9.65 3 8 1
9.65 4 8 1
9.817 4 8 1
9.9 3 8 1
9.984 4 8 1
10.067 2 8 1
10.15 1 8 1
10.15 4 8 1
10.317 2 8 1
10.4 4 8 1
10.484 1 8 1
10.484 3 8 1
10.567 4 8 1
10.65 1 8 1
10.65 2 8 1
10.734 4 8 1
10.817 3 8 1
10.984 1 8 1
11.15 1 8 1
11.15 4 8 1
11.234 3 8 1
11.317 2 8 1
11.4 4 8 1
11.484 2 8 1
11.65 4 8 1
11.65 3 8 1
11.734 2 8 1
11.734 1 8 1
11.817 3 8 1
11.817 4 8 1
11.9 1 8 1
11.9 2 8 1
11.984 3 8 1
12.067 2 8 1
12.067 4 8 1
12.15 1 8 1
12.15 3 8 1
12.317 2 8 1
12.4 3 8 1
12.4 4 8 1
12.484 2 8 1
12.567 1 8 1
12.65 2 8 1
12.65 3 8 1
12.65 4 8 1
12.817 1 8 1
12.817 3 8 1
12.9 2 8 1
12.984 4 8 1
12.984 3 8 1
13.067 1 8 1
13.15 3 8 1
13.15 2 8 1
13.15 4 8 1
13.317 3 8 1
13.4 2 8 1
13.484 4 8 1
13.567 3 8 1
13.65 2 8 1
13.65 1 8 1
13.817 3 8 1
13.984 2 8 1
14.067 1 8 1
14.15 4 8 1
14.15 3 8 1
14.317 2 8 1
14.4 1 8 1
14.484 3 8 1
14.567 2 8 1
14.65 4 8 1
14.65 1 8 1
14.65 3 8 1
14.817 4 8 1
14.9 1 8 1
14.984 3 8 1
15.067 4 8 1
15.15 2 8 1
15.15 1 8 1
15.317 3 8 1
15.4 1 8 1
15.484 2 8 1
15.567 4 8 1
15.65 1 8 1
15.65 2 8 1
15.734 3 8 1
15.734 4 8 1
15.817 1 8 1
15.817 2 8 1
15.9 4 8 1
15.9 3 8 1
15.984 1 8 1
15.984 2 8 1
16.067 3 8 1
16.067 4 8 1
16.15 1 8 40.08
16.15 2 8 30
16.15 4 8 40.08
16.484 3 8 1
16.65 2 8 1
16.65 3 8 1
16.65 4 8 1
16.734 1 8 1
16.817 2 8 1
16.817 3 8 1
16.817 4 8 1
16.984 2 8 1
17.067 3 8 1
17.15 1 8 1
17.15 4 8 1
17.317 2 8 1
17.484 3 8 1
17.567 2 8 1
17.65 1 8 1
17.65 3 8 1
17.734 4 8 1
17.817 2 8 1
17.9 3 8 1
17.984 2 8 1
18.067 3 8 1
18.15 1 8 1
18.15 4 8 1
18.317 2 8 1
18.4 3 8 1
18.484 2 8 1
18.567 3 8 1
18.65 4 8 1
18.65 1 8 1
18.65 2 8 1
18.734 3 8 1
18.817 2 8 1
18.9 1 8 1
18.984 2 8 1
19.067 1 8 1
19.15 3 8 1
19.15 4 8 1
19.317 4 8 1
19.4 2 8 1
19.484 4 8 1
19.567 3 8 1
19.65 1 8 1
19.65 2 8 1
19.65 4 8 1
19.734 3 8 1
19.817 1 8 1
19.817 2 8 1
19.9 3 8 1
19.984 1 8 1
19.984 2 8 1
20.067 3 8 1
20.067 4 8 1
20.15 1 8 1
20.15 2 8 1
21.317 2 8 1
21.4 4 8 1
21.484 3 8 1
21.567 1 8 1
21.65 4 8 1
21.734 2 8 1
21.817 1 8 1
21.9 3 8 1
21.984 2 8 9.96
22.067 1 8 1
22.13 4 8 22.44
22.15 3 8 6.72
22.317 2 8 1
22.317 1 8 1
22.4 3 8 1
22.484 1 8 1
22.65 3 8 1
22.65 4 8 1
22.734 1 8 1
22.817 2 8 1
22.9 3 8 1
22.984 1 8 1
23.15 4 8 1
23.15 3 8 1
23.317 2 8 1
23.4 1 8 1
23.484 4 8 1
23.567 3 8 1
23.65 2 8 1
23.65 4 8 1
23.734 1 8 1
23.817 2 8 1
23.9 3 8 1
23.984 4 8 1
24.067 2 8 1
24.15 4 8 1
24.15 3 8 1
24.234 1 8 1
24.317 2 8 1
24.4 4 8 1
24.484 3 8 1
24.567 2 8 1
24.65 1 8 1
24.65 4 8 1
24.734 2 8 1
24.734 3 8 1
24.817 4 8 1
24.9 1 8 1
24.9 2 8 1
24.984 3 8 1
24.984 4 8 1
25.067 1 8 1
25.067 2 8 1
25.15 4 8 1
25.15 3 8 1
25.275 3 8 1
25.317 4 8 1
25.338 1 8 1
25.4 2 8 1
25.484 3 8 1
25.484 4 8 1
25.567 1 8 1
25.65 2 8 1
25.65 3 8 1
25.817 4 8 1
25.817 1 8 1
25.9 2 8 1
25.942 3 8 1
25.984 4 8 1
26.005 2 8 1
26.039 1 8 1
26.077 3 8 1
26.15 2 8 1
26.15 1 8 1
26.234 3 8 1
26.317 1 8 1
26.317 2 8 1
26.4 4 8 1
26.484 2 8 1
26.567 1 8 1
26.65 4 8 1
26.65 3 8 1
26.65 2 8 1
26.734 1 8 1
26.817 4 8 1
26.9 3 8 1
26.984 1 8 1
26.984 2 8 1
27.067 4 8 1
27.15 2 8 1
27.15 3 8 1
27.234 1 8 1
27.317 3 8 1
27.4 2 8 1
27.484 3 8 1
27.484 4 8 1
27.567 2 8 1
27.65 1 8 1
27.65 4 8 1
27.734 3 8 1
27.817 1 8 1
27.9 4 8 1
27.984 2 8 1
28.067 1 8 1
28.15 3 8 1
28.15 4 8 1
28.234 2 8 1
28.317 4 8 1
28.4 3 8 1
28.484 1 8 1
28.484 2 8 1
28.567 3 8 1
28.567 4 8 1
28.65 1 8 1
28.65 2 8 1
28.734 3 8 1
28.734 4 8 1
28.817 2 8 1
28.817 1 8 1
28.9 3 8 1
28.9 4 8 1
28.984 2 8 1
28.984 1 8 1
29.067 3 8 1
29.067 4 8 1
29.15 1 8 1
29.15 2 8 1
29.234 3 8 1
29.317 1 8 1
29.373 3 8 1
29.4 2 8 1
29.463 4 8 22.44
29.65 2 8 1
29.65 3 8 1
29.734 1 8 1
29.817 3 8 1
29.9 1 8 100.08
29.984 2 8 39.96
29.984 3 8 19.92
29.984 4 8 69.96
30.317 3 8 60
30.484 2 8 19.92
30.65 4 8 20.04
30.734 2 8 1
30.817 1 8 1
30.9 3 8 1
30.984 1 8 1
30.984 4 8 1
31.067 2 8 1
31.15 3 8 1
31.234 1 8 1
31.317 2 8 1
31.4 4 8 1
31.484 1 8 1
31.484 2 8 1
31.567 3 8 1
31.65 2 8 1
31.734 1 8 1
31.817 4 8 1
31.9 2 8 1
31.984 4 8 1
31.984 1 8 1
32.067 3 8 1
32.15 2 8 1
32.234 3 8 1
32.317 1 8 1
32.317 2 8 1
32.4 3 8 1
32.484 4 8 1
32.567 1 8 1
32.567 2 8 1
32.65 3 8 1
32.65 4 8 1
32.734 1 8 1
32.734 2 8 1
32.817 3 8 1
32.9 4 8 1
32.984 2 8 1
32.984 1 8 1
33.067 3 8 1
33.15 4 8 1
33.234 1 8 1
33.317 2 8 1
33.504 1 8 1
33.504 4 8 1
33.567 3 8 1
33.65 2 8 1
33.65 4 8 1
33.734 3 8 1
33.817 2 8 1
33.817 1 8 1
33.9 3 8 1
33.9 4 8 1
33.984 1 8 1
33.984 2 8 1
34.067 3 8 1
34.15 2 8 1
34.234 3 8 1
34.317 1 8 1
34.4 2 8 1
34.484 3 8 1
34.484 4 8 1
34.567 1 8 1
34.65 3 8 1
34.734 2 8 1
34.817 4 8 1
34.9 3 8 1
34.984 1 8 1
34.984 4 8 1
35.067 2 8 1
35.15 3 8 1
35.15 4 8 1
35.234 1 8 1
35.317 2 8 1
35.4 3 8 1
35.484 1 8 1
35.484 4 8 1
35.567 2 8 1
35.65 3 8 1
35.65 4 8 1
35.734 2 8 1
35.817 1 8 1
35.9 3 8 1
35.984 1 8 1
35.984 4 8 1
36.067 2 8 1
36.15 1 8 1
36.234 3 8 1
36.317 1 8 1
36.317 2 8 1
36.4 3 8 1
36.484 1 8 1
36.484 4 8 1
36.567 2 8 1
36.567 3 8 1
36.65 4 8 1
36.65 1 8 1
36.734 2 8 1
36.734 3 8 1
36.817 1 8 1
36.9 2 8 1
36.9 4 8 1
36.984 1 8 66.6
36.984 3 8 1
37.067 2 8 43.32
37.15 4 8 1
37.317 3 8 20.04
37.484 4 8 1
37.484 2 8 6.6
37.539 3 8 1
37.65 1 8 1
37.65 3 8 1
37.65 4 8 1
37.817 3 8 1
37.817 4 8 1
37.817 1 8 1
37.984 2 8 1
37.984 3 8 1
37.984 4 8 1
38.067 1 8 1
38.15 3 8 1
38.15 4 8 1
38.234 2 8 1
38.317 1 8 1
38.317 4 8 1
38.4 3 8 1
38.484 1 8 1
38.484 2 8 1
38.567 3 8 1
38.65 1 8 1
38.65 4 8 1
38.734 2 8 1
38.817 1 8 1
38.817 3 8 1
38.9 2 8 1
38.9 4 8 1
38.984 1 8 1
38.984 3 8 1
39.067 4 8 1
39.067 2 8 1
39.15 1 8 1
39.234 3 8 1
39.234 4 8 1
39.317 2 8 1
39.4 1 8 1
39.484 3 8 1
39.484 2 8 1
39.567 1 8 1
39.567 4 8 1
39.65 3 8 1
39.734 2 8 1
39.817 4 8 1
39.817 1 8 1
39.9 3 8 1
39.963 4 8 1
40.004 2 8 1
40.004 1 8 1
40.046 3 8 1
40.095 1 8 1
40.15 4 8 1
40.192 3 8 1
40.234 1 8 1
40.261 2 8 1
40.317 4 8 1
40.317 3 8 1
40.372 1 8 1
40.428 2 8 1
40.484 4 8 1
40.525 3 8 1
40.567 2 8 1
40.609 1 8 1
40.65 4 8 1
40.692 3 8 1
40.734 2 8 1
40.754 1 8 1
40.817 4 8 1
40.9 2 8 1
40.984 3 8 1
40.984 4 8 1
40.984 1 8 1
41.234 1 8 1
41.317 2 8 1
41.372 4 8 1
41.4 3 8 1
41.428 2 8 1
41.504 3 8 1
41.525 2 8 1
41.595 3 8 1
41.65 1 8 1
41.734 3 8 1
41.817 2 8 1
41.9 1 8 1
42.65 3 8 1
42.817 4 8 1
42.984 1 8 1
42.984 2 8 1
43.067 4 8 1
43.15 3 8 1
43.317 1 8 20.04
43.317 4 8 1
43.484 2 8 19.92
43.484 4 8 1
43.65 3 8 1
43.65 4 8 1
43.817 2 8 20.04
43.817 3 8 1
43.984 1 8 1
43.984 4 8 1
44.15 3 8 1
44.317 1 8 9.96
44.317 4 8 1
44.484 3 8 1
44.65 2 8 1
44.65 3 8 1
44.817 4 8 1
44.817 2 8 9.96
44.984 1 8 1
44.984 3 8 1
45.15 2 8 1
45.317 3 8 1
45.317 4 8 9.96
45.484 2 8 4.92
45.65 3 8 1
45.65 4 8 10.08
45.817 1 8 1
45.817 3 8 1
45.984 2 8 1
45.984 4 8 1
46.15 1 8 1
46.317 4 8 20.04
46.4 2 8 1
46.484 3 8 1
46.65 1 8 40.08
46.817 4 8 1
46.984 3 8 1
47.067 1 8 1
47.15 2 8 20.04
47.15 4 8 1
47.317 1 8 20.04
47.317 3 8 1
47.484 4 8 1
47.484 3 8 1
47.65 1 8 40.08
47.65 2 8 1
47.817 4 8 1
47.817 2 8 1
47.984 3 8 1
48.15 1 8 20.04
48.15 4 8 1
48.15 2 8 1
48.317 2 8 1
48.317 3 8 1
48.484 1 8 1
48.484 3 8 19.92
48.65 2 8 1
48.65 4 8 35.04
48.817 1 8 9.96
48.817 2 8 1
48.984 1 8 1
48.984 3 8 1
49.15 4 8 30
49.317 1 8 9.96
49.317 3 8 9.96
49.484 2 8 1
49.65 2 8 20.04
49.817 4 8 80.04
49.817 1 8 1
49.984 2 8 1
50.15 1 8 1
50.317 1 8 1
50.4 3 8 1
50.484 2 8 1
50.567 3 8 1
50.65 1 8 1
50.817 3 8 1
50.984 1 8 1
51.039 2 8 1
51.095 1 8 1
51.15 3 8 1
51.234 4 8 1
51.317 3 8 1
51.359 2 8 1
51.421 1 8 1
51.483 4 8 1
51.539 3 8 1
51.595 2 8 1
51.65 4 8 1
51.761 3 8 1
51.761 1 8 1
51.872 2 8 1
51.983 1 8 1
51.983 4 8 1
52.15 2 8 1
52.317 1 8 1
52.317 2 8 1
52.483 2 8 1
52.483 4 8 1
52.65 4 8 1
52.65 2 8 1
52.817 2 8 1
52.817 4 8 1
52.983 2 8 1
52.983 3 8 1
53.15 1 8 1
53.15 2 8 1
53.317 2 8 1
53.317 4 8 1
53.483 1 8 1
53.483 3 8 1
53.65 2 8 1
53.65 3 8 1
53.817 1 8 1
53.817 2 8 1
53.983 3 8 1
53.983 1 8 1
54.067 2 8 1
54.15 3 8 1
54.233 1 8 1
54.317 3 8 1
54.317 4 8 1
54.4 2 8 1
54.483 1 8 1
54.567 3 8 1
54.65 1 8 1
54.65 4 8 1
54.733 3 8 1
54.817 2 8 1
54.9 4 8 1
54.983 3 8 1
54.983 2 8 1
55.067 1 8 1
55.15 2 8 1
55.15 3 8 1
55.233 4 8 1
55.317 1 8 1
55.317 3 8 1
55.4 2 8 1
55.483 1 8 1
55.483 4 8 1
55.567 3 8 1
55.65 2 8 1
55.733 1 8 1
55.817 2 8 1
55.817 3 8 1
55.9 4 8 1
55.983 3 8 1
56.067 2 8 1
56.15 4 8 1
56.233 3 8 1
56.317 2 8 1
56.317 4 8 1
56.4 3 8 1
56.483 1 8 1
56.483 4 8 1
56.567 3 8 1
56.65 1 8 1
56.733 2 8 1
56.817 3 8 1
56.817 4 8 1
56.9 2 8 1
56.983 1 8 1
56.983 4 8 1
57.067 3 8 1
57.15 2 8 1
57.15 1 8 1
57.233 4 8 1
57.317 1 8 1
57.317 2 8 1
57.4 3 8 1
57.4 4 8 1
57.483 1 8 1
57.567 2 8 1
57.65 4 8 1
57.65 3 8 1
57.733 1 8 1
57.817 4 8 1
57.817 3 8 1
57.9 2 8 1
57.983 3 8 1
58.067 4 8 1
58.15 1 8 1
58.15 2 8 1
58.233 4 8 1
58.317 3 8 1
58.317 2 8 1
58.4 1 8 1
58.483 4 8 1
58.567 2 8 1
58.65 3 8 1
58.733 2 8 1
58.817 1 8 1
58.817 4 8 1
58.9 3 8 1
58.983 4 8 1
59.067 2 8 1
59.15 3 8 1
59.15 4 8 1
59.233 1 8 1
59.317 4 8 1
59.317 2 8 1
59.4 3 8 1
59.483 1 8 1
59.567 2 8 1
59.65 3 8 1
59.65 4 8 1
59.733 2 8 1
59.817 3 8 1
59.9 1 8 1
59.983 4 8 1
60.067 1 8 1
60.15 2 8 20.04
60.233 3 8 10.08
60.65 2 8 1
60.733 3 8 1
60.817 4 8 1
60.9 3 8 1
60.983 2 8 1
61.067 1 8 1
61.15 2 8 1
61.233 3 8 1
61.317 1 8 1
61.317 2 8 1
61.317 4 8 1
61.483 3 8 1
61.483 4 8 1
61.567 2 8 1
61.65 1 8 1
61.733 3 8 1
61.817 1 8 1
61.817 2 8 1
61.817 4 8 1
61.983 1 8 1
62.067 2 8 1
62.15 4 8 1
62.206 2 8 1
62.254 1 8 1
62.317 3 8 1
62.317 4 8 1
62.4 2 8 1
62.483 3 8 1
62.567 1 8 1
62.65 4 8 1
62.65 2 8 1
62.733 3 8 1
62.817 1 8 1
62.817 2 8 1
62.9 4 8 1
62.983 3 8 1
63.067 2 8 1
63.15 3 8 1
63.317 1 8 1
63.317 2 8 1
63.4 4 8 1
63.483 3 8 1
63.567 2 8 1
63.65 4 8 1
63.817 1 8 1
63.817 2 8 1
63.9 3 8 1
63.9 4 8 1
63.983 1 8 1
63.983 2 8 1
64.067 3 8 1
64.067 4 8 1
64.15 1 8 1
64.171 4 8 1
64.206 3 8 1
64.233 2 8 1
64.275 1 8 1
64.338 4 8 1
64.338 3 8 1
64.4 2 8 1
64.483 3 8 1
64.483 4 8 1
64.567 1 8 1
64.595 2 8 1
64.65 3 8 1
64.733 4 8 1
64.817 3 8 1
64.858 2 8 1
64.9 1 8 1
64.942 3 8 1
64.983 2 8 1
64.983 4 8 1
65.025 1 8 1
65.088 2 8 1
65.15 4 8 1
65.233 3 8 1
65.317 2 8 1
65.317 1 8 1
65.317 4 8 1
65.4 3 8 1
65.483 1 8 1
65.483 2 8 1
65.65 3 8 1
65.65 4 8 1
65.733 2 8 1
65.817 1 8 1
65.817 4 8 1
65.872 2 8 1
65.928 3 8 1
65.983 2 8 1
65.983 1 8 1
66.039 3 8 1
66.094 2 8 1
66.15 4 8 1
66.206 3 8 1
66.261 1 8 1
66.317 3 8 1
66.317 4 8 1
66.372 2 8 1
66.428 1 8 1
66.483 3 8 1
66.539 4 8 1
66.594 2 8 1
66.65 3 8 1
66.706 2 8 1
66.761 4 8 1
66.761 3 8 1
66.817 1 8 1
66.872 2 8 1
66.928 3 8 1
66.983 1 8 1
67.039 2 8 1
67.094 4 8 1
67.15 1 8 1
67.206 2 8 1
67.317 4 8 1
67.317 3 8 1
67.372 2 8 1
67.428 1 8 1
67.483 4 8 1
67.539 3 8 1
67.594 2 8 1
67.65 1 8 1
67.706 2 8 1
67.761 4 8 1
67.817 3 8 1
67.817 1 8 1
67.9 4 8 1
67.983 1 8 1
67.983 2 8 1
68.067 3 8 1
68.067 4 8 1
68.15 2 8 1
68.15 1 8 1
68.233 4 8 1
68.317 2 8 1
68.317 3 8 1
68.372 1 8 1
68.428 4 8 1
68.483 3 8 1
68.539 2 8 1
68.577 1 8 1
68.65 2 8 1
68.692 3 8 1
68.754 4 8 1
68.817 3 8 1
68.9 1 8 1
68.9 2 8 1
68.942 4 8 1
68.983 3 8 1
69.067 2 8 1
69.108 3 8 1
69.15 4 8 1
69.233 2 8 1
69.317 1 8 1
69.317 4 8 1
69.483 1 8 1
69.483 2 8 1
69.567 3 8 1
69.65 2 8 1
69.733 1 8 1
69.817 3 8 1
69.817 4 8 1
69.9 2 8 1
69.983 3 8 1
69.983 4 8 1
70.067 2 8 1
70.15 3 8 1
70.233 1 8 1
70.317 2 8 1
70.317 3 8 1
70.317 4 8 1
70.4 1 8 1
70.428 2 8 1
70.483 3 8 1
70.567 1 8 1
70.65 2 8 1
70.733 3 8 1
70.817 1 8 1
70.817 4 8 1
70.9 3 8 1
70.983 2 8 1
71.025 1 8 1
71.067 3 8 1
71.15 2 8 1
71.317 3 8 1
71.317 4 8 1
71.4 1 8 1
71.483 3 8 1
71.539 4 8 1
71.594 3 8 1
71.65 2 8 1
71.817 1 8 1
71.817 4 8 1
71.9 2 8 1
71.9 3 8 1
71.983 1 8 1
71.983 4 8 1
72.067 3 8 1
72.067 2 8 1
72.15 4 8 1
72.15 1 8 1
72.233 2 8 1
72.233 3 8 1
72.317 4 8 1
72.317 1 8 1
72.372 2 8 1
72.428 3 8 1
72.483 4 8 1
72.539 3 8 1
72.594 1 8 1
72.65 2 8 1
72.706 3 8 1
72.761 4 8 1
72.817 2 8 1
72.872 3 8 1
72.928 2 8 1
72.983 4 8 1
72.983 1 8 1
73.046 2 8 1
73.094 3 8 1
73.15 4 8 1
73.233 2 8 1
73.317 4 8 1
73.372 1 8 1
73.428 3 8 1
73.483 1 8 1
73.483 2 8 1
73.567 3 8 1
73.65 1 8 1
73.733 4 8 1
73.817 1 8 1
73.817 3 8 1
73.9 2 8 1
73.983 4 8 1
74.004 3 8 1
74.067 1 8 1
74.094 2 8 1
74.15 4 8 1
74.206 3 8 1
74.261 2 8 1
74.317 3 8 1
74.317 1 8 1
74.317 4 8 1
74.4 2 8 1
74.483 1 8 1
74.483 4 8 1
74.539 3 8 1
74.594 2 8 1
74.65 1 8 1
74.706 4 8 1
74.761 3 8 1
74.817 1 8 1
74.817 2 8 1
74.872 4 8 1
74.928 3 8 1
74.983 1 8 1
74.983 2 8 1
75.039 3 8 1
75.094 1 8 1
75.15 4 8 1
75.206 2 8 1
75.206 1 8 1
75.261 3 8 1
75.317 4 8 1
75.317 1 8 1
75.317 2 8 1
75.4 3 8 1
75.483 2 8 1
75.483 4 8 1
75.567 1 8 1
75.65 3 8 1
75.733 2 8 1
75.733 1 8 1
75.817 3 8 1
75.817 4 8 1
75.872 2 8 1
75.928 3 8 1
75.928 4 8 1
75.983 2 8 1
75.983 1 8 1
76.056 3 8 1
76.094 4 8 1
76.15 1 8 1
76.15 3 8 1
76.206 2 8 1
76.261 3 8 1
76.261 4 8 1
76.317 2 8 1
76.317 1 8 1
76.4 3 8 1
76.4 4 8 1
76.483 1 8 1
76.483 2 8 1
76.567 3 8 1
76.65 2 8 1
76.65 4 8 1
76.733 1 8 1
76.817 3 8 1
76.817 4 8 1
76.9 2 8 1
76.983 1 8 1
76.983 3 8 1
77.067 4 8 1
77.15 3 8 1
77.15 2 8 1
77.233 1 8 1
77.233 4 8 1
77.317 3 8 1
77.372 2 8 1
77.428 3 8 1
77.483 4 8 1
77.567 2 8 1
77.608 3 8 1
77.65 1 8 1
77.706 2 8 1
77.761 1 8 1
77.817 3 8 1
77.9 2 8 1
77.983 3 8 1
78.039 1 8 1
78.094 2 8 1
78.129 4 8 1
78.15 3 8 1
78.206 1 8 1
78.261 2 8 1
78.317 4 8 1
78.317 1 8 1
78.372 3 8 1
78.428 2 8 1
78.483 3 8 1
78.539 2 8 1
78.594 3 8 1
78.65 1 8 1
78.692 2 8 1
78.754 3 8 1
78.817 2 8 1
78.872 3 8 1
78.928 2 8 1
78.983 4 8 1
79.039 2 8 1
79.094 3 8 1
79.15 4 8 1
79.206 1 8 1
79.261 3 8 1
79.317 2 8 1
79.317 1 8 1
79.372 3 8 1
79.428 4 8 1
79.483 3 8 1
79.539 2 8 1
79.594 1 8 1
79.65 4 8 1
79.706 3 8 1
79.761 2 8 1
79.817 1 8 1
79.872 3 8 1
79.928 1 8 1
79.983 2 8 1
80.039 4 8 1
80.094 2 8 1
80.15 3 8 1
80.206 2 8 1
80.261 4 8 1
80.317 1 8 1
80.372 3 8 1
80.428 2 8 1
80.483 1 8 1
80.483 4 8 1
80.567 3 8 1
80.817 1 8 6.6
80.817 2 8 6.6
80.817 3 8 6.6
81.483 2 8 1
81.567 3 8 1
81.65 4 8 1
81.733 1 8 1
81.817 2 8 1
81.872 1 8 1
81.921 3 8 1
81.983 4 8 1
82.039 2 8 1
82.087 1 8 1
82.15 3 8 1
82.205 1 8 1
82.261 2 8 1
82.317 3 8 1
82.372 1 8 1
82.428 4 8 1
82.483 3 8 1
82.539 2 8 1
82.594 4 8 1
82.65 1 8 1
82.705 2 8 1
82.761 3 8 1
82.817 2 8 1
82.872 4 8 1
82.928 1 8 1
82.983 2 8 1
83.039 3 8 1
83.094 4 8 1
83.15 3 8 1
83.205 2 8 1
83.205 1 8 1
83.261 3 8 1
83.317 2 8 1
83.372 4 8 1
83.428 3 8 1
83.483 2 8 1
83.539 1 8 1
83.594 2 8 1
83.65 3 8 1
83.705 4 8 1
83.761 2 8 1
83.817 1 8 1
83.872 4 8 1
83.928 1 8 1
83.983 2 8 1
84.039 3 8 1
84.094 4 8 1
84.15 1 8 1
84.205 2 8 1
84.261 4 8 1
84.317 3 8 1
84.372 2 8 1
84.428 3 8 1
84.483 4 8 1
84.546 3 8 1
84.594 2 8 1
84.65 3 8 1
84.705 4 8 1
84.761 2 8 1
84.817 3 8 1
84.872 2 8 1
84.928 4 8 1
84.983 3 8 1
85.039 2 8 1
85.094 1 8 1
85.15 3 8 1
85.192 1 8 1
85.205 2 8 1
85.261 3 8 1
85.317 4 8 1
85.372 3 8 1
85.428 2 8 1
85.483 1 8 1
85.539 4 8 1
85.594 3 8 1
85.65 4 8 1
85.705 3 8 1
85.761 1 8 1
85.817 2 8 1
85.872 3 8 1
85.928 4 8 1
85.983 2 8 1
86.039 1 8 1
86.094 4 8 1
86.15 2 8 1
86.205 1 8 1
86.261 4 8 1
86.317 1 8 1
86.372 2 8 1
86.4 3 8 1
86.442 4 8 1
86.483 1 8 1
86.539 2 8 1
86.594 3 8 1
86.65 4 8 1
86.705 2 8 1
86.817 1 8 60
86.817 3 8 1
86.817 4 8 1
86.983 2 8 1
87.15 3 8 1
87.15 4 8 1
87.317 2 8 1
87.483 4 8 1
87.65 3 8 1
87.817 4 8 9.96
87.817 2 8 1
87.983 3 8 1
88.15 1 8 6.6
88.15 3 8 1
88.317 4 8 1
88.483 2 8 1
88.65 1 8 1
88.817 2 8 9.96
88.817 4 8 1
88.983 3 8 1
89.15 1 8 9.96
89.15 2 8 9.96
89.317 1 8 1
89.483 3 8 1
89.483 4 8 1
89.65 4 8 1
89.817 1 8 15
89.817 2 8 1
89.817 3 8 1
89.983 4 8 1
90.233 3 8 1
90.317 1 8 9.96
90.483 3 8 1
90.65 3 8 1
90.817 1 8 1
90.817 4 8 39.96
90.9 2 8 1
90.983 1 8 1
91.067 3 8 1
91.15 1 8 1
91.15 2 8 1
91.317 3 8 1
91.317 4 8 1
91.4 1 8 1
91.483 2 8 1
91.483 4 8 1
91.567 1 8 1
91.65 3 8 30
91.733 1 8 1
91.817 2 8 1
91.9 4 8 15
91.983 2 8 1
92.15 1 8 20.04
92.317 4 8 1
92.483 1 8 10.08
92.483 3 8 1
92.65 4 8 1
92.817 2 8 9.96
92.983 1 8 1
93.15 4 8 1
93.317 3 8 1
93.317 2 8 1
93.483 4 8 1
93.65 2 8 1
93.817 1 8 1
93.817 4 8 9.96
93.9 3 8 1
93.983 1 8 1
94.15 2 8 1
94.317 3 8 19.92
94.483 4 8 1
94.817 2 8 1
94.817 4 8 9.96
94.983 4 8 1
94.983 3 8 1
95.15 4 8 9.96
95.15 2 8 1
95.317 1 8 1
95.317 3 8 1
95.483 2 8 1
95.483 4 8 9.96
95.65 1 8 1
95.65 3 8 9.96
95.816 2 8 1
95.816 4 8 20.04
95.983 1 8 1
96.15 2 8 1
96.15 3 8 9.96
96.316 4 8 1
96.4 2 8 1
96.483 1 8 1
96.483 3 8 1
96.65 1 8 1
96.816 2 8 1
96.858 4 8 5.04
96.9 3 8 3.36
96.983 1 8 12.48
96.983 2 8 1
97.15 3 8 1
97.191 1 8 1
97.316 2 8 1
97.483 2 8 1
97.483 4 8 1
97.65 1 8 9.96
97.65 4 8 1
97.816 2 8 10.08
97.816 3 8 10.08
97.983 1 8 1
97.983 4 8 1
98.15 3 8 1
98.316 2 8 10.08
98.316 4 8 1
98.483 3 8 20.04
98.65 4 8 1
98.65 1 8 1
98.816 2 8 1
98.816 3 8 1
98.983 2 8 5.04
98.983 4 8 1
99.15 1 8 9.96
99.15 4 8 1
99.316 2 8 1
99.316 4 8 1
99.4 1 8 1
99.483 3 8 9.96
99.65 3 8 1
99.65 1 8 1
99.65 4 8 1
99.816 3 8 1
99.816 4 8 10.08
99.983 2 8 1
100.066 1 8 1
100.15 3 8 1
100.15 4 8 1
100.316 1 8 1
100.316 2 8 1
100.316 4 8 1
100.483 3 8 1
100.483 2 8 9.96
100.65 1 8 1
100.65 4 8 1
100.733 3 8 1
100.816 2 8 1
100.816 1 8 1
100.816 4 8 15
100.983 3 8 1
101.039 4 8 1
101.094 1 8 1
101.108 3 8 1
101.15 2 8 1
101.191 4 8 1
101.261 1 8 1
101.316 3 8 1
101.358 4 8 1
101.4 2 8 1
101.428 3 8 1
101.462 1 8 1
101.483 4 8 1
101.539 3 8 1
101.594 4 8 1
101.65 1 8 1
101.733 2 8 1
101.816 4 8 1
101.872 3 8 1
101.9 1 8 1
101.983 2 8 1
102.004 1 8 1
102.039 3 8 1
102.108 2 8 1
102.15 4 8 1
102.4 4 8 1
102.483 1 8 1
102.566 2 8 1
102.65 1 8 1
102.733 2 8 1
102.816 3 8 1
102.816 4 8 1
102.9 2 8 1
102.983 3 8 1
103.066 2 8 1
103.15 3 8 1
103.233 2 8 1
103.316 3 8 1
103.316 1 8 1
103.316 4 8 1
103.4 2 8 1
103.483 4 8 1
103.566 1 8 1
103.566 2 8 1
103.65 3 8 1
103.65 4 8 1
103.733 2 8 1
103.816 1 8 1
103.816 3 8 1
103.816 4 8 1
103.9 2 8 1
103.983 1 8 1
103.983 4 8 1
104.066 3 8 1
104.15 4 8 1
104.233 1 8 1
104.233 2 8 1
104.316 3 8 1
104.316 4 8 1
104.4 1 8 1
104.483 3 8 1
104.566 4 8 1
104.65 1 8 1
104.65 2 8 1
104.65 3 8 1
104.816 4 8 1
104.816 3 8 1
104.9 2 8 1
104.983 1 8 1
105.066 2 8 1
105.066 3 8 1
105.15 4 8 1
105.233 1 8 1
105.316 2 8 1
105.316 3 8 1
105.4 4 8 1
105.483 1 8 1
105.483 2 8 1
105.566 3 8 1
105.566 4 8 1
105.65 1 8 1
105.65 2 8 1
105.733 3 8 1
105.733 4 8 1
105.816 2 8 1
105.816 1 8 1
105.9 4 8 1
105.928 3 8 1
105.983 1 8 1
106.039 2 8 1
106.094 4 8 1
106.15 1 8 1
106.233 3 8 1
106.316 4 8 1
106.4 2 8 1
106.483 3 8 1
106.566 4 8 1
106.65 1 8 1
106.65 2 8 1
106.733 3 8 1
106.816 4 8 1
106.816 1 8 1
106.816 2 8 1
106.983 1 8 1
107.066 3 8 1
107.15 4 8 1
107.233 2 8 1
107.316 1 8 1
107.316 3 8 1
107.316 4 8 1
107.4 2 8 1
107.483 1 8 1
107.566 3 8 1
107.65 2 8 1
107.65 1 8 1
107.733 4 8 1
107.816 1 8 1
107.816 2 8 1
107.816 3 8 1
107.983 4 8 1
108.025 3 8 1
108.087 2 8 1
108.15 1 8 1
108.233 2 8 1
108.316 3 8 1
108.316 4 8 1
108.4 1 8 1
108.483 2 8 1
108.566 1 8 1
108.65 4 8 1
108.733 2 8 1
108.816 1 8 1
108.816 4 8 1
108.9 2 8 1
108.983 4 8 1
108.983 3 8 1
109.066 1 8 1
109.15 2 8 1
109.15 3 8 1
109.233 4 8 1
109.316 2 8 1
109.316 1 8 1
109.316 3 8 1
109.4 4 8 1
109.483 1 8 1
109.483 3 8 1
109.566 2 8 1
109.65 4 8 1
109.65 3 8 1
109.733 1 8 1
109.733 2 8 1
109.816 3 8 1
109.816 4 8 1
109.983 2 8 1
110.066 4 8 1
110.15 3 8 1
110.15 1 8 1
110.191 2 8 1
110.233 4 8 1
110.316 3 8 1
110.4 4 8 1
110.483 1 8 1
110.566 2 8 1
110.65 3 8 1
110.733 2 8 1
110.816 1 8 40.08
110.816 3 8 1
110.816 4 8 40.08
110.983 2 8 1
111.15 3 8 1
111.233 2 8 1
111.316 4 8 40.08
111.316 1 8 30
111.316 3 8 1
111.483 3 8 1
111.566 2 8 1
111.65 1 8 1
111.733 2 8 1
111.816 3 8 1
111.816 4 8 1
111.983 2 8 1
112.066 1 8 1
112.066 3 8 1
112.15 4 8 1
112.233 3 8 1
112.316 1 8 1
112.316 2 8 1
112.483 1 8 1
112.566 3 8 1
112.65 2 8 1
112.816 2 8 1
112.816 3 8 1
112.816 4 8 1
112.983 4 8 1
113.15 1 8 1
113.15 2 8 1
113.316 4 8 1
113.316 1 8 1
113.4 2 8 1
113.4 3 8 1
113.483 4 8 1
113.483 1 8 1
113.566 2 8 1
113.566 3 8 1
113.65 1 8 1
113.733 3 8 1
113.733 2 8 1
113.816 1 8 1
113.816 4 8 1
113.9 2 8 1
113.983 1 8 1
113.983 4 8 1
114.039 3 8 1
114.094 2 8 1
114.15 1 8 1
114.205 3 8 1
114.261 4 8 1
114.316 2 8 1
114.358 3 8 1
114.483 2 8 1
114.539 4 8 1
114.594 2 8 1
114.65 4 8 1
114.705 1 8 1
114.761 2 8 1
114.796 4 8 1
114.816 3 8 1
114.983 2 8 1
114.983 1 8 1
115.066 3 8 1
115.15 4 8 1
115.233 3 8 1
115.316 2 8 1
115.316 1 8 1
115.4 4 8 1
115.483 3 8 1
115.566 2 8 1
115.65 1 8 1
115.733 2 8 1
115.816 1 8 1
115.816 3 8 1
115.816 4 8 1
115.983 2 8 1
116.15 3 8 1
116.15 4 8 1
116.205 2 8 1
116.261 3 8 1
116.316 1 8 1
116.316 2 8 1
116.483 4 8 30
116.566 2 8 1
116.65 1 8 1
116.733 3 8 1
116.816 2 8 1
116.816 4 8 1
116.816 1 8 1
116.983 4 8 1
117.066 3 8 1
117.15 2 8 1
117.15 4 8 1
117.15 1 8 19.92
117.316 4 8 1
117.316 2 8 1
117.4 3 8 1
117.483 1 8 1
117.483 2 8 1
117.566 3 8 1
117.65 1 8 1
117.65 2 8 1
117.65 4 8 1
117.733 3 8 1
117.816 1 8 1
117.816 2 8 1
117.816 4 8 1
117.983 3 8 1
117.983 4 8 1
118.066 1 8 1
118.15 4 8 1
118.15 3 8 1
118.233 2 8 1
118.316 1 8 1
118.316 4 8 1
118.4 3 8 1
118.483 1 8 1
118.483 2 8 1
118.566 4 8 1
118.65 1 8 1
118.65 3 8 1
118.733 2 8 1
118.816 4 8 1
118.816 3 8 1
118.9 1 8 1
118.9 2 8 1
118.983 3 8 1
119.066 1 8 1
119.066 2 8 1
119.15 3 8 1
119.15 4 8 1
119.233 2 8 1
119.316 1 8 1
119.316 4 8 1
119.4 2 8 1
119.4 3 8 1
119.483 1 8 1
119.566 3 8 1
119.566 4 8 1
119.65 1 8 1
119.65 2 8 1
119.733 4 8 1
119.816 3 8 1
119.816 2 8 1
119.9 1 8 1
119.983 2 8 1
119.983 3 8 1
120.066 1 8 1
120.066 4 8 10.08
120.15 3 8 1
120.233 1 8 1
120.233 2 8 1
120.316 4 8 1
120.316 3 8 1
120.4 1 8 1
120.4 2 8 1
120.483 3 8 1
120.483 4 8 1
120.566 1 8 1
120.566 2 8 1
120.65 4 8 1
120.733 2 8 1
120.733 3 8 1
120.816 1 8 1
120.9 2 8 1
120.983 4 8 1
121.066 1 8 1
121.15 4 8 1
121.233 3 8 1
121.316 2 8 5.04
121.483 1 8 9.96
121.65 4 8 9.96
121.733 3 8 1
121.816 2 8 1
121.9 3 8 1
121.983 1 8 1
122.066 2 8 1
122.15 3 8 9.96
122.316 3 8 1
122.483 4 8 9.96
122.65 2 8 1
122.733 3 8 1
122.816 2 8 1
122.9 3 8 1
122.983 2 8 1
123.066 4 8 1
123.15 2 8 1
123.233 3 8 1
123.316 2 8 1
123.4 3 8 1
123.566 2 8 10.08
123.65 1 8 9.96
123.733 3 8 9.96
123.816 1 8 1
123.816 4 8 20.04
123.9 2 8 1
123.983 3 8 1
124.066 1 8 1
124.15 3 8 1
124.233 2 8 1
124.316 4 8 1
124.4 3 8 1
124.483 2 8 1
124.566 1 8 1
124.65 4 8 9.96
124.733 3 8 20.04
124.816 2 8 1
124.9 4 8 1
124.983 1 8 9.96
125.066 4 8 1
125.15 2 8 9.96
125.233 3 8 1
125.316 4 8 1
125.4 3 8 1
125.483 2 8 1
125.566 3 8 1
125.65 1 8 1
125.691 2 8 1
125.733 3 8 1
125.761 4 8 1
125.806 1 8 1
125.837 3 8 1
125.927 4 8 1
125.983 2 8 1
126.066 3 8 1
126.15 2 8 1
126.233 3 8 1
126.316 4 8 1
126.4 3 8 1
126.483 1 8 1
126.525 3 8 1
126.577 2 8 1
126.65 3 8 1
126.733 1 8 1
126.816 2 8 1
126.872 4 8 1
126.983 4 8 1
127.066 1 8 1
127.15 3 8 1
127.205 2 8 1
127.233 4 8 1
127.275 3 8 1
127.4 2 8 1
127.483 1 8 1
127.566 3 8 1
127.65 4 8 1
127.65 2 8 1
127.816 1 8 1
127.816 2 8 1
127.816 4 8 1
127.983 2 8 1
127.983 3 8 1
128.066 1 8 1
128.15 2 8 1
128.15 4 8 1
128.233 3 8 1
128.316 2 8 1
128.316 1 8 1
128.316 4 8 1
128.483 2 8 1
128.483 4 8 1
128.65 1 8 1
128.65 4 8 1
128.733 3 8 1
128.816 2 8 1
128.816 1 8 1
128.816 4 8 1
128.983 2 8 1
128.983 4 8 1
129.066 3 8 1
129.15 2 8 1
129.233 1 8 1
129.316 2 8 1
129.316 3 8 1
129.316 4 8 1
129.483 4 8 1
129.483 2 8 1
129.566 3 8 1
129.65 1 8 1
129.65 2 8 1
129.816 4 8 1
129.816 3 8 1
129.983 2 8 1
129.983 4 8 1
130.066 3 8 1
130.15 1 8 1
130.15 2 8 1
130.316 1 8 1
130.316 2 8 1
130.316 4 8 1
130.4 3 8 1
130.483 1 8 1
130.483 4 8 1
130.566 2 8 1
130.65 1 8 1
130.65 3 8 1
130.733 4 8 1
130.733 2 8 1
130.816 1 8 1
130.816 3 8 1
130.983 3 8 1
131.025 2 8 1
131.066 4 8 1
131.108 3 8 1
131.15 1 8 1
131.15 2 8 1
131.233 4 8 1
131.316 3 8 1
131.4 2 8 1
131.483 3 8 1
131.566 4 8 1
131.65 1 8 1
131.65 2 8 1
131.705 3 8 1
131.754 2 8 1
131.816 1 8 1
131.816 3 8 1
131.816 4 8 1
131.9 2 8 1
131.983 3 8 1
132.15 1 8 1
132.233 2 8 1
132.316 1 8 1
132.316 4 8 1
132.483 1 8 1
132.566 2 8 1
132.65 3 8 1
132.816 1 8 20.04
132.816 4 8 1
132.9 3 8 1
132.983 2 8 9.96
133.066 1 8 5.04
133.15 2 8 9.96
133.233 4 8 1
133.316 1 8 1
133.316 2 8 1
133.4 3 8 9.96
133.483 4 8 20.04
133.566 2 8 1
133.65 3 8 19.92
133.733 2 8 1
133.816 1 8 10.08
133.816 4 8 20.04
133.9 2 8 9.96
133.983 1 8 1
133.983 3 8 9.96
134.066 4 8 10.08
134.15 1 8 9.96
134.233 2 8 9.96
134.316 4 8 20.04
134.316 1 8 1
134.4 3 8 9.96
134.483 1 8 9.96
134.483 2 8 9.96
134.566 3 8 10.08
134.65 1 8 9.96
134.65 4 8 9.96
134.733 2 8 9.96
134.816 1 8 10.08
134.9 4 8 9.96
134.983 1 8 9.96
134.983 2 8 5.04
135.066 3 8 10.08
135.15 2 8 9.96
135.15 4 8 19.92
135.233 1 8 9.96
135.316 2 8 10.08
135.316 3 8 10.08
135.4 4 8 9.96
135.483 1 8 20.04
135.483 2 8 9.96
135.566 3 8 20.04
135.65 2 8 1
135.65 4 8 9.96
135.733 1 8 1
135.816 3 8 10.08
135.816 4 8 10.08
135.983 1 8 1
135.983 3 8 1
136.066 2 8 1
136.15 4 8 1
136.233 1 8 1
136.233 2 8 1
136.316 3 8 1
136.316 4 8 1
136.4 1 8 1
136.483 2 8 1
136.65 4 8 1
136.733 3 8 1
136.816 1 8 1
136.816 2 8 1
136.816 4 8 1
136.983 3 8 1
137.15 2 8 1
137.15 1 8 1
137.261 1 8 1
137.316 3 8 1
137.4 4 8 1
137.483 1 8 1
137.483 2 8 1
137.65 2 8 1
137.733 3 8 1
137.816 1 8 1
137.816 2 8 1
137.816 4 8 1
137.9 3 8 1
137.983 4 8 1
138.066 2 8 1
138.066 1 8 1
138.15 3 8 1
138.316 2 8 1
138.316 4 8 1
138.316 3 8 1
138.483 1 8 1
138.483 4 8 1
138.65 1 8 1
138.65 2 8 1
138.733 3 8 1
138.733 4 8 1
138.816 1 8 1
138.9 2 8 1
138.983 3 8 1
139.15 2 8 1
139.15 4 8 1
139.233 1 8 1
139.233 3 8 1
139.316 2 8 1
139.316 4 8 1
139.4 1 8 1
139.483 2 8 1
139.483 4 8 1
139.649 2 8 1
139.649 3 8 1
139.733 1 8 1
139.816 2 8 1
139.816 4 8 1
139.899 3 8 1
139.983 2 8 1
139.983 4 8 1
140.149 2 8 1
140.149 1 8 1
140.205 4 8 1
140.261 3 8 1
140.316 4 8 1
140.316 1 8 1
140.372 2 8 1
140.427 3 8 1
140.483 1 8 1
140.483 4 8 1
140.649 2 8 1
140.649 1 8 1
140.705 3 8 1
140.761 4 8 1
140.816 1 8 1
140.816 3 8 1
140.879 2 8 1
140.983 1 8 1
140.983 4 8 1
141.149 2 8 1
141.149 4 8 1
141.149 3 8 1
141.149 1 8 1
141.316 2 8 1
141.399 4 8 1
141.483 1 8 1
141.483 3 8 1
141.649 4 8 1
141.649 2 8 10.08
141.733 1 8 9.96
141.816 2 8 1
141.816 3 8 1
141.983 1 8 1
141.983 4 8 1
142.149 1 8 1
142.149 2 8 1
142.149 4 8 10.08
142.233 3 8 1
142.316 1 8 1
142.399 2 8 1
142.483 3 8 1
142.483 4 8 1
142.649 1 8 1
142.649 3 8 1
142.649 4 8 1
142.733 2 8 1
142.816 4 8 9.96
142.899 3 8 1
142.983 2 8 1
142.983 1 8 1
142.983 4 8 1
143.066 3 8 1
143.149 1 8 10.08
143.149 4 8 1
143.233 3 8 1
143.316 4 8 1
143.399 2 8 1
143.399 1 8 1
143.483 4 8 1
143.566 3 8 1
143.649 1 8 1
143.649 4 8 10.08
143.733 2 8 1
143.816 4 8 9.96
143.899 1 8 10.08
143.983 4 8 1
144.066 2 8 1
144.149 1 8 1
144.149 4 8 1
144.316 2 8 1
144.316 3 8 1
144.316 4 8 1
144.483 3 8 1
144.483 1 8 1
144.483 4 8 1
144.649 2 8 1
144.649 1 8 1
144.816 2 8 1
144.816 3 8 1
144.816 4 8 1
144.816 1 8 1
145.316 2 8 1
145.316 3 8 1
145.483 4 8 1
145.649 1 8 1
145.733 2 8 1
145.816 1 8 1
145.816 3 8 1
145.816 4 8 1
146.649 3 8 1
