5.282 2 8 1
5.343 3 8 1
5.424 2 8 1
5.499 3 8 1
5.553 2 8 1
5.607 1 8 1
5.688 2 8 1
5.769 3 8 1
5.85 4 8 1
5.911 2 8 1
5.911 1 8 1
5.985 4 8 1
6.053 1 8 1
6.147 4 8 1
6.195 2 8 1
6.255 1 8 1
6.296 3 8 1
6.357 1 8 1
6.418 2 8 1
6.472 3 8 1
6.539 1 8 1
6.62 4 8 1
6.688 1 8 1
6.762 4 8 1
6.823 2 8 1
6.904 4 8 1
6.958 1 8 1
7.026 2 8 1
7.086 3 8 1
7.168 1 8 1
7.228 2 8 1
7.309 4 8 1
7.391 2 8 1
7.445 3 8 1
7.499 4 8 1
7.593 1 8 1
7.661 2 8 1
7.796 4 8 1
8.12 4 8 1
8.201 1 8 1
8.323 3 8 1
8.418 4 8 1
8.472 2 8 1
8.546 1 8 1
8.627 2 8 1
8.688 3 8 1
8.688 4 8 1
8.769 1 8 1
8.85 2 8 1
8.904 4 8 1
8.992 3 8 1
9.066 1 8 1
9.134 2 8 1
9.195 3 8 1
9.282 4 8 1
9.336 2 8 1
9.418 1 8 1
9.499 3 8 1
9.58 2 8 1
9.661 4 8 1
9.715 2 8 1
9.769 3 8 1
9.823 1 8 1
9.877 2 8 1
9.945 4 8 1
10.039 2 8 1
10.093 1 8 1
10.147 4 8 1
10.228 3 8 1
10.289 2 8 1
10.35 1 8 1
10.39 2 8 1
10.451 3 8 1
10.451 1 8 1
10.553 3 8 1
10.613 1 8 1
10.654 4 8 1
10.715 2 8 1
10.776 3 8 1
10.816 4 8 1
10.938 3 8 1
10.978 2 8 1
11.059 1 8 1
11.12 4 8 1
11.222 2 8 1
11.228 3 8 1
11.303 1 8 7.2
11.363 2 8 1
11.434 1 8 30.48
11.445 3 8 4.8
11.789 4 8 1
11.85 3 8 1
12.012 2 8 1
12.147 4 8 1
12.215 2 8 1
12.276 3 8 1
12.336 4 8 1
12.438 1 8 1
12.472 2 8 1
12.539 1 8 1
12.6 3 8 1
12.64 4 8 1
12.701 3 8 1
12.762 2 8 1
12.823 1 8 1
12.904 4 8 1
12.904 3 8 1
12.985 2 8 1
13.066 4 8 1
13.127 1 8 1
13.208 3 8 1
13.269 1 8 1
13.336 4 8 1
13.411 1 8 1
13.472 2 8 1
13.532 4 8 1
13.573 1 8 1
13.634 3 8 1
13.715 1 8 1
13.776 3 8 1
13.877 1 8 1
13.958 4 8 1
14.039 3 8 1
14.14 1 8 1
14.201 4 8 1
14.262 3 8 1
14.688 1 8 1
14.688 2 8 1
14.85 3 8 1
14.904 4 8 1
14.992 2 8 1
15.066 4 8 1
15.12 3 8 1
15.194 2 8 1
15.235 1 8 1
15.282 3 8 1
15.336 4 8 1
15.417 1 8 1
15.478 2 8 1
15.539 4 8 1
15.539 1 8 1
15.62 2 8 1
15.681 3 8 1
15.769 1 8 1
15.877 2 8 1
15.931 1 8 1
15.985 3 8 1
16.039 4 8 1
16.093 2 8 1
16.107 1 8 1
16.167 3 8 1
16.228 4 8 1
16.309 3 8 1
16.363 1 8 1
16.411 2 8 1
16.451 4 8 1
16.526 2 8 1
16.58 3 8 1
16.654 2 8 1
16.742 4 8 1
16.816 2 8 1
16.877 1 8 1
16.938 3 8 1
17.012 1 8 1
17.08 4 8 1
17.12 3 8 1
17.201 2 8 1
17.242 3 8 7.32
17.303 4 8 7.2
17.384 2 8 7.2
17.444 1 8 12.24
17.546 3 8 7.32
17.627 1 8 17.04
17.85 2 8 1
18.255 3 8 1
18.255 1 8 1
18.438 2 8 1
18.498 3 8 1
18.519 4 8 1
18.58 2 8 1
18.634 3 8 1
18.701 1 8 1
18.782 3 8 1
18.843 4 8 1
18.924 3 8 1
19.012 2 8 1
19.086 1 8 1
19.174 4 8 1
19.228 1 8 1
19.282 3 8 1
19.35 2 8 1
19.411 1 8 1
19.431 4 8 1
19.492 3 8 1
19.593 4 8 1
19.661 1 8 1
19.735 3 8 1
19.796 4 8 1
19.877 3 8 1
19.958 4 8 1
20.019 1 8 1
20.08 4 8 1
20.147 3 8 1
20.201 2 8 1
20.255 3 8 1
20.309 4 8 1
20.384 1 8 1
20.444 2 8 1
20.505 1 8 1
20.58 4 8 1
20.634 2 8 1
20.688 1 8 1
20.742 4 8 1
20.796 3 8 1
20.87 1 8 1
20.958 2 8 1
21.032 3 8 1
21.113 1 8 1
21.316 1 8 1
21.316 4 8 1
21.769 1 8 1
21.843 4 8 1
21.904 2 8 1
22.005 3 8 1
22.086 1 8 1
22.147 2 8 1
22.208 3 8 1
22.228 4 8 1
22.289 1 8 1
22.289 2 8 1
22.35 4 8 1
22.417 2 8 1
22.512 1 8 1
22.579 4 8 1
22.634 3 8 1
22.634 2 8 1
22.715 4 8 1
22.796 1 8 1
22.877 2 8 1
22.938 4 8 1
23.019 3 8 1
23.079 2 8 1
23.15 1 8 1
23.228 4 8 1
23.302 3 8 1
23.39 1 8 1
23.454 3 8 1
23.498 2 8 1
23.552 3 8 1
23.607 4 8 1
23.661 2 8 1
23.728 1 8 1
23.789 4 8 1
23.87 2 8 1
23.931 1 8 1
23.992 3 8 1
24.147 2 8 1
24.296 3 8 1
24.377 2 8 1
24.458 1 8 1
24.458 3 8 1
24.458 4 8 1
24.762 2 8 1
24.782 3 8 1
25.106 1 8 1
25.106 3 8 1
25.228 4 8 1
25.282 2 8 1
25.39 3 8 1
25.451 2 8 1
25.532 1 8 1
25.593 4 8 1
25.654 3 8 1
25.715 2 8 1
25.769 1 8 1
25.836 3 8 1
25.897 2 8 1
25.958 4 8 1
26.019 3 8 1
26.093 1 8 1
26.147 2 8 1
26.201 3 8 1
26.262 4 8 1
26.323 1 8 1
26.404 3 8 1
26.465 4 8 1
26.505 1 8 1
26.579 2 8 1
26.633 1 8 1
26.688 4 8 1
26.742 2 8 1
26.809 3 8 1
26.87 1 8 1
26.931 4 8 1
26.992 3 8 1
27.066 1 8 1
27.12 3 8 1
27.194 2 8 1
27.194 4 8 1
27.255 1 8 1
27.316 2 8 1
27.377 3 8 1
27.444 4 8 1
27.498 3 8 1
27.579 2 8 1
27.64 1 8 1
27.64 4 8 1
27.762 1 8 1
27.877 3 8 1
28.039 3 8 1
28.127 4 8 1
28.201 3 8 1
28.309 4 8 1
28.39 2 8 1
28.492 1 8 1
28.552 4 8 1
28.613 1 8 1
28.674 4 8 1
28.742 2 8 1
28.877 1 8 1
28.938 2 8 1
28.998 4 8 1
29.066 1 8 1
29.14 4 8 1
29.221 3 8 1
29.282 4 8 1
29.383 2 8 1
29.444 1 8 1
29.505 3 8 1
29.586 2 8 1
29.647 1 8 1
29.715 2 8 1
29.715 3 8 1
29.769 4 8 1
29.87 1 8 1
29.931 4 8 1
29.985 2 8 1
29.985 3 8 1
30.073 1 8 1
30.133 4 8 1
30.201 1 8 1
30.255 2 8 1
30.363 3 8 1
31.066 3 8 1
31.12 2 8 1
31.208 4 8 1
31.282 2 8 1
31.336 3 8 1
31.41 2 8 1
31.471 4 8 1
31.552 3 8 1
31.66 1 8 1
31.714 2 8 1
31.769 3 8 1
31.823 2 8 1
31.877 1 8 1
31.931 4 8 1
31.985 3 8 1
32.039 2 8 1
32.093 1 8 1
32.147 2 8 1
32.201 3 8 1
32.255 4 8 1
32.309 2 8 1
32.363 3 8 1
32.417 1 8 1
32.471 4 8 1
32.525 2 8 1
32.579 3 8 1
32.647 1 8 1
32.708 4 8 1
32.742 2 8 1
32.796 3 8 1
32.85 1 8 1
32.904 3 8 1
32.951 2 8 1
33.012 4 8 1
33.052 3 8 1
33.113 1 8 1
33.154 4 8 1
33.214 1 8 1
33.282 2 8 1
33.336 3 8 1
33.39 4 8 1
33.444 1 8 1
33.498 3 8 1
33.552 1 8 1
33.606 2 8 1
33.66 4 8 1
33.714 3 8 1
33.769 1 8 1
33.823 2 8 1
33.863 4 8 1
33.924 2 8 1
33.931 1 8 1
33.931 3 8 1
33.985 4 8 1
34.039 3 8 1
34.093 2 8 1
34.35 3 8 1
34.573 4 8 1
34.674 1 8 1
34.735 2 8 1
34.836 3 8 1
34.836 4 8 1
34.904 2 8 1
34.917 1 8 1
34.998 4 8 1
34.998 3 8 1
35.12 1 8 1
35.12 2 8 1
35.174 3 8 1
35.228 4 8 1
35.323 3 8 1
35.323 2 8 1
35.444 1 8 1
35.525 2 8 1
35.606 1 8 1
35.66 4 8 1
35.687 3 8 1
35.748 2 8 1
35.823 1 8 1
35.877 2 8 1
35.91 3 8 1
35.985 4 8 1
36.039 3 8 1
36.113 2 8 1
36.201 1 8 1
36.275 4 8 1
36.336 3 8 1
36.417 1 8 1
36.471 3 8 1
36.525 4 8 1
36.579 2 8 1
36.66 3 8 1
36.66 4 8 1
36.762 1 8 1
36.85 2 8 1
36.924 4 8 1
36.975 2 8 1
37.025 1 8 1
37.086 2 8 1
37.086 3 8 1
37.187 4 8 1
37.35 2 8 1
37.451 2 8 1
37.573 4 8 1
37.573 1 8 1
37.998 3 8 1
38.079 2 8 1
38.16 3 8 1
38.241 2 8 1
38.309 1 8 1
38.309 3 8 1
38.444 2 8 1
38.444 3 8 1
38.606 1 8 1
38.606 4 8 1
38.708 1 8 1
38.768 3 8 1
38.89 2 8 1
38.951 4 8 1
39.032 3 8 1
39.073 2 8 1
39.12 4 8 1
39.133 1 8 1
39.174 3 8 1
39.228 2 8 1
39.316 1 8 1
39.356 3 8 1
39.417 2 8 1
39.458 1 8 1
39.478 4 8 1
39.518 2 8 1
39.6 4 8 1
39.606 3 8 1
39.66 2 8 1
39.681 1 8 1
39.741 3 8 1
39.843 1 8 1
39.904 2 8 1
39.985 3 8 1
40.066 1 8 1
40.093 2 8 1
40.147 3 8 1
40.187 4 8 1
40.255 1 8 1
40.329 3 8 1
40.39 4 8 1
40.471 1 8 1
40.552 2 8 1
40.633 3 8 1
40.694 1 8 1
40.816 3 8 1
40.904 4 8 1
40.958 2 8 1
41.018 4 8 1
41.079 3 8 1
41.174 1 8 1
41.262 3 8 1
41.336 2 8 1
41.464 1 8 1
41.525 3 8 1
41.606 2 8 1
41.66 4 8 1
41.748 2 8 1
41.822 1 8 1
41.91 4 8 1
41.985 3 8 1
42.052 2 8 1
42.133 3 8 1
42.194 4 8 1
42.255 1 8 1
42.316 2 8 1
42.397 1 8 1
42.471 3 8 1
42.559 4 8 1
42.62 3 8 1
42.687 2 8 1
42.741 1 8 1
42.822 2 8 1
42.883 1 8 1
42.958 4 8 1
42.958 2 8 1
43.012 3 8 1
43.086 2 8 1
43.147 4 8 1
43.228 1 8 1
43.309 4 8 1
43.37 2 8 1
43.431 1 8 1
43.498 4 8 1
43.552 3 8 1
43.606 2 8 1
43.674 1 8 1
43.735 4 8 1
43.822 3 8 1
43.876 1 8 1
43.985 4 8 1
44.039 1 8 1
44.093 2 8 1
44.147 3 8 1
44.201 1 8 1
44.255 4 8 1
45.12 1 8 1
45.214 4 8 1
45.275 3 8 1
45.336 2 8 1
45.39 1 8 1
45.444 3 8 1
45.498 4 8 1
45.552 1 8 1
45.579 2 8 1
45.62 4 8 1
45.66 3 8 1
45.714 2 8 1
45.768 1 8 1
45.822 3 8 1
45.876 2 8 1
45.931 1 8 1
45.985 4 8 1
45.985 2 8 1
46.039 1 8 1
46.039 3 8 1
46.093 4 8 1
46.147 2 8 1
46.201 4 8 1
46.268 3 8 1
46.329 2 8 1
46.39 1 8 1
46.431 4 8 1
46.491 3 8 1
46.525 4 8 1
46.579 1 8 1
46.579 2 8 1
46.633 4 8 1
46.694 2 8 1
46.755 3 8 1
46.795 4 8 1
46.849 2 8 1
46.903 1 8 1
46.958 4 8 1
47.012 2 8 1
47.066 3 8 1
47.12 1 8 1
47.174 4 8 1
47.228 2 8 1
47.282 3 8 1
47.336 2 8 1
47.39 1 8 1
47.444 4 8 1
47.498 3 8 1
47.586 1 8 1
47.66 3 8 1
47.714 2 8 1
47.748 1 8 1
47.809 4 8 1
47.876 3 8 1
47.93 2 8 1
47.985 1 8 1
48.039 2 8 1
48.039 4 8 1
48.052 3 8 1
48.113 1 8 1
48.235 1 8 1
48.295 4 8 1
48.397 3 8 1
48.417 1 8 1
48.721 1 8 1
48.782 3 8 1
48.849 1 8 1
48.924 4 8 1
49.012 3 8 1
49.066 1 8 1
49.086 2 8 1
49.174 4 8 1
49.248 2 8 1
49.329 3 8 1
49.41 4 8 1
49.471 2 8 1
49.552 3 8 1
49.633 1 8 1
49.694 4 8 1
49.768 3 8 1
49.822 2 8 1
49.897 4 8 1
49.978 1 8 1
50.039 3 8 1
50.14 2 8 1
50.201 1 8 1
50.255 4 8 1
50.309 3 8 1
50.363 1 8 1
50.444 2 8 1
50.525 4 8 1
50.626 1 8 1
50.667 2 8 1
50.741 3 8 1
50.795 1 8 1
50.795 4 8 1
50.87 3 8 1
50.957 4 8 1
51.032 1 8 1
51.052 2 8 1
51.12 3 8 1
51.194 2 8 1
51.282 4 8 1
51.336 2 8 1
51.356 1 8 12.12
51.457 3 8 1
51.518 4 8 41.4
51.66 1 8 1
51.66 3 8 1
51.863 1 8 1
51.863 2 8 1
51.984 4 8 1
52.039 1 8 1
52.093 3 8 1
52.187 2 8 1
52.248 4 8 1
52.289 2 8 1
52.363 1 8 1
52.417 3 8 1
52.471 2 8 1
52.525 4 8 1
52.572 1 8 1
52.613 2 8 1
52.674 3 8 1
52.741 2 8 1
52.816 4 8 1
52.876 3 8 1
52.937 1 8 1
53.012 2 8 1
53.066 1 8 1
53.16 3 8 1
53.241 4 8 1
53.302 3 8 1
53.383 1 8 1
53.444 3 8 1
53.505 2 8 1
53.586 3 8 1
53.687 2 8 1
53.748 3 8 1
53.809 4 8 1
53.876 2 8 1
53.93 3 8 1
53.991 2 8 1
54.072 3 8 1
54.194 2 8 1
54.234 3 8 1
54.309 4 8 1
54.363 1 8 1
54.437 2 8 1
54.498 1 8 1
54.539 3 8 1
54.599 2 8 1
54.66 4 8 1
54.721 1 8 1
54.782 2 8 1
54.849 4 8 1
54.903 3 8 1
54.984 2 8 1
55.045 1 8 1
55.12 4 8 1
55.174 2 8 1
55.228 1 8 1
55.288 3 8 1
55.37 1 8 1
55.451 2 8 1
55.532 4 8 1
55.613 3 8 1
55.694 1 8 1
55.775 4 8 1
55.856 1 8 1
55.937 2 8 1
56.018 4 8 1
56.093 1 8 1
56.201 2 8 1
56.282 4 8 1
56.363 3 8 1
56.444 2 8 1
56.525 4 8 1
56.606 1 8 1
56.687 2 8 1
56.768 3 8 1
56.768 4 8 1
57.011 2 8 1
57.282 4 8 1
57.66 3 8 1
58.055 3 8 1
58.335 1 8 1
58.616 2 8 1
58.803 3 8 1
59.083 2 8 1
59.176 2 8 1
59.457 3 8 1
59.737 2 8 1
59.924 2 8 1
60.204 3 8 1
60.298 2 8 1
60.485 2 8 1
60.578 3 8 1
60.859 1 8 1
61.046 2 8 1
61.326 1 8 1
61.419 1 8 1
61.419 4 8 1
61.7 4 8 1
61.7 1 8 1
61.98 1 8 1
61.98 4 8 1
62.167 1 8 1
62.167 2 8 1
62.167 4 8 1
62.448 4 8 1
62.541 1 8 1
62.541 3 8 1
62.541 4 8 1
62.821 2 8 1
62.821 3 8 1
62.821 1 8 1
62.821 4 8 1
63.102 2 8 1
63.102 4 8 1
63.289 1 8 1
63.289 3 8 1
63.382 1 8 1
63.382 2 8 1
63.382 4 8 1
63.663 2 8 1
63.663 3 8 1
63.663 4 8 1
63.943 2 8 1
63.943 3 8 1
63.943 1 8 1
64.223 2 8 1
64.223 4 8 1
64.41 3 8 1
64.41 4 8 1
64.41 1 8 1
64.504 1 8 1
64.504 2 8 1
64.504 4 8 1
64.784 2 8 1
64.784 4 8 1
65.064 4 8 1
65.064 1 8 1
65.064 3 8 1
65.345 2 8 1
65.345 3 8 1
65.345 4 8 1
65.532 3 8 1
65.625 1 8 1
65.625 2 8 1
65.625 4 8 1
65.812 1 8 1
65.812 3 8 1
65.906 2 8 1
65.906 4 8 1
65.999 3 8 1
66.092 1 8 1
66.092 2 8 1
66.186 1 8 1
66.186 3 8 1
66.186 4 8 1
66.373 2 8 1
66.373 4 8 1
66.466 1 8 1
66.466 4 8 1
66.56 2 8 1
66.653 1 8 1
66.653 4 8 1
66.747 2 8 1
66.747 3 8 1
66.747 1 8 1
66.747 4 8 1
66.934 2 8 1
67.027 1 8 1
67.027 3 8 1
67.307 3 8 1
67.307 4 8 1
67.307 1 8 1
67.588 3 8 1
67.588 1 8 1
67.588 4 8 1
67.775 2 8 1
67.775 3 8 1
67.775 4 8 1
67.868 1 8 1
67.868 2 8 1
67.868 4 8 1
68.149 2 8 1
68.149 3 8 1
68.149 4 8 1
68.429 1 8 1
68.429 3 8 1
68.429 4 8 1
68.709 1 8 1
68.709 3 8 1
68.896 2 8 1
68.896 4 8 1
68.896 1 8 1
68.99 3 8 1
68.99 1 8 1
68.99 2 8 1
68.99 4 8 1
69.27 2 8 1
69.27 3 8 1
69.27 4 8 1
69.551 1 8 1
69.551 2 8 1
69.551 4 8 1
69.831 2 8 1
69.831 3 8 1
69.831 4 8 1
70.111 1 8 1
70.111 2 8 1
70.111 4 8 1
70.298 1 8 1
70.298 3 8 1
70.298 4 8 1
70.392 1 8 1
70.392 4 8 1
70.579 2 8 1
70.579 4 8 1
70.672 2 8 1
70.672 1 8 1
70.672 3 8 1
70.672 4 8 1
70.859 2 8 1
70.859 3 8 1
70.952 1 8 1
70.952 4 8 1
71.139 1 8 1
71.139 3 8 1
71.139 4 8 1
71.233 1 8 1
71.233 2 8 1
71.233 4 8 1
71.42 2 8 1
71.42 3 8 1
71.513 1 8 1
71.513 2 8 1
71.513 4 8 1
71.794 1 8 1
71.794 3 8 1
71.794 4 8 1
72.074 1 8 1
72.074 3 8 1
72.074 4 8 1
72.261 1 8 1
72.261 2 8 1
72.354 1 8 1
72.354 2 8 1
72.354 3 8 1
72.354 4 8 1
72.635 1 8 1
72.635 2 8 1
72.635 3 8 1
72.915 1 8 1
72.915 2 8 1
72.915 3 8 1
72.915 4 8 1
73.195 1 8 1
73.195 3 8 1
73.382 4 8 1
73.382 1 8 1
73.382 2 8 1
73.476 2 8 1
73.476 3 8 1
73.476 4 8 1
73.756 1 8 1
73.756 2 8 1
73.756 4 8 1
74.037 2 8 1
74.037 3 8 1
74.037 4 8 1
74.317 1 8 1
74.317 2 8 1
74.317 4 8 1
74.597 1 8 1
74.597 3 8 1
74.597 4 8 1
74.691 2 8 1
74.784 1 8 1
74.784 3 8 1
74.878 1 8 1
74.878 2 8 1
74.878 4 8 1
75.065 2 8 1
75.065 4 8 1
75.158 1 8 1
75.158 3 8 1
75.158 4 8 1
75.252 1 8 1
75.345 2 8 1
75.345 3 8 1
75.439 1 8 1
75.439 4 8 1
75.532 4 8 1
75.625 3 8 1
75.625 4 8 1
75.719 1 8 1
75.719 2 8 1
75.719 4 8 1
75.906 3 8 1
75.906 2 8 1
75.999 4 8 1
75.999 1 8 1
76.28 2 8 1
76.28 1 8 1
76.28 4 8 1
76.56 1 8 1
76.56 3 8 1
76.56 4 8 1
76.747 2 8 1
76.747 3 8 1
76.84 1 8 1
76.84 3 8 1
76.84 4 8 1
76.84 2 8 1
77.121 1 8 1
77.121 3 8 1
77.121 4 8 1
77.401 3 8 1
77.401 1 8 1
77.401 4 8 1
77.682 3 8 1
77.682 4 8 1
77.869 1 8 1
77.869 2 8 1
77.869 4 8 1
77.962 2 8 1
77.962 1 8 1
77.962 3 8 1
77.962 4 8 1
78.242 1 8 1
78.242 2 8 1
78.242 3 8 1
78.523 1 8 1
78.523 2 8 1
78.523 3 8 1
78.523 4 8 1
78.803 2 8 1
78.803 3 8 1
78.803 4 8 1
78.897 1 8 1
79.083 2 8 1
79.083 3 8 1
79.083 4 8 1
79.27 1 8 1
79.364 2 8 1
79.364 3 8 1
79.364 4 8 1
79.487 4 8 1
79.551 3 8 1
79.551 1 8 1
79.644 1 8 1
79.644 2 8 1
79.644 4 8 1
79.831 3 8 1
79.925 4 8 1
79.925 1 8 1
80.112 2 8 1
80.112 3 8 1
80.112 1 8 1
80.112 4 8 1
80.392 4 8 1
80.392 1 8 1
80.392 2 8 1
80.392 3 8 1
80.766 1 8 1
80.766 2 8 1
80.766 3 8 1
80.766 4 8 1
81.046 1 8 1
81.046 3 8 1
81.233 1 8 1
81.233 2 8 1
81.327 1 8 1
81.327 4 8 1
81.327 3 8 1
81.607 1 8 1
81.607 3 8 1
81.607 4 8 1
81.887 1 8 1
81.887 3 8 1
81.887 4 8 1
82.168 2 8 1
82.168 4 8 1
82.355 1 8 1
82.355 2 8 1
82.448 1 8 1
82.448 2 8 1
82.448 3 8 1
82.448 4 8 1
82.728 1 8 1
82.728 2 8 1
82.728 4 8 1
83.009 1 8 1
83.009 3 8 1
83.009 4 8 1
83.289 1 8 1
83.289 2 8 1
83.289 4 8 1
83.57 1 8 1
83.57 2 8 1
83.57 4 8 1
83.663 1 8 1
83.757 3 8 1
83.757 4 8 1
83.85 2 8 1
83.85 3 8 1
83.85 4 8 1
83.943 1 8 1
84.037 1 8 1
84.13 2 8 1
84.13 3 8 1
84.13 4 8 1
84.224 1 8 1
84.317 2 8 1
84.411 1 8 1
84.411 2 8 1
84.411 4 8 1
84.504 1 8 1
84.598 3 8 1
84.598 4 8 1
84.691 2 8 1
84.691 1 8 1
84.691 4 8 1
84.878 1 8 1
84.878 3 8 1
84.972 1 8 1
84.972 2 8 1
85.252 1 8 1
85.252 3 8 1
85.252 4 8 1
85.532 3 8 1
85.719 2 8 1
85.719 3 8 1
85.719 4 8 1
85.813 1 8 1
85.813 2 8 1
85.813 3 8 1
86.093 1 8 1
86.093 3 8 1
86.093 4 8 1
86.373 2 8 1
86.373 3 8 1
86.373 4 8 1
86.654 1 8 1
86.654 3 8 1
86.841 2 8 1
86.841 1 8 1
86.841 4 8 1
86.934 1 8 1
86.934 2 8 1
86.934 3 8 1
86.934 4 8 1
87.215 2 8 1
87.215 3 8 1
87.215 4 8 1
87.495 1 8 1
87.495 3 8 1
87.495 4 8 1
87.775 1 8 1
87.775 2 8 1
87.775 4 8 1
88.056 1 8 1
88.056 2 8 1
88.056 3 8 1
88.056 4 8 1
88.243 1 8 1
88.243 3 8 1
88.336 2 8 1
88.336 4 8 1
88.523 2 8 1
88.523 4 8 1
88.616 1 8 1
88.616 2 8 1
88.616 4 8 1
88.803 2 8 1
88.803 4 8 1
88.897 1 8 1
88.897 3 8 1
89.084 2 8 1
89.084 4 8 1
89.177 1 8 1
89.177 2 8 1
89.177 3 8 1
89.177 4 8 1
89.364 2 8 1
89.364 3 8 1
89.458 1 8 1
89.458 2 8 1
89.458 3 8 1
89.738 1 8 1
89.738 3 8 1
89.738 4 8 1
90.018 3 8 1
90.018 1 8 1
90.018 4 8 1
90.205 2 8 1
90.205 4 8 1
90.299 1 8 1
90.299 2 8 1
90.299 3 8 1
90.579 2 8 1
90.579 3 8 1
90.579 4 8 1
90.86 2 8 1
90.86 1 8 1
90.86 4 8 1
91.14 1 8 1
91.14 3 8 1
91.327 2 8 1
91.327 4 8 1
91.42 2 8 1
91.42 3 8 1
91.42 4 8 1
91.42 1 8 1
91.701 1 8 1
91.701 2 8 1
91.701 4 8 1
91.981 2 8 1
91.981 3 8 1
91.981 4 8 1
92.261 1 8 1
92.261 3 8 1
92.261 4 8 1
92.542 2 8 1
92.542 1 8 1
92.542 3 8 1
92.542 4 8 1
92.635 3 8 1
92.729 1 8 1
92.729 2 8 1
92.822 1 8 1
92.822 2 8 1
92.822 4 8 1
92.916 3 8 1
93.009 1 8 1
93.103 1 8 1
93.103 2 8 1
93.103 4 8 1
93.196 3 8 1
93.289 1 8 1
93.383 1 8 1
93.383 2 8 1
93.383 4 8 1
93.476 3 8 1
93.57 1 8 1
93.57 2 8 1
93.663 1 8 1
93.663 3 8 1
93.663 4 8 1
93.85 2 8 1
93.85 4 8 1
93.944 3 8 1
93.944 2 8 1
94.224 1 8 1
94.224 3 8 1
94.224 4 8 1
94.504 1 8 1
94.504 3 8 1
94.504 2 8 1
94.691 2 8 1
94.691 4 8 1
94.785 1 8 1
94.785 2 8 1
94.785 3 8 1
94.785 4 8 1
95.065 1 8 1
95.065 3 8 1
95.065 4 8 1
95.346 1 8 1
95.346 2 8 1
95.346 3 8 1
95.626 1 8 1
95.626 3 8 1
95.813 3 8 1
95.813 4 8 1
95.906 1 8 1
95.906 2 8 1
95.906 4 8 1
96.187 1 8 1
96.187 3 8 1
96.187 4 8 1
96.467 1 8 1
96.467 2 8 1
96.467 3 8 1
96.467 4 8 1
96.748 1 8 1
96.748 3 8 1
96.748 4 8 1
97.028 1 8 1
97.028 2 8 1
97.028 4 8 1
97.215 1 8 1
97.215 3 8 1
97.308 1 8 1
97.308 2 8 1
97.308 4 8 1
97.495 2 8 1
97.495 4 8 1
97.589 1 8 1
97.589 2 8 1
97.589 3 8 1
97.589 4 8 1
97.776 3 8 1
97.776 4 8 1
97.869 1 8 1
97.869 4 8 1
98.056 3 8 1
98.056 4 8 1
98.149 2 8 1
98.149 1 8 1
98.336 1 8 1
98.336 4 8 1
98.336 2 8 1
98.71 2 8 1
98.71 1 8 1
98.71 4 8 1
98.804 3 8 1
98.897 2 8 1
98.991 1 8 1
99.084 2 8 1
99.178 3 8 1
99.271 1 8 1
99.271 2 8 1
99.271 4 8 1
99.364 3 8 1
99.458 2 8 1
99.551 1 8 1
99.551 3 8 1
99.645 4 8 1
99.738 2 8 1
99.832 1 8 1
99.832 3 8 1
99.832 4 8 1
99.925 2 8 1
100.019 1 8 1
100.112 4 8 1
100.206 3 8 1
100.299 2 8 1
100.392 1 8 1
100.392 3 8 1
100.392 4 8 1
100.486 2 8 1
100.579 4 8 1
100.673 1 8 1
100.673 2 8 1
100.766 3 8 1
100.86 1 8 1
100.953 2 8 1
100.953 4 8 1
101.047 3 8 1
101.14 2 8 1
101.234 3 8 1
101.327 1 8 1
101.421 4 8 1
101.514 1 8 1
101.514 3 8 1
101.514 2 8 1
101.607 3 8 1
101.701 4 8 1
101.794 1 8 1
101.794 3 8 1
101.888 2 8 1
101.981 3 8 1
102.075 1 8 1
102.075 3 8 1
102.075 4 8 1
102.168 2 8 1
102.262 1 8 1
102.355 3 8 1
102.449 2 8 1
102.542 1 8 1
102.542 3 8 1
102.636 1 8 1
102.636 4 8 1
102.729 2 8 1
102.822 3 8 1
102.916 2 8 1
102.916 4 8 1
103.009 1 8 1
103.103 3 8 1
103.196 2 8 1
103.196 4 8 1
103.29 3 8 1
103.383 2 8 1
103.477 1 8 1
103.57 3 8 1
103.664 1 8 1
103.757 2 8 1
103.757 4 8 1
103.851 3 8 1
103.944 1 8 1
104.037 3 8 1
104.037 4 8 1
104.131 2 8 1
104.224 1 8 1
104.318 3 8 1
104.318 4 8 1
104.411 2 8 1
104.505 4 8 1
104.598 3 8 1
104.692 1 8 1
104.785 3 8 1
104.879 1 8 1
104.879 2 8 1
104.879 4 8 1
104.972 2 8 1
105.066 1 8 1
105.159 3 8 1
105.159 4 8 1
105.252 2 8 1
105.346 4 8 1
105.439 1 8 1
105.439 3 8 1
105.439 4 8 1
105.533 2 8 1
105.626 2 8 1
105.72 1 8 1
105.72 3 8 1
105.813 2 8 1
105.907 4 8 1
106 2 8 1
106 1 8 1
106.094 3 8 1
106.187 4 8 1
106.281 1 8 1
106.281 3 8 1
106.374 2 8 1
106.467 4 8 1
106.561 1 8 1
106.561 2 8 1
106.654 3 8 1
106.748 4 8 1
106.841 2 8 1
106.935 3 8 1
107.028 3 8 1
107.122 1 8 1
107.122 2 8 1
107.122 4 8 1
107.215 3 8 1
107.309 1 8 1
107.402 2 8 1
107.402 3 8 1
107.402 4 8 1
107.495 1 8 1
107.589 2 8 1
107.682 1 8 1
107.682 3 8 1
107.682 4 8 1
107.776 2 8 1
107.869 1 8 1
107.963 3 8 1
108.056 2 8 1
108.15 3 8 1
108.243 3 8 1
108.243 4 8 1
108.243 2 8 1
108.337 1 8 1
108.43 2 8 1
108.524 1 8 1
108.524 3 8 1
108.524 4 8 1
108.617 2 8 1
108.71 3 8 1
108.804 1 8 1
108.804 2 8 1
108.897 3 8 1
108.944 1 8 1
108.991 3 8 1
109.084 1 8 1
109.084 2 8 1
109.178 3 8 1
109.271 4 8 1
109.365 1 8 1
109.365 2 8 1
109.458 3 8 1
109.552 4 8 1
109.645 2 8 1
109.645 3 8 1
109.739 1 8 1
109.832 3 8 1
109.925 1 8 1
109.925 4 8 1
110.019 2 8 1
110.112 1 8 1
110.206 3 8 1
110.299 3 8 1
110.393 1 8 1
110.486 3 8 1
110.486 2 8 1
110.486 4 8 1
110.58 1 8 1
110.673 2 8 1
110.767 3 8 1
110.86 4 8 1
110.954 1 8 1
110.954 3 8 1
111.047 2 8 1
111.047 4 8 1
111.14 3 8 1
111.234 1 8 1
111.327 2 8 1
111.327 3 8 1
111.421 4 8 1
111.514 2 8 1
111.608 1 8 1
111.608 3 8 1
111.608 2 8 1
111.701 3 8 1
111.795 4 8 1
111.888 1 8 1
111.888 2 8 1
111.982 4 8 1
112.075 3 8 1
112.169 1 8 1
112.169 4 8 1
112.262 3 8 1
112.355 2 8 1
112.449 4 8 1
112.542 1 8 1
112.636 2 8 1
112.729 3 8 1
112.729 4 8 1
112.823 1 8 1
112.916 2 8 1
113.01 3 8 1
113.01 4 8 1
113.103 2 8 1
113.197 3 8 1
113.29 1 8 1
113.29 2 8 1
113.384 4 8 1
113.477 3 8 1
113.477 2 8 1
113.57 1 8 1
113.664 4 8 1
113.757 3 8 1
113.851 2 8 1
113.851 1 8 1
113.944 4 8 1
114.038 2 8 1
114.131 3 8 1
114.131 4 8 1
114.225 1 8 1
114.318 2 8 1
114.318 3 8 1
114.412 4 8 1
114.412 1 8 529.92
