8.106 1 8 1
8.106 4 8 299.04
8.721 2 8 1
9.346 2 8 1
10.598 2 8 57.6
11.218 2 8 75.12
11.844 4 8 1
12.458 2 8 1
13.09 1 8 1
13.09 2 8 1
13.09 4 8 65.28
13.721 4 8 374.88
14.026 2 8 1
14.336 1 8 1
14.961 2 8 1
15.599 2 8 1
16.845 1 8 143.16
16.845 3 8 1
17.459 4 8 76.44
17.769 3 8 1
18.096 2 8 1
18.096 1 8 112.32
18.096 3 8 1
18.406 4 8 1
18.722 3 8 1
19.032 4 8 1
19.354 4 8 1
19.652 1 8 1
19.968 4 8 1
20.296 3 8 1
20.6 1 8 1
20.6 4 8 1
21.056 3 8 1
21.231 1 8 1
21.53 1 8 1
21.84 1 8 1
22.167 2 8 1
22.46 2 8 1
22.776 3 8 1
23.103 4 8 1
23.103 3 8 38.64
23.425 4 8 1
23.571 3 8 94.08
23.828 4 8 1
24.039 2 8 1
24.109 4 8 1
24.355 1 8 1
24.975 2 8 1
25.302 3 8 1
25.618 1 8 1
25.618 2 8 1
26.074 3 8 1
26.238 3 8 1
26.478 4 8 1
26.566 3 8 1
26.706 2 8 1
26.864 3 8 1
27.478 3 8 1
27.478 4 8 1
27.642 2 8 1
27.794 1 8 1
28.11 1 8 1
28.11 2 8 1
28.11 4 8 1
28.578 1 8 1
28.742 4 8 1
29.046 1 8 1
29.356 1 8 1
29.356 2 8 1
29.672 1 8 1
29.982 1 8 1
30.145 3 8 1
30.303 1 8 1
30.602 1 8 1
30.602 3 8 1
31.233 1 8 1
31.385 4 8 1
31.549 1 8 1
31.853 1 8 1
31.853 2 8 1
32.479 1 8 1
32.789 1 8 1
33.093 1 8 1
33.093 3 8 1
33.725 2 8 1
33.865 1 8 1
34.023 3 8 1
34.333 1 8 1
34.333 4 8 45
34.801 4 8 30.84
35.199 4 8 1
35.643 1 8 224.64
35.643 2 8 1
35.643 4 8 1
36.059 3 8 1
36.848 2 8 1
37.164 2 8 1
37.515 3 8 1
38.112 4 8 1
38.656 4 8 1
39.246 2 8 1
39.831 3 8 1
40.416 1 8 1
40.416 3 8 1
40.416 4 8 50.52
41.007 3 8 1
41.586 4 8 1
41.586 3 8 1
42.147 3 8 1
42.709 1 8 1
42.709 2 8 1
43.288 3 8 1
43.569 2 8 1
43.849 3 8 1
44.411 2 8 1
44.674 1 8 1
44.674 2 8 1
44.929 2 8 1
44.929 1 8 1
45.396 2 8 1
45.396 1 8 1
45.489 3 8 1
45.489 4 8 1
45.77 3 8 1
45.77 4 8 1
46.05 3 8 1
46.05 4 8 1
46.33 1 8 1
46.517 3 8 1
46.517 4 8 1
46.611 2 8 1
46.611 1 8 1
46.798 1 8 1
46.798 2 8 1
46.891 3 8 1
46.891 4 8 1
47.171 1 8 1
47.171 2 8 1
47.452 1 8 1
47.452 2 8 1
47.639 1 8 1
47.639 2 8 1
47.732 3 8 1
47.732 4 8 1
48.013 3 8 1
48.013 4 8 1
48.199 1 8 1
48.199 2 8 1
48.293 3 8 1
48.293 4 8 1
48.573 1 8 1
48.573 2 8 1
48.76 1 8 1
48.76 2 8 1
48.854 3 8 1
48.854 4 8 1
49.041 3 8 1
49.041 4 8 1
49.134 1 8 1
49.134 2 8 1
49.414 2 8 1
49.414 1 8 1
49.695 1 8 1
49.695 2 8 1
49.882 1 8 1
49.882 2 8 1
49.975 3 8 1
49.975 4 8 1
50.255 3 8 1
50.255 4 8 1
50.442 3 8 1
50.442 4 8 1
50.536 1 8 1
50.536 2 8 1
50.816 3 8 1
50.816 4 8 1
51.003 1 8 1
51.003 2 8 1
51.097 3 8 1
51.097 4 8 1
51.377 1 8 1
51.377 2 8 1
51.564 3 8 1
51.564 4 8 1
51.657 1 8 1
51.657 2 8 1
51.844 1 8 1
51.844 2 8 1
51.938 3 8 1
51.938 4 8 1
52.125 1 8 1
52.125 2 8 1
52.218 3 8 1
52.218 4 8 1
52.405 1 8 1
52.405 2 8 1
52.498 3 8 1
52.498 4 8 1
52.685 1 8 1
52.685 2 8 1
52.779 3 8 1
52.779 4 8 1
52.966 4 8 1
52.966 3 8 1
53.059 1 8 1
53.059 2 8 1
53.246 3 8 1
53.246 4 8 1
53.339 1 8 1
53.339 2 8 1
53.526 1 8 1
53.526 2 8 1
53.62 4 8 1
53.62 3 8 1
53.9 3 8 1
53.9 1 8 22.44
53.9 2 8 56.04
54.18 4 8 11.28
54.367 3 8 22.44
54.367 4 8 1
54.461 1 8 1
54.461 2 8 11.16
54.741 1 8 11.28
54.741 3 8 11.28
54.741 4 8 11.28
55.022 1 8 1
55.022 2 8 37.8
55.022 3 8 11.16
55.302 3 8 44.88
55.489 4 8 11.16
55.582 1 8 33.72
55.582 2 8 11.28
55.863 2 8 25.2
55.863 3 8 33.6
56.143 1 8 22.44
56.143 2 8 22.44
56.143 4 8 16.8
56.423 1 8 22.44
56.423 3 8 44.88
56.423 4 8 22.44
56.704 4 8 11.16
56.704 1 8 22.44
56.704 2 8 11.16
56.891 2 8 11.16
56.984 3 8 22.44
56.984 4 8 22.44
57.078 2 8 1
57.171 1 8 11.16
57.171 2 8 1
57.264 3 8 22.44
57.264 4 8 33.72
57.451 1 8 33.72
57.451 2 8 33.72
57.732 4 8 33.6
57.825 1 8 1
57.825 2 8 1
58.012 1 8 33.6
58.012 3 8 33.6
58.386 3 8 22.44
58.386 4 8 22.44
58.666 2 8 33.72
58.666 1 8 22.44
58.853 4 8 5.64
58.853 3 8 11.28
58.947 1 8 8.4
58.947 4 8 8.4
59.227 2 8 11.16
59.227 3 8 11.16
59.507 1 8 33.72
59.507 2 8 11.28
59.788 4 8 16.8
59.975 2 8 11.16
60.068 3 8 28.08
60.068 4 8 33.6
60.348 1 8 33.72
60.348 2 8 22.44
60.629 3 8 22.44
60.629 4 8 33.6
60.909 1 8 16.8
60.909 2 8 11.28
60.909 3 8 16.8
61.19 2 8 56.04
61.19 3 8 11.16
61.19 4 8 11.16
61.376 1 8 1
61.47 4 8 22.44
61.47 1 8 22.44
61.75 3 8 22.44
61.75 1 8 1
61.75 2 8 33.72
61.937 4 8 22.44
62.031 1 8 11.16
62.031 3 8 11.16
62.218 1 8 11.16
62.311 4 8 1
62.498 4 8 5.64
62.591 1 8 22.44
62.872 1 8 1
62.872 2 8 22.44
62.872 4 8 44.88
63.152 3 8 11.28
63.339 1 8 11.16
63.339 2 8 11.16
63.432 3 8 11.28
63.432 4 8 33.72
63.713 1 8 1
63.713 2 8 1
63.713 3 8 11.16
63.993 2 8 33.72
63.993 3 8 14.04
63.993 4 8 22.44
64.274 1 8 67.2
64.46 3 8 11.28
64.554 2 8 11.16
64.554 4 8 1
64.834 3 8 22.44
64.834 4 8 33.72
65.115 2 8 67.2
65.115 1 8 22.44
65.395 1 8 11.16
65.395 3 8 11.16
65.395 4 8 11.16
65.675 3 8 56.16
65.675 4 8 22.44
65.675 1 8 1
65.769 2 8 11.16
65.769 1 8 11.16
65.956 2 8 1
65.956 4 8 11.16
66.049 2 8 11.28
66.236 1 8 33.6
66.236 3 8 22.44
66.516 4 8 33.72
66.703 3 8 11.28
66.797 1 8 1
66.797 2 8 1
66.984 4 8 44.76
67.077 1 8 44.88
67.077 2 8 1
67.357 2 8 44.88
67.357 3 8 22.44
67.638 1 8 16.8
67.825 4 8 11.16
67.918 2 8 11.28
67.918 3 8 33.72
68.199 2 8 11.16
68.199 1 8 11.16
68.479 2 8 28.08
68.479 4 8 22.44
68.759 3 8 33.72
68.946 4 8 11.28
69.04 2 8 33.6
69.04 1 8 33.6
69.32 3 8 11.16
69.32 4 8 33.6
69.6 1 8 22.44
69.6 2 8 5.64
69.6 3 8 22.44
69.881 1 8 11.16
69.881 2 8 11.16
69.881 4 8 33.6
70.161 1 8 33.6
70.161 3 8 11.28
70.348 2 8 5.64
70.441 3 8 67.32
70.441 4 8 33.72
70.628 2 8 67.32
70.722 1 8 11.16
71.002 4 8 22.44
71.189 1 8 16.8
71.189 3 8 11.28
71.469 4 8 8.52
71.469 3 8 1
71.54 2 8 5.52
71.843 2 8 33.72
71.843 3 8 22.44
71.843 4 8 1
72.124 1 8 11.16
72.124 3 8 22.44
72.311 1 8 11.16
72.311 2 8 22.32
72.404 3 8 11.16
72.404 4 8 1
72.684 4 8 11.28
72.684 1 8 11.28
72.965 2 8 1
72.965 3 8 56.04
72.965 4 8 44.88
73.245 2 8 11.28
73.432 2 8 11.16
73.432 1 8 11.16
73.525 3 8 33.72
73.525 4 8 11.28
73.806 1 8 33.6
73.806 2 8 56.04
74.086 3 8 22.44
74.086 4 8 44.88
74.367 1 8 22.32
74.367 2 8 33.6
74.367 3 8 22.32
74.647 1 8 11.16
74.647 4 8 22.44
74.647 3 8 22.44
74.834 1 8 22.44
74.834 2 8 44.88
74.927 3 8 16.8
74.927 4 8 1
75.114 1 8 33.72
75.208 3 8 33.6
75.208 4 8 22.44
75.488 1 8 33.6
75.488 2 8 11.16
75.675 2 8 1
75.768 2 8 1
75.768 3 8 1
75.768 4 8 1
75.955 4 8 33.72
75.955 2 8 33.72
76.329 3 8 33.6
76.329 1 8 22.44
76.329 2 8 1
76.609 4 8 22.44
76.796 2 8 22.44
76.796 1 8 22.44
76.89 4 8 1
76.89 3 8 1
77.17 2 8 1
77.17 1 8 22.44
77.17 3 8 11.28
77.451 2 8 33.6
77.451 4 8 11.16
77.731 3 8 22.44
77.918 1 8 11.16
78.011 3 8 1
78.011 2 8 33.72
78.011 4 8 11.28
78.292 1 8 33.6
78.292 3 8 33.6
78.572 2 8 33.6
78.572 4 8 22.44
78.852 1 8 33.72
78.852 4 8 1
79.133 2 8 11.16
79.133 3 8 33.6
79.133 4 8 22.44
79.32 2 8 11.16
79.413 1 8 22.44
79.413 4 8 22.44
79.6 2 8 11.16
79.693 1 8 22.44
79.693 3 8 33.72
79.88 4 8 11.28
79.974 1 8 16.8
80.161 3 8 33.6
80.161 4 8 1
80.254 1 8 1
80.254 2 8 1
80.254 4 8 28.08
80.441 1 8 11.16
80.441 2 8 33.6
80.534 3 8 33.72
80.815 1 8 22.44
80.815 2 8 22.44
80.815 4 8 39.24
81.095 1 8 11.28
81.095 3 8 22.44
81.282 1 8 11.28
81.282 2 8 11.28
81.376 3 8 22.32
81.376 4 8 11.16
81.656 1 8 1
81.656 2 8 11.16
81.936 2 8 33.72
81.936 3 8 33.72
81.936 4 8 11.28
82.217 1 8 44.76
82.404 3 8 22.32
82.497 2 8 33.6
82.497 4 8 1
82.777 3 8 33.72
82.777 4 8 56.16
83.058 1 8 22.44
83.058 2 8 22.44
83.338 1 8 22.44
83.338 3 8 22.44
83.338 4 8 22.44
83.525 2 8 1
83.618 3 8 22.44
83.618 1 8 33.72
83.618 4 8 22.44
83.805 2 8 1
83.899 3 8 44.88
83.899 4 8 11.16
84.086 2 8 22.44
84.179 1 8 33.72
84.179 4 8 22.44
84.366 3 8 44.88
84.46 4 8 11.16
84.646 2 8 11.28
84.646 4 8 11.28
84.74 1 8 61.68
84.927 4 8 33.6
84.927 3 8 11.16
85.02 2 8 22.44
85.301 2 8 11.16
85.301 3 8 56.04
85.301 4 8 33.6
85.581 1 8 11.16
85.768 1 8 22.44
85.768 2 8 11.16
85.861 3 8 16.92
85.861 4 8 1
86.142 1 8 1
86.142 2 8 22.44
86.142 4 8 22.44
86.422 2 8 11.28
86.422 3 8 56.04
86.422 4 8 11.28
86.702 1 8 1
86.889 1 8 11.28
86.889 2 8 22.44
86.983 3 8 11.16
86.983 4 8 33.6
87.263 2 8 33.72
87.263 3 8 44.88
87.544 1 8 50.4
87.544 4 8 56.04
87.824 2 8 22.44
87.824 3 8 28.08
88.104 1 8 22.44
88.104 4 8 22.44
88.104 2 8 16.8
88.291 3 8 33.72
88.385 2 8 22.44
88.385 4 8 22.44
88.572 1 8 22.32
88.665 2 8 33.6
88.665 4 8 22.44
88.852 3 8 11.16
88.945 1 8 28.08
89.132 3 8 11.28
89.132 4 8 11.28
89.413 3 8 11.16
89.413 4 8 33.6
89.786 4 8 1
89.786 1 8 44.88
89.786 3 8 56.16
90.16 4 8 11.28
90.254 2 8 11.16
90.347 1 8 11.28
90.347 3 8 33.72
90.628 2 8 22.32
90.628 4 8 78.48
90.908 1 8 5.64
90.908 2 8 33.6
91.188 1 8 22.44
91.375 4 8 11.28
91.469 3 8 44.76
91.469 2 8 33.6
91.749 1 8 71.52
92.029 2 8 82.8
92.029 4 8 44.88
92.298 3 8 1
92.403 3 8 11.28
92.497 4 8 11.16
92.59 3 8 1
92.87 2 8 1
92.87 4 8 33.72
93.151 1 8 16.8
93.151 2 8 56.04
93.431 4 8 1
93.618 3 8 33.6
93.711 4 8 33.72
93.711 2 8 1
93.992 1 8 33.6
93.992 2 8 22.44
94.272 3 8 50.52
94.272 2 8 33.72
94.553 1 8 1
94.739 1 8 11.28
94.833 3 8 1
94.833 2 8 100.92
95.113 1 8 33.72
95.113 3 8 1
95.394 4 8 56.04
95.394 3 8 22.44
95.674 3 8 44.88
95.861 1 8 11.16
95.954 2 8 33.72
95.954 4 8 11.28
96.235 1 8 33.6
96.235 4 8 145.8
96.515 2 8 16.8
96.515 3 8 56.04
96.795 1 8 1
96.982 2 8 39.24
97.076 1 8 1
97.356 1 8 33.72
97.356 3 8 33.72
97.637 2 8 56.04
97.637 4 8 11.16
97.823 3 8 11.28
97.917 4 8 11.16
98.104 3 8 11.16
98.104 1 8 11.16
98.197 2 8 33.72
98.197 4 8 1
98.478 3 8 22.44
98.478 4 8 22.44
98.758 4 8 22.44
98.758 1 8 67.32
99.038 3 8 22.44
99.225 2 8 44.88
99.319 4 8 33.6
99.599 1 8 100.92
99.599 3 8 33.6
99.879 2 8 101.04
99.879 4 8 1
100.16 3 8 1
100.347 3 8 22.44
100.44 4 8 33.72
100.721 1 8 11.16
100.721 3 8 33.6
101.001 4 8 22.44
101.001 2 8 93.48
101.281 3 8 22.44
101.468 4 8 11.28
101.562 3 8 11.16
101.842 2 8 1
101.842 3 8 33.6
101.842 4 8 33.6
102.122 1 8 33.72
102.122 2 8 1
102.403 2 8 89.64
102.403 3 8 22.44
102.59 4 8 1
102.683 1 8 22.44
102.683 3 8 33.6
102.963 4 8 22.44
103.244 1 8 89.64
103.244 2 8 61.68
103.524 3 8 11.28
103.711 4 8 44.88
103.805 3 8 1
104.085 3 8 33.6
104.085 2 8 22.44
104.365 1 8 33.72
104.365 4 8 100.92
104.646 3 8 22.44
104.646 2 8 1
104.833 2 8 11.16
104.926 1 8 33.6
105.206 2 8 11.28
105.206 3 8 269.16
105.487 1 8 246.72
105.767 2 8 11.28
105.954 4 8 67.32
106.047 2 8 1
106.234 2 8 1
106.328 2 8 1
106.608 4 8 33.72
106.795 2 8 1
106.889 2 8 1
107.075 4 8 11.28
107.169 2 8 1
107.449 2 8 1
107.449 4 8 22.44
107.73 2 8 18.6
107.73 1 8 1
107.73 4 8 1
108.01 4 8 1
108.01 1 8 11.16
108.197 4 8 11.16
108.29 3 8 11.28
108.29 2 8 16.8
108.571 1 8 22.44
108.571 3 8 5.52
108.571 4 8 11.16
108.758 3 8 11.16
108.851 1 8 1
108.851 2 8 22.44
108.851 4 8 1
109.038 3 8 11.16
109.131 4 8 5.64
109.131 2 8 11.28
109.318 3 8 11.28
109.412 2 8 27.96
109.412 4 8 1
109.692 1 8 11.28
109.692 3 8 11.28
109.692 4 8 1
109.972 4 8 11.28
109.972 1 8 7.08
109.972 2 8 18.72
110.253 4 8 22.44
110.253 2 8 8.4
110.44 2 8 22.44
110.44 3 8 5.52
110.533 1 8 11.28
110.533 4 8 1
110.72 2 8 1
110.72 3 8 11.28
110.814 1 8 11.16
110.814 4 8 22.32
111 2 8 11.28
111 3 8 11.28
111.094 1 8 22.44
111.094 4 8 1
111.374 2 8 22.44
111.374 1 8 7.56
111.561 3 8 11.28
111.561 4 8 11.28
111.655 1 8 33.6
111.842 3 8 11.16
111.935 4 8 1
111.935 2 8 1
112.122 3 8 11.16
112.215 1 8 11.28
112.215 2 8 11.28
112.496 3 8 7.44
112.496 4 8 11.16
112.683 3 8 11.16
112.776 1 8 33.6
112.776 2 8 5.64
113.056 3 8 1
113.056 4 8 22.44
113.243 3 8 11.28
113.337 1 8 22.44
113.337 2 8 1
113.524 3 8 11.16
113.617 2 8 1
113.617 4 8 33.72
113.804 1 8 28.08
113.898 2 8 1
113.898 3 8 1
114.178 4 8 15
114.178 3 8 15
114.458 1 8 11.28
114.458 4 8 11.28
114.739 1 8 11.16
114.739 4 8 22.44
114.926 3 8 11.16
115.019 1 8 22.44
115.019 4 8 1
115.206 2 8 5.64
115.299 1 8 5.64
115.299 4 8 22.44
115.424 2 8 1
115.486 3 8 11.28
115.58 4 8 8.4
115.58 1 8 14.04
115.767 3 8 11.16
115.86 2 8 1
115.86 4 8 22.44
116.047 2 8 11.16
116.047 1 8 11.16
116.14 3 8 22.44
116.327 2 8 33.72
116.327 1 8 8.4
116.608 4 8 11.16
116.701 1 8 22.44
116.701 3 8 11.28
116.888 2 8 6.96
116.982 3 8 11.16
116.982 4 8 5.52
117.168 1 8 11.28
117.168 2 8 1
117.262 3 8 22.44
117.262 4 8 16.8
117.449 2 8 11.16
117.542 1 8 33.72
117.542 3 8 7.56
117.729 4 8 11.28
117.823 3 8 22.44
117.823 2 8 5.52
118.01 1 8 11.16
118.103 3 8 1
118.103 4 8 1
118.29 4 8 11.16
118.383 3 8 8.4
118.383 1 8 18.72
118.664 4 8 11.16
118.664 1 8 11.16
118.851 3 8 11.16
118.944 2 8 1
118.944 1 8 28.08
118.944 4 8 11.28
119.248 4 8 1
119.248 2 8 19.56
119.411 3 8 11.28
119.505 1 8 1
119.505 2 8 1
119.505 4 8 22.44
119.692 2 8 11.16
119.785 1 8 11.28
119.785 3 8 22.44
119.972 2 8 11.28
120.066 1 8 22.32
120.066 4 8 11.16
120.066 3 8 1
120.252 3 8 11.28
120.346 2 8 56.04
120.346 4 8 7.44
120.533 1 8 11.16
120.626 4 8 1
120.626 3 8 1
120.813 1 8 11.28
120.907 2 8 1
120.907 3 8 42
121.187 2 8 8.4
121.187 1 8 1
121.467 1 8 33.72
121.467 2 8 1
121.467 3 8 7.56
121.654 4 8 11.28
121.748 3 8 22.44
121.748 2 8 1
121.935 4 8 11.16
122.028 3 8 1
122.028 2 8 5.64
122.028 1 8 22.44
122.215 2 8 11.16
122.308 1 8 1
122.308 3 8 22.44
122.308 4 8 5.64
122.495 2 8 11.28
122.589 1 8 8.4
122.589 3 8 5.52
122.776 2 8 11.16
122.869 1 8 33.6
122.869 4 8 1
122.869 3 8 8.4
123.149 3 8 1
123.149 4 8 33.72
123.43 2 8 14.04
123.43 1 8 21
123.71 1 8 22.44
123.71 3 8 22.44
123.71 4 8 11.28
123.897 2 8 11.28
123.991 1 8 1
123.991 4 8 11.16
123.991 3 8 22.32
124.177 2 8 11.28
124.271 1 8 7.44
124.271 3 8 23.88
124.271 4 8 1
124.481 2 8 1
124.551 1 8 1
124.551 3 8 16.8
124.551 4 8 7.08
124.832 2 8 5.52
125.019 2 8 1
125.112 4 8 1
125.112 1 8 1
125.276 4 8 1
125.392 2 8 33.72
125.673 1 8 22.44
125.673 3 8 1
125.673 4 8 1
125.86 4 8 1
125.953 2 8 11.28
125.953 1 8 1
126.14 3 8 11.16
126.233 1 8 11.28
126.233 2 8 1
126.233 4 8 11.28
126.42 3 8 1
126.514 2 8 11.16
126.514 4 8 11.16
126.701 1 8 11.16
126.701 2 8 11.16
126.794 4 8 1
126.794 3 8 1
126.981 2 8 11.28
127.075 3 8 11.16
127.075 4 8 1
127.261 1 8 11.28
127.261 4 8 11.28
127.355 2 8 11.16
127.355 3 8 1
127.542 3 8 11.16
127.635 2 8 1
127.635 4 8 11.28
127.635 1 8 11.28
127.869 4 8 5.64
127.916 1 8 1
127.916 2 8 33.6
128.196 1 8 15
128.196 4 8 1
128.383 4 8 11.16
128.476 1 8 12.6
128.476 2 8 22.44
128.476 3 8 1
128.663 3 8 11.28
128.757 2 8 1
128.757 1 8 16.8
128.757 4 8 22.44
128.944 2 8 11.16
129.037 1 8 1
129.037 3 8 11.28
129.037 4 8 11.28
129.224 3 8 11.16
129.317 1 8 11.28
129.317 4 8 11.28
129.504 2 8 33.72
129.504 1 8 11.28
129.598 4 8 1
129.878 2 8 11.28
129.878 3 8 33.72
130.159 1 8 11.16
130.159 2 8 11.16
130.439 2 8 11.16
130.439 3 8 11.16
130.626 1 8 22.44
130.719 3 8 11.28
130.719 4 8 11.28
131 1 8 11.16
131 3 8 11.16
131.187 2 8 11.16
131.28 1 8 22.44
131.28 4 8 1
131.467 3 8 11.16
131.56 4 8 1
131.56 1 8 1
131.56 2 8 22.44
131.747 3 8 11.28
131.841 2 8 1
131.841 1 8 9.72
131.841 4 8 1
132.121 1 8 33.6
132.121 2 8 15
132.121 4 8 1
132.401 2 8 11.28
132.401 3 8 11.28
132.401 4 8 1
132.682 4 8 16.8
132.682 2 8 11.16
132.869 3 8 11.16
132.962 1 8 22.44
132.962 2 8 1
132.962 4 8 1
133.149 2 8 1
133.243 2 8 22.32
133.243 4 8 1
133.243 3 8 7.44
133.429 1 8 11.28
133.523 4 8 16.8
133.523 3 8 11.16
133.71 2 8 11.16
133.803 1 8 33.72
133.803 4 8 7.56
133.99 2 8 11.28
133.99 3 8 5.64
134.084 4 8 22.32
134.27 1 8 11.28
134.27 2 8 11.28
134.364 3 8 1
134.644 3 8 5.64
134.644 4 8 8.4
134.644 1 8 5.64
134.925 2 8 1
134.925 3 8 1
135.112 1 8 11.16
135.205 2 8 11.16
135.205 4 8 1
135.205 3 8 11.16
135.392 4 8 1
135.485 3 8 1
135.485 1 8 7.56
135.485 2 8 7.56
135.672 3 8 11.28
135.766 2 8 1
135.766 1 8 16.8
135.766 4 8 1
135.953 3 8 11.16
136.046 1 8 15
136.046 2 8 15
136.233 4 8 1
136.326 3 8 1
136.326 1 8 8.52
136.326 2 8 1
136.513 1 8 1
136.513 2 8 11.28
136.607 3 8 7.44
136.607 1 8 1
136.607 4 8 11.16
136.794 2 8 1
136.887 1 8 1
136.887 3 8 16.8
136.887 4 8 1
137.168 1 8 11.16
137.168 4 8 11.16
137.168 3 8 1
137.308 2 8 16.8
137.448 3 8 14.04
137.448 1 8 1
137.448 4 8 8.4
137.728 1 8 1
137.728 3 8 16.8
137.728 4 8 16.8
138.009 1 8 11.16
138.009 2 8 1
138.009 4 8 1
138.009 3 8 11.16
138.196 3 8 11.16
138.289 2 8 16.8
138.289 1 8 16.8
138.476 4 8 11.16
138.569 1 8 1
138.569 3 8 16.92
138.85 2 8 26.64
138.85 3 8 7.44
139.13 1 8 15.48
139.13 4 8 1
139.41 3 8 11.28
139.41 4 8 11.28
139.597 2 8 22.44
139.597 1 8 11.28
139.691 3 8 11.16
139.691 4 8 1
139.831 2 8 16.8
139.971 3 8 22.44
139.971 4 8 1
140.158 1 8 11.28
140.252 2 8 16.8
140.252 3 8 1
140.438 4 8 11.28
140.532 2 8 1
140.532 1 8 22.44
140.719 3 8 11.16
140.812 1 8 1
140.812 4 8 1
140.812 2 8 1
140.999 3 8 1
141.093 1 8 1
141.093 4 8 11.16
141.093 2 8 25.2
141.303 4 8 1
141.373 3 8 11.16
141.373 1 8 33.6
141.56 2 8 1
141.653 3 8 22.44
141.653 4 8 11.28
141.84 2 8 11.28
141.934 1 8 22.44
141.934 4 8 33.6
142.121 3 8 11.16
142.214 1 8 22.44
142.214 2 8 7.44
142.401 4 8 11.16
142.494 1 8 39.36
142.494 3 8 1
142.494 2 8 11.28
142.681 2 8 9.84
142.712 3 8 1
142.775 4 8 22.44
142.962 1 8 33.6
142.962 2 8 11.16
143.055 3 8 22.44
143.055 4 8 56.04
143.336 1 8 72.84
143.336 2 8 1
143.336 3 8 22.32
143.616 2 8 56.04
143.616 3 8 11.16
143.616 4 8 11.16
143.896 4 8 11.28
143.896 3 8 11.28
144.083 1 8 11.28
144.177 2 8 1
144.177 4 8 22.44
144.457 2 8 11.16
144.457 3 8 16.8
144.737 3 8 11.28
144.737 4 8 22.44
145.029 3 8 9.84
145.029 4 8 1
145.205 1 8 44.76
145.205 2 8 11.16
145.298 3 8 9.84
145.298 4 8 1
145.578 3 8 1
145.578 4 8 22.44
145.578 2 8 22.44
145.859 2 8 33.6
145.859 1 8 11.16
145.859 3 8 1
146.139 1 8 22.44
146.326 3 8 78.48
146.326 4 8 44.88
146.42 1 8 1
146.42 2 8 1
146.7 1 8 33.6
146.7 2 8 7.44
146.98 2 8 11.28
146.98 4 8 33.72
147.167 3 8 11.28
147.261 1 8 16.8
147.354 2 8 11.16
147.447 3 8 11.28
147.541 1 8 33.6
147.541 4 8 33.6
147.821 2 8 33.72
147.821 3 8 33.72
148.102 1 8 33.6
148.102 4 8 33.6
148.382 2 8 22.44
148.382 3 8 28.08
148.569 4 8 11.16
148.662 2 8 18.72
148.662 1 8 33.72
148.943 3 8 22.44
148.943 4 8 22.44
149.13 2 8 11.16
149.223 1 8 22.44
149.223 4 8 33.6
149.41 3 8 33.6
149.503 2 8 56.16
149.69 4 8 11.28
149.784 1 8 33.6
149.784 3 8 1
150.064 4 8 28.08
150.064 3 8 22.44
150.345 2 8 22.32
150.345 1 8 22.32
150.345 3 8 1
150.625 4 8 1
150.905 2 8 22.44
150.905 4 8 22.44
151.186 4 8 1
151.186 3 8 22.44
151.373 1 8 11.16
151.466 2 8 16.8
151.466 3 8 1
151.653 3 8 11.16
151.746 1 8 1
151.746 2 8 1
151.933 4 8 11.28
151.933 1 8 11.28
152.027 3 8 22.44
152.307 3 8 33.6
152.307 1 8 1
152.307 4 8 16.8
152.587 2 8 33.72
152.587 4 8 33.72
152.868 1 8 100.92
152.868 3 8 11.16
153.055 4 8 11.16
153.055 3 8 11.16
153.148 2 8 22.44
153.429 2 8 14.88
153.429 3 8 1
153.709 3 8 33.6
153.709 4 8 22.44
153.896 1 8 1
153.989 4 8 22.44
153.989 1 8 1
154.176 3 8 11.28
154.27 2 8 33.6
154.27 4 8 1
154.27 1 8 1
154.55 1 8 25.2
154.55 4 8 33.6
154.83 3 8 67.32
154.83 1 8 67.32
154.83 2 8 1
155.111 2 8 1
155.111 4 8 16.8
155.391 4 8 33.6
155.391 2 8 89.76
155.671 1 8 33.72
155.671 3 8 1
155.952 4 8 1
155.952 3 8 33.6
156.139 4 8 44.88
156.232 2 8 22.44
156.419 3 8 11.28
156.513 2 8 1
156.513 1 8 33.6
156.793 2 8 1
156.793 3 8 22.44
156.793 4 8 22.44
157.073 2 8 33.72
157.073 3 8 22.44
157.354 3 8 22.44
157.354 4 8 11.16
157.541 2 8 11.16
157.634 3 8 22.44
157.634 4 8 22.44
157.914 1 8 33.72
157.914 2 8 22.44
158.195 2 8 1
158.195 4 8 22.44
158.382 3 8 11.16
158.475 2 8 33.6
158.475 1 8 11.28
158.662 3 8 11.16
158.755 1 8 33.72
158.755 4 8 1
159.036 2 8 33.6
159.036 4 8 22.44
159.223 1 8 11.16
159.316 3 8 1
159.316 4 8 493.44
