0.228 1 8 1
0.228 4 8 1
0.428 2 8 1
0.628 3 8 1
0.828 4 8 1
1.028 1 8 1
1.228 3 8 1
1.428 4 8 1
1.628 2 8 1
1.828 3 8 1
2.028 2 8 1
2.228 1 8 1
2.428 2 8 1
2.628 3 8 1
2.828 4 8 1
3.028 3 8 1
3.228 2 8 1
3.428 1 8 1
3.428 3 8 1
3.428 4 8 1
3.628 2 8 1
3.828 3 8 1
4.028 1 8 1
4.228 2 8 1
4.428 3 8 1
4.628 2 8 1
4.828 4 8 1
5.028 1 8 1
5.028 3 8 1
5.228 2 8 1
5.428 4 8 1
5.628 3 8 1
5.828 1 8 1
5.828 2 8 1
6.028 1 8 1
6.228 3 8 1
6.428 1 8 1
6.628 2 8 1
6.628 4 8 1
6.828 3 8 1
7.028 2 8 1
7.228 1 8 1
7.428 2 8 1
7.628 3 8 1
7.828 2 8 1
7.828 4 8 1
8.028 3 8 1
8.228 1 8 1
8.228 4 8 1
8.428 1 8 1
8.628 1 8 1
8.628 4 8 1
8.828 3 8 1
9.028 1 8 1
9.028 4 8 1
9.228 3 8 1
9.428 1 8 1
9.628 2 8 1
9.828 1 8 1
9.828 4 8 1
12.761 4 8 1
12.828 2 8 1
12.878 1 8 1
12.928 4 8 1
12.978 3 8 1
13.028 2 8 1
13.028 1 8 1
13.228 1 8 1
13.428 3 8 1
13.628 3 8 1
13.628 4 8 1
13.828 2 8 1
13.828 1 8 1
13.828 3 8 1
14.028 1 8 1
14.228 1 8 1
14.228 3 8 1
14.228 4 8 1
14.428 2 8 1
14.428 4 8 1
14.628 2 8 1
14.828 1 8 1
15.028 3 8 1
15.228 2 8 1
15.428 1 8 1
15.428 2 8 1
15.428 4 8 1
15.628 4 8 1
15.828 2 8 1
16.028 2 8 1
16.228 1 8 1
16.228 3 8 1
16.228 4 8 1
16.428 4 8 1
16.628 3 8 1
16.828 4 8 1
17.028 1 8 1
17.028 3 8 1
17.028 4 8 1
17.228 4 8 1
17.428 1 8 1
17.428 2 8 1
17.428 4 8 1
17.628 1 8 1
17.828 1 8 1
18.028 4 8 1
18.228 1 8 1
18.228 4 8 1
18.428 2 8 1
18.628 1 8 1
18.628 2 8 1
18.628 3 8 1
18.628 4 8 1
18.828 1 8 1
19.028 3 8 1
19.028 4 8 1
19.228 2 8 1
19.428 1 8 1
19.428 2 8 1
19.428 4 8 1
19.628 3 8 1
19.828 4 8 1
20.028 4 8 1
20.228 2 8 1
20.228 1 8 1
20.228 4 8 1
20.428 1 8 1
20.628 1 8 1
20.628 2 8 1
20.628 3 8 1
20.828 3 8 1
20.828 4 8 1
21.028 4 8 1
21.228 4 8 1
21.428 1 8 1
21.628 3 8 1
21.828 1 8 1
21.828 3 8 1
21.828 4 8 1
22.028 1 8 1
22.228 1 8 1
22.428 4 8 1
22.628 1 8 1
22.628 2 8 1
22.628 4 8 1
22.828 3 8 1
22.828 2 8 1
23.028 4 8 1
23.078 2 8 1
23.128 4 8 1
23.178 1 8 1
23.228 2 8 1
23.278 4 8 1
23.328 1 8 1
23.378 4 8 1
23.428 1 8 1
23.428 2 8 1
23.628 3 8 1
23.828 1 8 1
23.828 2 8 1
23.828 4 8 1
24.028 3 8 1
24.028 4 8 1
24.228 2 8 1
24.428 1 8 1
24.428 2 8 1
24.428 3 8 1
24.628 1 8 1
24.628 3 8 1
24.628 4 8 1
24.828 2 8 1
25.028 2 8 1
25.028 1 8 1
25.028 3 8 1
25.028 4 8 1
25.228 1 8 1
25.428 3 8 1
25.428 4 8 1
25.628 1 8 1
25.828 1 8 1
25.828 2 8 1
25.828 4 8 1
26.028 4 8 1
26.228 2 8 1
26.278 4 8 1
26.328 2 8 1
26.378 3 8 1
26.428 4 8 1
26.478 1 8 1
26.528 3 8 1
26.578 2 8 1
26.628 4 8 1
26.628 2 8 1
26.628 1 8 1
26.828 3 8 1
26.828 4 8 1
27.028 2 8 1
27.028 4 8 1
27.028 1 8 1
27.228 1 8 1
27.228 3 8 1
27.228 4 8 1
27.428 1 8 1
27.628 1 8 1
27.828 1 8 1
28.028 1 8 1
28.228 2 8 1
28.228 3 8 1
28.228 4 8 1
28.428 4 8 1
28.628 4 8 1
28.828 2 8 1
29.028 1 8 1
29.028 3 8 1
29.228 3 8 1
29.294 2 8 1
29.361 4 8 1
29.428 2 8 1
29.494 4 8 1
29.561 3 8 1
29.628 1 8 1
29.628 2 8 1
29.678 3 8 1
29.728 4 8 1
29.828 1 8 1
29.828 2 8 1
29.828 3 8 1
30.028 1 8 1
30.028 2 8 1
30.228 1 8 1
30.228 2 8 1
30.228 4 8 1
30.428 4 8 1
30.628 2 8 1
30.628 3 8 1
30.828 1 8 1
31.028 4 8 1
31.028 2 8 1
31.028 3 8 1
31.228 3 8 1
31.428 1 8 1
31.428 3 8 1
31.428 4 8 1
31.628 1 8 1
31.828 1 8 1
31.828 3 8 1
32.028 1 8 1
32.228 1 8 1
32.228 2 8 1
32.228 4 8 1
32.428 4 8 1
32.628 4 8 1
32.678 2 8 1
32.728 3 8 1
32.778 2 8 1
32.828 4 8 1
32.878 1 8 1
32.928 2 8 1
32.978 3 8 1
33.028 2 8 1
33.028 4 8 1
33.028 1 8 1
33.228 1 8 1
33.228 2 8 1
33.428 2 8 1
33.428 4 8 1
33.428 3 8 1
33.628 1 8 1
33.628 2 8 1
33.628 3 8 1
33.828 2 8 1
33.828 4 8 1
34.028 3 8 1
34.228 3 8 1
34.228 4 8 1
34.428 2 8 1
34.628 1 8 1
34.628 4 8 1
34.628 3 8 1
34.828 1 8 1
35.028 4 8 1
35.228 3 8 1
35.228 4 8 1
35.428 2 8 1
35.428 4 8 1
35.628 4 8 1
35.661 2 8 1
35.678 1 8 1
35.694 3 8 1
35.728 4 8 1
35.778 2 8 1
35.828 4 8 1
35.878 1 8 1
35.928 3 8 1
35.978 4 8 1
36.028 1 8 1
36.028 2 8 1
36.078 3 8 1
36.128 1 8 1
36.178 3 8 1
36.228 1 8 1
36.228 2 8 1
36.228 4 8 1
36.428 3 8 1
36.428 4 8 1
36.628 4 8 1
36.628 2 8 1
36.628 3 8 1
36.828 1 8 1
36.828 2 8 1
37.028 3 8 1
37.228 2 8 1
37.228 3 8 1
37.228 4 8 1
37.428 4 8 1
37.428 2 8 1
37.428 3 8 1
37.628 3 8 1
37.828 2 8 1
37.828 1 8 1
37.828 3 8 1
37.828 4 8 1
38.028 2 8 1
38.228 1 8 1
38.228 2 8 36
38.228 4 8 1
38.428 4 8 12
38.628 1 8 1
38.628 3 8 1
38.628 4 8 1
38.828 1 8 1
39.028 3 8 1
39.228 2 8 1
39.428 1 8 1
39.628 4 8 1
39.828 3 8 1
40.028 2 8 1
40.228 1 8 1
40.428 3 8 1
40.628 2 8 1
40.828 4 8 1
41.028 3 8 1
41.228 2 8 1
41.428 4 8 1
41.628 1 8 1
41.828 2 8 1
42.028 4 8 1
42.228 3 8 1
42.428 2 8 1
42.628 1 8 1
42.828 3 8 1
43.028 2 8 1
43.228 4 8 1
43.428 3 8 1
43.628 2 8 1
43.828 4 8 1
44.028 3 8 1
44.228 2 8 1
44.428 1 8 1
44.628 3 8 1
44.828 4 8 1
45.028 3 8 1
45.228 1 8 1
45.428 2 8 1
45.628 4 8 1
45.828 2 8 1
46.028 3 8 1
46.228 4 8 1
46.428 1 8 1
46.628 2 8 1
46.828 2 8 1
47.028 3 8 1
47.228 4 8 1
47.428 3 8 1
47.628 2 8 1
47.828 1 8 1
48.028 3 8 1
48.228 1 8 1
48.228 2 8 1
48.428 3 8 1
48.628 4 8 1
48.828 2 8 1
49.028 3 8 1
49.228 4 8 1
49.428 2 8 1
49.628 3 8 1
49.828 1 8 1
49.828 4 8 1
50.028 2 8 1
50.228 4 8 1
50.428 3 8 1
50.628 1 8 1
50.828 3 8 1
50.828 4 8 1
51.028 2 8 1
51.028 4 8 1
51.228 3 8 1
51.428 1 8 1
51.428 2 8 24
51.428 4 8 1
51.528 3 8 1
51.628 1 8 1
51.828 2 8 48
51.828 1 8 1
52.028 1 8 1
52.028 4 8 1
52.128 3 8 1
52.228 4 8 24
52.428 3 8 1
52.628 1 8 1
52.628 2 8 72
52.628 4 8 1
52.828 3 8 1
53.028 1 8 1
53.028 4 8 1
53.128 3 8 1
53.228 1 8 1
53.228 4 8 1
53.428 2 8 1
53.428 4 8 1
53.628 3 8 1
53.828 3 8 1
53.828 4 8 1
54.028 2 8 1
54.228 1 8 1
54.228 3 8 1
54.228 4 8 1
54.428 2 8 1
54.428 4 8 1
54.478 1 8 1
54.494 3 8 1
54.578 4 8 1
54.628 2 8 1
54.628 1 8 1
54.828 2 8 1
54.828 3 8 1
55.028 2 8 1
55.028 3 8 1
55.128 1 8 1
55.228 2 8 1
55.228 4 8 1
55.328 3 8 1
55.428 1 8 1
55.428 4 8 1
55.628 1 8 1
55.628 3 8 1
55.828 1 8 1
55.828 3 8 1
55.828 4 8 1
56.028 2 8 1
56.128 4 8 1
56.228 1 8 1
56.228 2 8 1
56.328 3 8 1
56.428 1 8 1
56.428 2 8 1
56.428 4 8 1
56.628 2 8 1
56.628 3 8 1
56.628 4 8 1
56.828 1 8 1
56.828 3 8 1
57.028 1 8 1
57.028 2 8 1
57.028 3 8 1
57.228 4 8 1
57.428 2 8 1
57.428 3 8 1
57.628 1 8 1
57.628 4 8 1
57.678 2 8 1
57.728 3 8 1
57.778 1 8 1
57.828 3 8 1
57.828 4 8 1
58.028 4 8 1
58.228 1 8 1
58.228 3 8 1
58.228 4 8 1
58.428 2 8 1
58.428 4 8 1
58.628 1 8 1
58.628 3 8 1
58.628 4 8 1
58.828 2 8 1
58.828 3 8 1
59.028 1 8 1
59.028 3 8 1
59.028 4 8 1
59.228 1 8 1
59.228 3 8 1
59.428 1 8 1
59.428 3 8 1
59.428 4 8 1
59.628 2 8 1
59.628 1 8 1
59.828 2 8 1
59.828 3 8 1
60.028 4 8 1
60.228 1 8 1
60.228 2 8 1
60.228 4 8 1
60.428 2 8 1
60.428 3 8 1
60.628 1 8 1
60.628 4 8 1
60.828 1 8 1
60.828 2 8 1
60.878 4 8 1
60.928 1 8 1
60.978 2 8 1
61.028 3 8 1
61.028 4 8 1
61.128 2 8 1
61.228 3 8 1
61.228 4 8 1
61.328 1 8 1
61.428 3 8 1
61.428 4 8 1
61.528 2 8 1
61.628 1 8 1
61.628 4 8 1
61.728 3 8 1
61.828 1 8 1
61.828 2 8 1
61.928 4 8 1
62.028 1 8 1
62.028 2 8 1
62.128 3 8 1
62.228 1 8 1
62.228 2 8 1
62.228 4 8 1
62.328 3 8 1
62.428 3 8 1
62.528 2 8 1
62.628 1 8 1
64.228 2 8 1
64.228 4 8 1
64.228 1 8 1
64.228 3 8 1
64.328 2 8 1
64.428 4 8 1
64.628 2 8 1
64.628 1 8 1
64.728 3 8 1
64.828 1 8 1
64.895 3 8 1
64.961 2 8 1
65.028 4 8 1
65.028 1 8 1
65.028 3 8 1
65.078 2 8 1
65.161 1 8 1
65.228 4 8 1
65.278 3 8 1
65.315 2 8 1
65.378 1 8 1
65.428 3 8 1
65.428 4 8 1
65.628 1 8 1
65.628 4 8 1
65.628 2 8 1
65.828 4 8 1
66.028 4 8 1
66.228 4 8 1
66.428 4 8 1
66.628 1 8 1
66.628 3 8 1
66.628 4 8 1
66.828 1 8 1
66.828 2 8 1
66.828 3 8 24
67.028 2 8 24
67.028 4 8 1
67.228 1 8 24
67.228 3 8 1
67.428 2 8 1
67.428 3 8 24
67.428 4 8 1
67.628 2 8 1
67.628 4 8 24
67.828 1 8 42
67.828 3 8 1
68.028 4 8 1
68.028 2 8 1
68.228 1 8 1
68.228 2 8 1
68.228 4 8 1
68.428 2 8 1
68.428 4 8 24
68.628 1 8 1
68.628 3 8 1
68.828 2 8 1
68.828 3 8 1
69.028 3 8 1
69.228 1 8 24
69.228 2 8 1
69.428 2 8 1
69.428 3 8 1
69.428 4 8 24
69.628 1 8 1
69.628 3 8 1
69.828 1 8 24
69.828 2 8 1
69.828 4 8 1
70.028 3 8 1
70.028 4 8 24
70.228 2 8 1
70.228 3 8 24
70.428 1 8 24
70.428 4 8 1
70.628 2 8 1
70.628 3 8 1
70.628 4 8 1
70.828 1 8 1
71.028 4 8 1
71.128 1 8 1
71.228 3 8 1
71.328 1 8 1
71.428 3 8 1
71.428 2 8 1
71.428 4 8 1
71.528 1 8 1
71.628 1 8 1
71.728 3 8 1
71.828 1 8 1
71.828 2 8 1
71.828 4 8 1
72.028 1 8 1
72.028 2 8 1
72.028 3 8 1
72.028 4 8 1
72.228 4 8 1
72.428 4 8 1
72.628 4 8 1
72.828 4 8 1
72.928 4 8 1
73.028 1 8 1
73.028 3 8 1
73.028 4 8 1
73.228 1 8 1
73.228 2 8 1
73.428 1 8 1
73.428 2 8 1
73.628 3 8 1
73.628 4 8 1
73.828 1 8 1
73.828 2 8 1
73.828 4 8 1
74.028 3 8 1
74.228 3 8 1
74.428 3 8 1
74.628 1 8 1
74.628 2 8 1
74.628 4 8 1
74.828 2 8 1
75.028 2 8 1
75.028 3 8 1
75.028 4 8 1
75.228 2 8 1
75.228 3 8 1
75.228 4 8 1
75.428 1 8 1
75.428 3 8 1
75.628 2 8 1
75.628 3 8 1
75.828 1 8 1
75.828 2 8 1
75.828 4 8 1
76.028 3 8 1
76.228 2 8 1
76.228 3 8 1
76.228 4 8 1
76.428 3 8 1
76.628 1 8 1
76.628 4 8 1
76.628 3 8 1
76.828 1 8 1
77.028 2 8 1
77.028 4 8 1
77.028 1 8 1
77.128 3 8 1
77.228 4 8 1
77.228 2 8 1
77.295 3 8 1
77.428 4 8 1
77.478 1 8 1
77.528 2 8 1
77.561 3 8 1
77.628 4 8 1
77.678 1 8 1
77.728 2 8 1
77.815 1 8 1
77.861 4 8 1
77.895 2 8 1
77.953 1 8 1
78.028 3 8 1
78.028 4 8 1
78.228 2 8 1
78.228 1 8 1
78.228 3 8 1
78.228 4 8 1
78.428 2 8 1
78.428 1 8 1
78.428 3 8 1
78.428 4 8 1
78.628 1 8 1
78.828 1 8 1
79.028 1 8 1
79.128 1 8 1
79.228 3 8 1
79.428 2 8 1
79.428 1 8 1
79.428 4 8 1
79.628 4 8 1
79.628 3 8 24
79.828 2 8 1
79.828 4 8 24
80.028 1 8 1
80.028 2 8 24
80.228 1 8 24
80.228 4 8 1
80.228 3 8 1
80.428 2 8 1
80.428 4 8 24
80.628 1 8 1
80.628 3 8 24
80.828 2 8 24
80.828 4 8 1
81.028 1 8 24
81.028 3 8 1
81.228 2 8 1
81.228 4 8 1
81.428 2 8 1
81.428 3 8 1
81.428 4 8 48
81.628 3 8 1
81.828 1 8 1
81.828 2 8 1
82.028 1 8 36
82.028 3 8 1
82.228 2 8 1
82.228 4 8 1
82.428 1 8 1
82.428 3 8 24
82.628 1 8 24
82.628 2 8 1
82.628 4 8 1
82.828 3 8 1
82.828 4 8 24
83.028 2 8 24
83.028 3 8 1
83.228 1 8 1
83.228 4 8 24
83.428 1 8 1
83.428 2 8 1
83.428 3 8 1
83.628 1 8 1
83.828 1 8 1
83.928 3 8 1
84.028 2 8 1
84.028 4 8 1
84.128 1 8 1
84.228 2 8 1
84.228 4 8 1
84.328 3 8 1
84.428 1 8 1
84.528 2 8 1
84.628 1 8 1
84.628 3 8 1
84.628 4 8 1
84.828 2 8 1
84.828 3 8 1
84.828 4 8 1
84.828 1 8 1
85.028 4 8 1
85.228 1 8 1
85.428 4 8 1
85.528 3 8 1
85.628 1 8 1
85.728 1 8 1
85.828 2 8 1
85.828 3 8 1
85.828 4 8 1
86.028 3 8 1
86.028 4 8 1
86.228 2 8 1
86.228 3 8 1
86.428 1 8 1
86.428 3 8 1
86.628 1 8 1
86.628 3 8 1
86.628 4 8 1
86.828 2 8 1
87.028 3 8 1
87.028 4 8 1
87.228 2 8 1
87.428 1 8 1
87.428 3 8 1
87.428 4 8 1
87.628 3 8 1
87.828 1 8 1
87.828 2 8 1
87.828 4 8 1
88.028 1 8 1
88.028 2 8 1
88.028 4 8 1
88.228 3 8 1
88.428 2 8 1
88.428 4 8 1
88.628 1 8 1
88.628 3 8 1
88.628 4 8 1
88.828 3 8 1
89.028 1 8 1
89.028 2 8 1
89.028 4 8 1
89.228 3 8 1
89.228 2 8 1
89.428 1 8 1
89.428 2 8 1
89.428 4 8 1
89.628 4 8 1
89.828 1 8 1
89.828 3 8 1
90.028 3 8 1
90.228 4 8 1
90.278 1 8 1
90.428 3 8 1
90.428 2 8 1
90.628 3 8 1
90.628 4 8 1
90.828 4 8 1
90.828 1 8 1
91.028 1 8 1
91.028 2 8 1
91.228 3 8 1
91.228 4 8 1
91.428 2 8 1
91.428 1 8 1
91.628 2 8 1
91.628 3 8 1
91.828 2 8 1
91.828 1 8 1
91.878 4 8 1
91.978 3 8 1
92.028 1 8 1
92.078 2 8 1
92.128 3 8 1
92.178 4 8 1
92.228 1 8 1
92.228 2 8 1
92.428 3 8 1
92.428 4 8 1
92.628 2 8 1
92.628 1 8 1
92.628 4 8 1
92.828 2 8 1
92.828 1 8 1
92.828 4 8 1
93.028 1 8 1
93.028 3 8 1
93.028 4 8 1
93.228 1 8 1
93.328 2 8 1
93.428 4 8 1
93.478 1 8 1
93.528 3 8 1
93.578 4 8 1
93.628 1 8 1
93.628 2 8 1
93.678 3 8 1
93.728 4 8 1
93.778 1 8 1
93.828 4 8 1
93.828 3 8 1
93.828 2 8 1
94.028 4 8 1
94.028 3 8 1
94.228 1 8 1
94.228 2 8 1
94.228 4 8 1
94.428 2 8 1
94.428 3 8 1
94.628 1 8 1
94.828 4 8 1
95.028 1 8 1
95.028 4 8 1
95.028 3 8 1
95.228 1 8 1
95.428 2 8 1
95.428 3 8 1
95.428 4 8 1
95.628 4 8 1
95.828 1 8 1
96.028 1 8 1
96.228 1 8 1
96.228 2 8 1
96.228 4 8 1
96.428 4 8 1
96.628 1 8 1
96.678 2 8 1
96.728 1 8 1
96.778 3 8 1
96.828 4 8 1
96.878 1 8 1
96.928 3 8 1
96.978 2 8 1
97.028 1 8 1
97.028 4 8 1
97.028 3 8 1
97.228 3 8 1
97.228 4 8 1
97.428 1 8 1
97.428 2 8 1
97.428 4 8 1
97.628 3 8 1
97.628 1 8 1
97.628 2 8 1
97.828 3 8 1
97.828 4 8 1
98.028 3 8 1
98.028 4 8 1
98.228 1 8 1
98.228 2 8 1
98.428 3 8 1
98.428 4 8 1
98.628 1 8 1
98.628 2 8 1
98.628 4 8 24
98.828 2 8 1
98.828 3 8 1
99.028 1 8 24
99.028 2 8 1
99.128 4 8 1
99.228 3 8 1
99.328 2 8 1
99.428 1 8 1
99.428 2 8 1
99.478 4 8 1
99.528 3 8 1
99.628 2 8 1
99.628 1 8 1
99.828 4 8 1
99.878 3 8 1
99.928 2 8 1
99.978 1 8 1
100.028 4 8 1
100.078 2 8 1
100.128 1 8 1
100.178 3 8 1
100.228 2 8 1
100.228 4 8 1
100.428 4 8 1
100.628 2 8 1
100.628 3 8 1
100.628 4 8 1
100.828 1 8 1
100.828 3 8 1
101.028 1 8 1
101.228 1 8 1
101.228 3 8 1
101.228 2 8 1
101.428 2 8 1
101.428 3 8 1
101.428 4 8 1
101.628 3 8 1
101.828 1 8 1
101.828 4 8 1
101.828 2 8 1
101.828 3 8 1
102.028 2 8 1
102.228 1 8 1
102.228 3 8 1
102.428 4 8 1
102.628 1 8 1
102.628 2 8 1
102.628 4 8 1
102.828 2 8 1
103.028 4 8 1
103.078 3 8 1
103.128 2 8 1
103.178 3 8 1
103.228 1 8 1
103.278 4 8 1
103.328 2 8 1
103.361 3 8 1
103.395 4 8 1
103.428 1 8 1
103.428 2 8 1
103.428 3 8 1
103.628 1 8 1
103.628 3 8 1
103.828 1 8 1
103.828 3 8 1
103.828 2 8 1
104.028 1 8 1
104.028 3 8 1
104.028 4 8 1
104.128 4 8 1
104.228 1 8 1
104.428 2 8 1
104.628 4 8 1
104.828 4 8 1
105.028 2 8 1
105.028 3 8 1
105.028 4 8 1
105.028 1 8 1
105.228 1 8 1
105.428 2 8 1
105.628 3 8 1
105.628 4 8 1
105.828 1 8 1
105.828 2 8 1
105.828 3 8 1
106.028 4 8 1
106.228 2 8 1
106.278 1 8 1
106.328 4 8 1
106.378 3 8 1
106.428 2 8 1
106.478 1 8 1
106.528 4 8 1
106.578 3 8 1
106.628 1 8 1
106.628 2 8 1
106.628 4 8 1
106.828 2 8 1
106.828 4 8 1
107.028 1 8 1
107.028 3 8 1
107.028 4 8 1
107.228 1 8 1
107.328 4 8 1
107.428 1 8 1
107.528 4 8 1
107.628 4 8 1
107.728 2 8 1
107.828 1 8 1
107.828 3 8 1
107.828 4 8 1
108.028 1 8 1
108.228 1 8 1
108.228 2 8 1
108.228 3 8 1
108.228 4 8 1
108.428 3 8 1
108.628 4 8 1
108.828 2 8 1
109.028 1 8 1
109.028 4 8 1
109.228 2 8 1
109.428 4 8 1
109.478 2 8 1
109.528 3 8 1
109.578 4 8 1
109.628 1 8 1
109.678 2 8 1
109.728 3 8 1
109.778 4 8 1
109.828 2 8 1
109.828 1 8 1
109.828 3 8 1
110.028 2 8 1
110.028 3 8 1
110.228 1 8 1
110.228 2 8 1
110.228 4 8 1
110.428 4 8 1
110.428 2 8 1
110.628 2 8 1
110.828 1 8 1
110.828 4 8 1
111.028 4 8 1
111.028 3 8 1
111.228 2 8 1
111.228 4 8 1
111.428 1 8 1
111.428 2 8 1
111.428 4 8 1
111.628 1 8 1
111.728 2 8 1
111.828 2 8 1
111.828 4 8 1
112.028 3 8 1
112.228 1 8 1
112.228 3 8 1
112.228 4 8 1
112.328 2 8 1
112.428 3 8 1
112.528 1 8 1
112.578 3 8 1
112.628 1 8 1
112.628 2 8 1
112.678 4 8 1
112.728 3 8 1
112.778 2 8 1
112.828 4 8 1
112.878 1 8 1
112.928 3 8 1
112.978 2 8 1
113.028 4 8 1
113.028 1 8 1
113.228 3 8 1
113.428 1 8 1
113.428 2 8 1
113.428 3 8 1
113.628 2 8 1
113.628 4 8 1
113.828 3 8 1
114.028 1 8 1
114.028 2 8 1
114.028 4 8 1
114.228 3 8 1
114.228 4 8 1
114.428 3 8 1
114.628 2 8 1
114.628 3 8 1
114.628 4 8 1
114.628 1 8 1
114.828 2 8 1
115.028 1 8 1
115.028 4 8 1
115.028 3 8 1
115.228 2 8 1
115.428 2 8 1
115.428 3 8 1
115.428 4 8 1
115.428 1 8 1
115.628 1 8 1
115.828 4 8 1
116.028 1 8 1
116.228 1 8 1
116.428 4 8 1
116.628 2 8 1
116.628 3 8 1
116.828 2 8 1
116.828 4 8 1
117.028 3 8 1
117.228 2 8 1
117.428 1 8 1
117.628 2 8 1
117.828 1 8 1
118.028 3 8 1
118.228 4 8 1
118.428 1 8 1
118.628 2 8 1
118.628 4 8 1
118.828 3 8 1
119.028 1 8 1
119.228 2 8 1
119.428 3 8 1
119.628 1 8 1
119.828 3 8 1
119.828 4 8 1
120.028 1 8 1
120.028 2 8 1
120.228 1 8 1
120.428 3 8 1
120.628 4 8 1
120.828 2 8 1
121.028 1 8 1
121.228 4 8 1
121.428 3 8 1
121.628 1 8 1
121.828 2 8 1
121.828 3 8 1
122.028 4 8 1
122.228 1 8 1
122.428 3 8 1
122.628 2 8 1
122.828 1 8 1
123.028 4 8 1
123.228 2 8 1
123.228 3 8 1
123.428 1 8 1
123.628 2 8 1
123.828 4 8 1
124.028 3 8 1
124.228 1 8 1
124.428 3 8 1
124.628 4 8 1
124.828 2 8 1
124.828 3 8 1
124.928 1 8 1
125.028 2 8 1
125.028 3 8 1
125.228 4 8 1
125.428 1 8 1
125.628 3 8 1
125.828 4 8 1
126.028 2 8 1
126.228 1 8 1
126.228 4 8 1
126.428 4 8 1
126.428 2 8 1
126.628 3 8 1
126.828 2 8 1
127.028 1 8 1
127.028 3 8 1
127.228 4 8 1
127.428 1 8 1
127.428 2 8 1
127.628 3 8 1
127.828 1 8 1
128.028 3 8 1
128.228 1 8 1
128.228 2 8 1
128.228 4 8 120
128.428 1 8 1
128.528 2 8 1
128.628 3 8 1
128.628 1 8 1
128.828 2 8 1
128.828 3 8 1
129.028 1 8 1
129.028 3 8 1
129.228 2 8 1
129.428 1 8 48
129.428 3 8 1
129.428 4 8 1
129.628 2 8 1
129.828 3 8 24
129.828 4 8 1
129.928 2 8 1
130.028 1 8 1
130.028 4 8 1
130.228 2 8 1
130.228 1 8 1
130.228 4 8 1
130.428 3 8 48
130.628 4 8 1
130.628 1 8 1
130.828 2 8 1
131.028 2 8 1
131.028 4 8 1
131.128 1 8 1
131.228 2 8 1
131.228 4 8 1
131.278 3 8 1
131.316 1 8 1
131.353 2 8 1
131.378 3 8 1
131.395 4 8 1
131.428 2 8 1
131.428 1 8 1
131.428 3 8 1
131.628 2 8 1
131.828 1 8 1
131.828 3 8 1
131.828 4 8 1
132.028 1 8 1
132.028 4 8 1
132.128 1 8 1
132.228 3 8 1
132.228 4 8 1
132.428 3 8 1
132.428 2 8 1
132.628 1 8 1
132.628 2 8 1
132.628 3 8 48
132.828 4 8 1
132.928 2 8 1
133.028 1 8 1
133.028 2 8 1
133.128 4 8 1
133.228 1 8 1
133.228 2 8 1
133.228 3 8 1
133.428 1 8 1
133.428 3 8 1
133.428 4 8 1
133.628 2 8 1
133.628 3 8 1
133.828 2 8 1
133.828 1 8 1
133.828 4 8 1
134.028 3 8 1
134.228 1 8 1
134.228 4 8 1
134.362 3 8 1
134.428 1 8 1
134.428 4 8 1
134.503 2 8 1
134.578 3 8 1
134.578 4 8 1
134.628 1 8 1
134.628 2 8 1
134.828 2 8 1
134.828 3 8 1
135.028 2 8 1
135.028 3 8 1
135.028 4 8 1
135.128 1 8 1
135.228 2 8 1
135.228 4 8 1
135.328 3 8 1
135.428 1 8 1
135.428 4 8 1
135.628 2 8 1
135.628 4 8 1
135.828 1 8 1
135.828 3 8 1
135.828 4 8 1
136.028 2 8 1
136.028 4 8 1
136.228 1 8 1
136.228 2 8 1
136.228 3 8 1
136.428 3 8 1
136.428 4 8 1
136.628 1 8 1
136.628 2 8 1
136.628 4 8 1
136.828 2 8 1
136.828 3 8 1
137.028 1 8 1
137.028 4 8 1
137.028 3 8 1
137.228 1 8 1
137.228 3 8 1
137.428 2 8 1
137.428 4 8 1
137.628 1 8 1
137.628 3 8 1
137.678 4 8 1
137.728 2 8 1
137.778 3 8 1
137.828 4 8 1
137.828 1 8 1
137.928 2 8 1
138.028 1 8 1
138.028 4 8 1
138.128 3 8 1
138.228 1 8 1
138.228 2 8 1
138.328 3 8 1
138.328 4 8 1
138.428 1 8 1
138.428 2 8 1
138.528 4 8 1
138.628 1 8 1
138.628 2 8 1
138.728 3 8 1
138.828 1 8 1
138.828 4 8 1
138.928 2 8 1
139.028 3 8 1
139.028 4 8 1
139.128 2 8 1
139.228 1 8 1
139.228 4 8 1
139.328 3 8 1
139.428 2 8 1
141.028 1 8 1
141.028 2 8 1
141.028 3 8 1
141.028 4 8 1
141.128 4 8 1
141.228 1 8 1
141.428 1 8 1
141.495 4 8 1
141.562 2 8 1
141.603 4 8 1
141.662 3 8 1
141.695 2 8 1
141.753 1 8 1
141.828 2 8 1
141.828 4 8 1
141.878 3 8 1
141.941 1 8 1
141.995 3 8 1
142.078 4 8 1
142.128 2 8 1
142.228 4 8 1
142.228 3 8 1
142.228 2 8 1
142.228 1 8 1
142.428 3 8 1
142.428 4 8 1
142.428 2 8 1
142.628 4 8 1
142.828 4 8 1
143.028 3 8 1
143.228 1 8 1
143.428 4 8 1
143.428 1 8 1
143.428 2 8 1
143.428 3 8 1
143.628 2 8 24
143.628 4 8 1
143.828 1 8 1
143.828 3 8 24
144.028 2 8 18
144.028 4 8 1
144.228 1 8 1
144.228 3 8 1
144.228 4 8 24
144.428 2 8 24
144.428 3 8 1
144.628 1 8 1
144.628 4 8 24
144.828 1 8 1
144.828 2 8 24
145.028 3 8 24
145.028 4 8 1
145.028 1 8 1
145.228 1 8 24
145.228 4 8 1
145.428 2 8 1
145.428 4 8 24
145.428 3 8 1
145.628 1 8 1
145.628 2 8 1
145.828 2 8 1
145.828 3 8 1
146.028 1 8 24
146.028 3 8 1
146.228 2 8 1
146.228 3 8 1
146.228 4 8 24
146.428 1 8 1
146.428 2 8 1
146.628 1 8 1
146.628 3 8 24
146.628 4 8 1
146.828 1 8 24
146.828 2 8 1
147.028 2 8 48
147.028 4 8 1
147.228 4 8 1
147.228 1 8 1
147.428 1 8 1
147.428 3 8 1
147.428 4 8 1
147.628 1 8 1
147.628 2 8 1
147.828 4 8 1
147.928 1 8 1
148.028 3 8 1
148.128 1 8 1
148.228 2 8 1
148.228 3 8 1
148.328 1 8 1
148.428 3 8 1
148.528 1 8 1
148.628 2 8 1
148.628 3 8 1
148.628 4 8 1
148.828 1 8 1
148.828 4 8 1
148.828 2 8 1
148.828 3 8 1
149.028 4 8 1
149.228 4 8 1
149.428 4 8 1
149.628 4 8 1
149.728 4 8 1
149.778 2 8 1
149.828 1 8 1
149.828 4 8 1
149.828 3 8 1
150.028 3 8 1
150.028 2 8 1
150.228 1 8 1
150.228 3 8 1
150.428 1 8 1
150.428 2 8 1
150.628 3 8 1
150.628 4 8 1
150.628 2 8 1
150.828 3 8 1
151.028 3 8 1
151.228 2 8 1
151.428 1 8 1
151.428 2 8 1
151.428 4 8 1
151.628 3 8 1
151.828 3 8 1
151.828 4 8 1
151.828 2 8 1
152.028 2 8 1
152.028 3 8 1
152.028 4 8 1
152.228 2 8 1
152.228 3 8 1
152.428 1 8 1
152.428 2 8 1
152.428 4 8 1
152.628 1 8 1
152.628 2 8 1
152.628 4 8 1
152.828 3 8 1
153.028 1 8 1
153.028 2 8 1
153.028 4 8 1
153.228 2 8 1
153.428 3 8 1
153.428 4 8 1
153.628 3 8 1
153.828 1 8 1
153.828 3 8 1
153.828 4 8 1
153.828 2 8 1
154.028 1 8 1
154.028 4 8 1
154.228 1 8 1
154.228 4 8 1
154.328 2 8 1
154.428 4 8 1
154.478 3 8 1
154.528 2 8 1
154.578 1 8 1
154.628 4 8 1
154.628 2 8 1
154.678 3 8 1
154.728 2 8 1
154.778 1 8 1
154.828 2 8 1
154.878 1 8 1
154.928 4 8 1
154.978 3 8 1
155.028 2 8 1
155.028 1 8 1
155.028 4 8 1
155.228 2 8 1
155.228 1 8 1
155.228 3 8 1
155.228 4 8 1
155.428 4 8 1
155.628 4 8 1
155.828 4 8 1
156.028 4 8 1
156.228 1 8 1
156.228 3 8 1
156.228 4 8 1
156.428 1 8 24
156.428 2 8 1
156.628 2 8 1
156.628 3 8 24
156.828 1 8 24
156.828 4 8 1
157.028 2 8 1
157.028 3 8 1
157.028 4 8 24
157.228 1 8 24
157.228 3 8 1
157.428 3 8 24
157.428 4 8 1
157.628 1 8 1
157.628 4 8 24
157.828 1 8 24
157.828 2 8 1
157.828 3 8 1
158.028 2 8 1
158.028 4 8 24
158.228 1 8 1
158.228 2 8 1
158.228 3 8 1
158.428 3 8 1
158.428 4 8 1
158.628 3 8 1
158.828 1 8 24
158.828 2 8 1
159.028 2 8 12
159.028 3 8 1
159.028 4 8 1
159.228 2 8 1
159.228 3 8 1
159.428 1 8 1
159.428 4 8 24
159.428 2 8 1
159.628 1 8 1
159.628 3 8 24
159.828 1 8 1
159.828 2 8 24
160.028 1 8 24
160.028 4 8 1
160.228 2 8 1
160.228 3 8 1
160.228 4 8 1
160.428 3 8 1
160.428 4 8 1
160.628 4 8 1
160.728 2 8 1
160.828 4 8 1
160.928 3 8 1
161.028 1 8 1
161.028 2 8 1
161.128 4 8 1
161.228 2 8 1
161.328 1 8 1
161.428 2 8 1
161.428 3 8 1
161.428 4 8 1
161.628 1 8 1
161.628 2 8 1
161.628 3 8 1
161.628 4 8 1
161.828 1 8 1
162.028 1 8 1
162.228 1 8 1
162.428 1 8 1
162.528 3 8 1
162.628 1 8 1
162.628 2 8 1
162.628 4 8 1
162.828 2 8 1
162.828 4 8 1
163.028 3 8 1
163.028 4 8 1
163.228 2 8 1
163.228 3 8 1
163.428 1 8 1
163.428 2 8 1
163.428 4 8 1
163.628 2 8 1
163.828 3 8 1
164.028 2 8 1
164.228 1 8 1
164.428 2 8 1
164.628 1 8 1
164.828 2 8 1
165.028 2 8 1
165.228 2 8 1
165.428 2 8 1
165.628 2 8 1
165.828 3 8 1
166.028 2 8 1
166.228 2 8 1
166.428 2 8 1
166.628 2 8 240
168.628 1 8 48
169.028 2 8 48
169.428 3 8 48
169.828 4 8 240
172.228 3 8 48
172.628 2 8 48
173.028 1 8 240
175.028 4 8 48
175.428 3 8 48
175.828 2 8 48
176.228 4 8 144
178.228 2 8 88.08
179.428 3 8 1
179.428 4 8 96
180.228 1 8 72
180.228 2 8 1
180.628 3 8 1
180.628 4 8 1
180.828 3 8 1
181.028 2 8 72
181.228 3 8 1
181.428 4 8 1
181.628 3 8 24
181.828 1 8 1
181.828 2 8 72
182.028 4 8 1
182.228 1 8 1
182.428 4 8 1
182.628 4 8 72
182.628 3 8 1
183.028 2 8 1
183.228 3 8 1
183.428 4 8 72
183.428 1 8 1
183.628 3 8 1
183.828 2 8 1
183.828 1 8 1
184.028 3 8 1
184.228 3 8 96
184.628 1 8 1
184.628 2 8 1
184.828 2 8 1
185.028 4 8 24
185.228 2 8 1
185.428 1 8 1
185.428 4 8 36
185.828 4 8 111
185.828 3 8 1
186.228 1 8 1
186.428 2 8 1
186.628 3 8 1
186.828 4 8 12
187.028 1 8 1
187.028 4 8 1
187.228 1 8 1
187.228 2 8 1
187.428 4 8 1
187.628 1 8 1
187.828 3 8 1
188.028 2 8 1
188.228 1 8 1
188.428 3 8 1
188.628 1 8 1
188.828 2 8 1
189.028 1 8 1
189.028 3 8 1
189.028 4 8 1
189.428 2 8 1
189.628 3 8 1
189.828 1 8 1
190.028 2 8 1
190.228 1 8 1
190.228 4 8 1
190.428 3 8 1
190.628 1 8 1
190.628 3 8 1
190.628 4 8 144
191.028 3 8 1
191.428 2 8 1
191.628 2 8 1
191.828 1 8 1
192.228 1 8 1
192.228 2 8 1
192.228 3 8 1
192.228 4 8 1
192.428 3 8 1
192.528 2 8 1
192.628 1 8 1
192.628 4 8 1
192.728 1 8 1
192.829 2 8 1
192.895 1 8 1
192.962 2 8 1
193.029 4 8 1
193.029 1 8 1
193.095 3 8 1
193.162 2 8 1
193.229 1 8 1
193.229 4 8 1
193.295 3 8 1
193.429 2 8 1
193.429 1 8 1
193.429 3 8 1
193.429 4 8 1
193.629 4 8 1
193.629 1 8 1
193.629 2 8 1
193.829 4 8 1
194.029 4 8 1
194.229 4 8 1
194.429 4 8 1
194.629 2 8 1
194.629 3 8 1
194.629 4 8 1
194.629 1 8 1
194.829 3 8 12
194.829 4 8 1
195.029 3 8 24
195.029 2 8 1
195.229 1 8 24
195.229 4 8 1
195.429 2 8 1
195.429 3 8 1
195.429 4 8 1
195.629 2 8 1
195.629 4 8 24
195.829 1 8 48
195.829 3 8 1
196.029 2 8 1
196.029 4 8 1
196.229 4 8 1
196.229 2 8 1
196.229 3 8 1
196.429 2 8 1
196.429 4 8 18
196.629 1 8 24
196.629 2 8 1
196.629 3 8 1
196.829 3 8 1
196.829 2 8 1
197.029 3 8 1
197.229 4 8 24
197.229 2 8 1
197.329 3 8 1
197.429 1 8 1
197.429 2 8 24
197.629 3 8 1
197.629 4 8 24
197.829 1 8 1
197.829 2 8 1
197.829 3 8 24
198.029 1 8 24
198.029 2 8 1
198.229 2 8 24
198.229 4 8 1
198.429 1 8 1
198.429 3 8 24
198.629 1 8 1
198.629 2 8 1
198.629 4 8 1
198.829 1 8 1
198.929 4 8 1
199.029 1 8 1
199.129 4 8 1
199.229 1 8 1
199.329 1 8 1
199.429 2 8 1
199.429 3 8 1
199.429 4 8 1
199.529 1 8 1
199.629 4 8 1
199.679 3 8 1
199.729 1 8 1
199.829 2 8 1
199.829 3 8 1
199.829 4 8 1
200.029 1 8 1
200.029 2 8 1
200.029 3 8 1
200.029 4 8 1
200.229 3 8 1
200.229 4 8 1
200.429 1 8 1
200.629 1 8 1
200.729 2 8 1
200.829 1 8 1
200.929 2 8 1
201.029 1 8 1
201.029 3 8 1
201.029 4 8 1
201.229 1 8 1
201.229 2 8 1
201.429 2 8 1
201.429 3 8 1
201.629 4 8 1
201.629 3 8 1
201.829 4 8 1
201.829 1 8 1
201.829 2 8 1
202.029 3 8 1
202.229 2 8 1
202.429 2 8 1
202.629 1 8 1
202.629 3 8 1
202.629 4 8 1
202.829 3 8 1
203.029 1 8 1
203.029 2 8 1
203.029 4 8 1
203.229 2 8 1
203.229 3 8 1
203.429 2 8 1
203.629 3 8 1
203.629 4 8 1
203.829 1 8 1
203.829 3 8 1
203.829 4 8 1
204.029 2 8 1
204.229 1 8 1
204.229 2 8 1
204.229 3 8 1
204.229 4 8 1
204.429 3 8 1
204.629 4 8 1
204.629 3 8 1
204.829 2 8 1
205.029 1 8 1
205.029 2 8 1
205.029 3 8 1
205.029 4 8 1
205.229 1 8 1
205.229 4 8 1
205.429 4 8 1
205.529 1 8 1
205.562 2 8 1
205.629 3 8 1
205.662 2 8 1
205.704 1 8 1
205.795 1 8 1
205.841 2 8 1
205.841 4 8 1
205.862 3 8 1
205.904 1 8 1
205.979 3 8 1
206.029 4 8 1
206.079 2 8 1
206.129 3 8 1
206.229 4 8 1
206.229 1 8 1
206.229 2 8 1
206.429 1 8 1
206.429 3 8 1
206.429 4 8 1
206.629 3 8 1
206.629 1 8 1
206.829 4 8 1
207.029 4 8 1
207.229 3 8 1
207.429 1 8 1
207.429 3 8 1
207.429 4 8 1
207.629 1 8 1
207.629 2 8 13.44
207.829 4 8 24
207.829 2 8 1
208.029 1 8 1
208.029 3 8 24
208.229 1 8 24
208.229 2 8 1
208.229 4 8 1
208.429 2 8 24
208.429 3 8 1
208.629 1 8 24
208.629 4 8 1
208.829 3 8 1
208.829 4 8 24
209.029 1 8 1
209.029 2 8 1
209.029 3 8 1
209.229 1 8 24
209.229 4 8 1
209.429 2 8 1
209.429 4 8 1
209.629 1 8 1
209.629 3 8 1
209.829 2 8 1
209.829 3 8 1
210.029 3 8 1
210.029 4 8 24
210.229 1 8 1
210.229 2 8 1
210.229 3 8 18
210.429 4 8 1
210.429 3 8 1
210.629 3 8 1
210.629 1 8 24
210.629 2 8 1
210.829 2 8 24
210.829 4 8 1
211.029 1 8 1
211.029 4 8 24
211.229 2 8 1
211.229 3 8 24
211.429 1 8 1
211.429 2 8 1
211.429 4 8 1
211.629 1 8 1
211.629 4 8 1
211.829 1 8 1
211.929 4 8 1
212.029 1 8 1
212.129 4 8 1
212.229 1 8 1
212.229 3 8 1
212.329 4 8 1
212.429 3 8 1
212.429 1 8 1
212.529 2 8 1
212.629 1 8 1
212.629 3 8 1
212.629 4 8 1
212.829 1 8 1
212.829 3 8 1
212.829 4 8 1
213.029 1 8 1
213.229 1 8 1
213.429 1 8 1
213.629 1 8 1
213.729 1 8 1
213.829 2 8 1
213.829 3 8 1
213.829 4 8 1
214.029 1 8 1
214.029 4 8 1
214.229 3 8 1
214.229 4 8 1
214.429 1 8 1
214.429 2 8 1
214.629 3 8 1
214.629 1 8 1
214.629 2 8 1
214.629 4 8 1
214.829 3 8 1
215.029 3 8 1
215.229 2 8 1
215.429 2 8 1
215.429 1 8 1
215.429 4 8 1
215.629 2 8 1
215.829 1 8 1
215.829 3 8 1
215.829 4 8 1
216.029 1 8 1
216.029 2 8 1
216.029 3 8 1
216.229 2 8 1
216.429 2 8 1
216.429 3 8 1
216.429 4 8 1
216.629 3 8 1
216.629 4 8 1
216.829 2 8 1
217.029 1 8 1
217.029 3 8 1
217.029 4 8 1
217.229 2 8 1
217.429 1 8 1
217.429 3 8 1
217.629 4 8 1
217.829 2 8 1
217.829 4 8 1
218.029 2 8 1
218.229 1 8 1
218.429 1 8 1
218.629 2 8 1
218.829 3 8 1
219.029 4 8 1
219.229 4 8 1
219.429 2 8 1
219.629 1 8 1
219.829 4 8 1
220.029 3 8 1
220.229 2 8 1
220.429 1 8 1
220.629 3 8 1
220.829 4 8 1
221.029 1 8 1
221.229 3 8 1
221.429 4 8 1
221.629 1 8 1
221.829 2 8 1
222.029 3 8 1
222.229 1 8 1
222.229 4 8 1
222.429 2 8 1
222.629 3 8 1
222.829 2 8 1
223.029 1 8 1
223.229 4 8 1
223.429 3 8 1
223.629 2 8 1
223.829 3 8 1
224.029 1 8 1
224.229 2 8 1
224.429 3 8 1
224.629 4 8 1
224.829 1 8 1
225.029 3 8 1
225.229 4 8 1
225.429 1 8 1
225.629 3 8 1
225.829 2 8 1
226.029 4 8 1
226.229 1 8 1
226.429 2 8 1
226.629 3 8 1
226.829 2 8 1
227.029 1 8 1
227.229 2 8 1
227.229 4 8 1
227.429 3 8 1
227.629 4 8 1
227.829 3 8 1
228.029 2 8 1
228.229 4 8 1
228.429 1 8 1
228.629 2 8 1
228.829 3 8 1
229.029 4 8 1
229.229 1 8 1
229.429 2 8 1
229.629 4 8 1
229.829 1 8 1
230.029 3 8 1
230.229 2 8 1
230.429 1 8 1
230.629 4 8 1
230.829 3 8 1
231.029 1 8 1
231.229 3 8 1
231.429 2 8 1
231.629 4 8 1
231.829 3 8 1
232.029 2 8 1
232.229 4 8 1
232.429 3 8 1
232.629 2 8 1
232.829 1 8 1
233.029 3 8 1
233.229 2 8 1
233.429 4 8 1
233.629 3 8 1
233.829 1 8 1
234.029 2 8 1
234.229 3 8 1
234.429 1 8 1
234.629 3 8 1
234.829 4 8 1
235.029 1 8 1
235.229 2 8 1
235.429 3 8 1
235.629 2 8 1
235.829 4 8 1
236.029 1 8 1
236.229 3 8 1
236.429 1 8 1
236.629 3 8 1
236.829 4 8 1
237.029 1 8 1
237.229 2 8 1
237.429 3 8 1
237.629 1 8 1
237.829 4 8 1
238.029 2 8 1
238.229 3 8 1
238.429 4 8 1
238.629 1 8 1
238.829 2 8 1
239.029 3 8 1
239.229 4 8 1
239.429 1 8 1
239.629 2 8 1
239.829 1 8 1
240.029 3 8 1
240.229 1 8 1
240.229 2 8 1
