6 1 8 1
224 3 8 1
332 3 8 1
441 1 8 1
550 2 8 1
659 1 8 1
767 2 8 1
876 1 8 1
876 4 8 1
1093 3 8 1
1202 2 8 1
1311 3 8 1
1419 2 8 1
1528 3 8 1
1637 3 8 1
1745 1 8 1
1745 4 8 1
1963 1 8 1
2072 4 8 1
2180 1 8 1
2289 4 8 1
2398 1 8 1
2398 3 8 1
2506 2 8 1
2615 3 8 1
2615 4 8 1
2724 2 8 1
2832 4 8 1
2941 1 8 1
3050 2 8 1
3050 4 8 1
3159 3 8 1
3267 1 8 1
3376 4 8 1
3485 3 8 1
3485 1 8 1
3593 2 8 1
3702 4 8 1
3811 1 8 1
3811 2 8 1
3919 3 8 1
3919 4 8 1
4028 1 8 1
4137 3 8 1
4137 4 8 1
4246 1 8 1
4246 2 8 1
4354 3 8 1
4354 4 8 1
4463 1 8 1
4463 2 8 1
4572 3 8 1
4572 4 8 1
4680 2 8 1
4680 1 8 1
4789 3 8 1
4789 4 8 1
4898 2 8 1
5006 3 8 1
5115 1 8 1
5224 3 8 1
5224 4 8 1
5333 2 8 1
5387 3 8 1
5441 4 8 1
5496 1 8 1
5550 2 8 1
5604 3 8 1
5659 4 8 1
5659 1 8 1
5713 2 8 1
5767 3 8 1
5822 2 8 1
5876 4 8 1
5930 1 8 1
5985 2 8 1
6039 4 8 1
6093 3 8 1
6093 2 8 1
6148 1 8 1
6256 4 8 1
6311 3 8 1
6365 2 8 1
6420 4 8 1
6474 1 8 1
6528 3 8 1
6583 2 8 1
6637 1 8 1
6691 2 8 1
6746 4 8 1
6800 1 8 1
6854 2 8 1
6909 3 8 1
6963 2 8 1
6963 4 8 91.32
6963 1 8 1
7180 2 8 1
7398 3 8 1
7615 1 8 1
7615 2 8 1
7724 2 8 1
7833 1 8 1
7833 3 8 1
7833 4 8 104.28
8050 3 8 1
8267 3 8 1
8376 2 8 1
8485 1 8 1
8702 2 8 1
8702 3 8 1
8920 1 8 78.24
9028 3 8 1
9028 4 8 1
9137 2 8 1
9191 4 8 1
9246 3 8 1
9300 2 8 13.08
9354 4 8 1
9409 3 8 1
9572 2 8 1
9572 3 8 1
9789 1 8 1
9789 4 8 1
9898 3 8 1
10007 3 8 1
10115 2 8 1
10115 4 8 1
10224 1 8 1
10278 4 8 1
10333 3 8 1
10387 1 8 1
10441 4 8 104.4
10441 2 8 1
10659 1 8 1
10767 1 8 1
10876 3 8 1
10985 3 8 1
11094 1 8 1
11094 2 8 1
11202 3 8 1
11311 1 8 1
11311 2 8 1
11420 3 8 1
11528 4 8 1
11583 3 8 1
11637 2 8 1
11691 1 8 1
11746 4 8 1
11800 1 8 1
11854 3 8 1
11909 2 8 1
11963 1 8 1
12017 2 8 1
12072 4 8 1
12126 3 8 1
12181 2 8 1
12181 4 8 1
12181 1 8 1
12507 1 8 1
12507 2 8 1
12507 3 8 1
12507 4 8 1
12833 3 8 1
12833 1 8 1
12833 4 8 1
13050 2 8 1
13267 3 8 1
13267 2 8 13.08
13485 4 8 13.08
13702 2 8 26.16
13920 1 8 1
13920 3 8 1
13920 4 8 1
14137 2 8 1
14246 3 8 1
14354 1 8 13.08
14354 4 8 1
14463 3 8 1
14572 2 8 6.48
14681 1 8 1
14789 3 8 13.08
14789 4 8 1
14898 1 8 1
15007 2 8 26.04
15115 3 8 1
15224 1 8 1
15224 4 8 1
15333 3 8 1
15441 2 8 1
15441 1 8 13.08
15550 4 8 1
15659 1 8 1
15659 3 8 1
15876 2 8 13.08
15985 3 8 13.08
16094 1 8 1
16094 4 8 1
16311 2 8 13.08
16311 3 8 1
16528 1 8 1
16528 4 8 1
16637 3 8 1
16746 2 8 1
16855 3 8 1
16963 1 8 1
16963 4 8 1
17072 2 8 1
17181 4 8 1
17289 2 8 1
17398 1 8 1
17398 3 8 13.08
17398 4 8 1
17615 2 8 13.08
17724 3 8 1
17833 1 8 13.08
17833 4 8 1
17942 3 8 1
18050 3 8 13.08
18050 4 8 1
18159 2 8 1
18268 1 8 1
18268 4 8 1
18485 2 8 13.08
18594 3 8 12.96
18702 1 8 1
18702 4 8 1
18811 2 8 1
18920 4 8 26.04
19028 1 8 1
19137 2 8 1
19137 3 8 1
19355 2 8 1
19463 3 8 13.08
19572 1 8 1
19572 4 8 1
19681 2 8 12.96
19789 3 8 1
19862 2 8 15.72
19934 3 8 1
19993 1 8 1
20007 4 8 1
20079 2 8 1
20129 4 8 1
20170 1 8 1
20188 3 8 1
20333 2 8 1
20442 3 8 1
20442 4 8 1
20442 2 8 1
20550 1 8 1
20659 2 8 1
20768 3 8 1
20876 1 8 1
20876 4 8 1
20985 2 8 1
21094 2 8 1
21202 2 8 13.08
21311 1 8 1
21311 3 8 1
21311 4 8 1
21420 2 8 1
21529 2 8 1
21637 3 8 13.08
21746 1 8 1
21746 2 8 1
21746 4 8 1
21963 1 8 1
21963 3 8 1
22072 2 8 13.08
22181 1 8 12.96
22181 3 8 1
22398 1 8 1
22398 4 8 13.08
22507 3 8 1
22616 1 8 26.04
22616 2 8 1
22833 2 8 1
22942 3 8 12.96
22942 4 8 1
23050 1 8 1
23050 2 8 1
23159 3 8 1
23268 1 8 1
23268 2 8 26.04
23376 1 8 1
23485 3 8 1
23485 4 8 1
23594 1 8 1
23703 2 8 1
23811 3 8 1
23920 2 8 1
23920 4 8 1
23992 3 8 1
24137 2 8 1
24246 3 8 1
24355 1 8 1
24355 4 8 1
24463 2 8 1
24572 4 8 1
24572 3 8 1
24681 1 8 1
24789 1 8 1
24789 4 8 1
24898 3 8 1
25007 1 8 1
25007 3 8 1
25116 2 8 1
25224 1 8 1
25224 4 8 1
25333 3 8 1
25442 1 8 1
25442 4 8 1
25550 2 8 1
25659 1 8 1
25659 3 8 1
25659 4 8 1
25768 4 8 1
25876 1 8 26.16
25876 2 8 1
26094 4 8 1
26094 3 8 1
26311 2 8 1
26529 3 8 104.28
26746 1 8 14.64
27181 4 8 26.04
27398 2 8 1
27833 2 8 1
27833 4 8 1
27833 1 8 1
27942 3 8 1
28050 1 8 1
28050 2 8 1
28159 3 8 1
28268 1 8 1
28268 4 8 1
28377 3 8 1
28485 3 8 1
28485 4 8 1
28594 1 8 1
28594 2 8 1
28703 3 8 1
28703 4 8 1
28811 1 8 1
28811 2 8 1
28920 3 8 1
29029 4 8 1
29137 2 8 1
29246 4 8 1
29355 2 8 1
29464 3 8 1
29572 1 8 1
29572 4 8 1
29681 2 8 1
29790 1 8 1
29898 3 8 1
29898 4 8 1
30007 1 8 1
30007 2 8 1
30116 4 8 1
30224 2 8 1
30224 3 8 1
30333 1 8 1
30442 3 8 1
30442 4 8 1
30550 2 8 1
30659 1 8 1
30659 4 8 1
30768 2 8 1
30877 3 8 1
30877 4 8 1
30985 2 8 1
31094 1 8 1
31094 4 8 1
31203 2 8 1
31311 1 8 1
31311 3 8 1
31311 4 8 1
31529 1 8 1
31529 2 8 1
31637 3 8 1
31746 2 8 1
31746 4 8 1
31855 1 8 1
31964 3 8 1
31964 4 8 1
32072 1 8 1
32072 4 8 1
32181 1 8 1
32181 2 8 1
32181 3 8 1
32290 4 8 1
32398 2 8 1
32507 3 8 1
32616 1 8 1
32724 2 8 1
32833 3 8 1
32833 4 8 1
32942 2 8 1
33051 4 8 9.72
33051 1 8 1
33268 3 8 1
33377 1 8 1
33377 4 8 26.04
33594 2 8 1
33594 1 8 1
33703 4 8 78.24
33703 2 8 1
33920 1 8 1
34029 2 8 1
34029 1 8 1
34246 1 8 1
34355 3 8 1
34572 2 8 26.16
34790 4 8 1
34790 1 8 1
34790 3 8 1
35007 2 8 1
35116 2 8 1
35225 3 8 1
35442 2 8 1
35442 1 8 1
35551 2 8 1
35659 1 8 1
35659 4 8 1
35985 2 8 1
36094 3 8 1
36203 1 8 1
36312 2 8 1
36529 1 8 1
36529 3 8 1
36529 4 8 1
36746 3 8 1
36855 2 8 1
36855 1 8 1
36964 4 8 1
37018 3 8 1
37072 1 8 1
37127 2 8 1
37181 3 8 1
37235 4 8 1
37290 2 8 1
37344 1 8 1
37398 4 8 1
37398 3 8 1
37616 1 8 1
37616 2 8 1
37725 3 8 1
37833 1 8 1
37942 2 8 1
37942 4 8 1
38051 1 8 1
38051 3 8 1
38159 1 8 1
38268 2 8 1
38268 4 8 1
38377 3 8 1
38485 1 8 1
38485 2 8 1
38594 3 8 1
38703 2 8 13.08
38812 4 8 1
38920 2 8 39.12
38920 1 8 1
38920 3 8 1
39138 1 8 1
39138 4 8 1
39138 3 8 1
39355 4 8 1
39572 2 8 1
39790 3 8 1
40007 2 8 1
40007 3 8 1
40007 4 8 1
40225 1 8 1
40333 3 8 1
40333 4 8 1
40442 1 8 1
40442 2 8 1
40551 3 8 1
40659 2 8 1
40659 4 8 1
40768 2 8 1
40877 3 8 1
40877 4 8 1
41094 1 8 1
41094 2 8 1
41094 4 8 1
41203 3 8 1
41203 4 8 1
41420 1 8 1
41420 2 8 1
41529 1 8 1
41529 3 8 1
41746 1 8 1
41746 3 8 1
41746 4 8 1
41855 2 8 1
41964 3 8 1
42073 2 8 1
42181 4 8 1
42399 1 8 1
42399 3 8 12.96
42616 4 8 1
42616 1 8 1
42833 4 8 1
43051 2 8 1
43159 4 8 1
43268 3 8 1
43377 2 8 1
43486 1 8 1
43486 2 8 1
43703 2 8 1
43703 4 8 1
43812 1 8 1
43920 3 8 1
43975 4 8 1
44029 2 8 1
44083 3 8 1
44138 2 8 1
44138 1 8 1
44355 3 8 1
44355 4 8 1
44573 1 8 1
44573 3 8 1
44681 4 8 1
44790 2 8 1
44899 1 8 1
44899 2 8 1
45007 3 8 1
45007 4 8 1
45116 2 8 1
45225 1 8 1
45225 3 8 1
45225 4 8 1
45333 2 8 1
45442 3 8 1
45551 2 8 1
45660 4 8 1
45877 1 8 1
45877 3 8 1
45986 2 8 1
46094 1 8 1
46094 2 8 26.16
46094 4 8 1
46529 4 8 1
46638 3 8 1
46747 2 8 1
46964 1 8 1
46964 2 8 1
46964 4 8 1
47073 3 8 1
47181 2 8 1
47290 3 8 1
47290 4 8 1
47399 1 8 1
47453 2 8 1
47507 3 8 1
47562 1 8 1
47616 2 8 1
47616 4 8 1
47670 1 8 1
47725 3 8 1
47779 2 8 1
47834 1 8 1
47834 4 8 1
48051 3 8 1
48051 4 8 1
48160 2 8 1
48268 1 8 1
48323 3 8 1
48377 2 8 1
48431 4 8 1
48486 1 8 1
48486 2 8 1
48594 1 8 1
48703 2 8 1
48703 3 8 1
48703 4 8 1
48920 3 8 1
48920 4 8 1
49029 3 8 1
49138 1 8 1
49138 2 8 1
49355 3 8 1
49464 1 8 1
49464 4 8 1
49573 1 8 1
49573 3 8 1
49790 4 8 1
49899 3 8 1
50007 3 8 1
50225 2 8 26.04
50442 1 8 1
50442 4 8 1
50442 3 8 1
50660 2 8 1
50660 3 8 1
50768 2 8 1
50768 1 8 1
50877 3 8 1
50931 4 8 1
50986 1 8 1
51040 2 8 1
51094 4 8 1
51094 3 8 1
51149 2 8 1
51203 1 8 1
51312 2 8 1
51312 4 8 1
51421 3 8 1
51529 1 8 1
51529 2 8 1
51638 4 8 1
51747 2 8 1
51855 3 8 1
51964 1 8 1
51964 4 8 1
52073 3 8 1
52181 3 8 1
52181 4 8 1
52181 1 8 1
52290 2 8 1
52399 3 8 1
52399 4 8 1
52508 1 8 1
52616 2 8 1
52725 3 8 1
52834 1 8 1
52834 4 8 1
52942 3 8 1
53051 1 8 1
53051 2 8 1
53268 1 8 78.36
53703 3 8 1
53921 3 8 1
53921 4 8 1
54138 2 8 1
54138 3 8 1
54247 1 8 1
54247 4 8 1
54355 2 8 1
54464 2 8 1
54518 3 8 1
54573 1 8 1
54573 4 8 1
54645 2 8 1
54718 3 8 1
54790 4 8 1
54790 2 8 1
54899 1 8 1
55008 3 8 1
55008 4 8 1
55116 2 8 1
55225 3 8 1
55334 1 8 1
55442 4 8 1
55442 3 8 1
55551 2 8 1
55660 3 8 1
55660 4 8 1
55768 1 8 1
55768 2 8 1
55877 2 8 1
55986 3 8 1
56095 1 8 1
56203 4 8 1
56312 2 8 1
56312 3 8 1
56421 1 8 1
56529 2 8 1
56529 4 8 104.4
56747 3 8 1
56964 2 8 1
57182 3 8 1
57399 1 8 1
57399 2 8 1
57399 3 8 1
57616 3 8 1
57616 4 8 1
57725 2 8 1
57725 4 8 1
57888 1 8 1
57942 2 8 1
57997 4 8 1
58051 2 8 1
58051 3 8 1
58124 1 8 1
58214 3 8 1
58269 1 8 1
58269 2 8 1
58377 4 8 1
58486 3 8 1
58595 2 8 1
58703 2 8 1
58812 1 8 1
58812 4 8 1
58921 3 8 1
59138 1 8 1
59138 2 8 1
59138 4 8 1
59356 1 8 1
59464 4 8 1
59573 2 8 1
59573 3 8 1
59682 4 8 1
59790 2 8 1
59790 1 8 1
59899 3 8 1
59899 4 8 1
60008 1 8 1
60008 2 8 1
60225 2 8 1
60225 3 8 52.2
60442 2 8 26.16
60660 1 8 1
60877 2 8 1
60877 3 8 1
60877 4 8 1
61095 4 8 1
61095 3 8 1
61203 1 8 1
61203 2 8 1
61312 3 8 1
61366 1 8 1
61366 4 8 1
61475 2 8 1
61529 4 8 1
61529 3 8 1
61584 1 8 1
61638 2 8 1
61638 3 8 1
61747 2 8 1
61747 4 8 1
61856 3 8 1
61964 1 8 1
62019 2 8 1
62073 3 8 1
62127 4 8 1
62182 1 8 1
62236 2 8 1
62290 3 8 1
62345 2 8 1
62399 4 8 1
62453 1 8 1
62508 2 8 1
62562 3 8 1
62616 2 8 1
62616 4 8 130.44
62616 1 8 1
62834 3 8 1
63051 1 8 1
63269 2 8 1
63486 1 8 1
63921 1 8 1
64138 1 8 1
64356 1 8 1
64356 4 8 1
64573 3 8 1
64790 3 8 1
65008 3 8 1
65008 1 8 52.2
65225 3 8 1
65443 3 8 1
65877 3 8 1
66095 3 8 1
66312 2 8 1
66530 2 8 1
66638 2 8 1
66747 3 8 52.2
66964 2 8 1
67182 2 8 1
67617 4 8 1
67834 2 8 1
67834 3 8 1
67943 1 8 1
68051 4 8 1
68106 3 8 1
68269 1 8 1
68377 3 8 1
68432 2 8 1
68486 1 8 1
68486 3 8 1
68540 4 8 1
68704 1 8 1
68921 3 8 1
69138 1 8 1
69356 3 8 1
69573 2 8 1
69573 4 8 104.4
69791 1 8 1
70008 2 8 1
70225 1 8 1
70443 2 8 1
70878 2 8 1
71095 1 8 1
71312 3 8 1
71530 2 8 1
71747 2 8 1
71964 1 8 1
72182 4 8 1
72399 4 8 1
72617 2 8 26.04
72834 4 8 1
73051 1 8 1
73051 3 8 1
73160 2 8 1
73269 1 8 1
73269 3 8 1
73269 4 8 1
73378 2 8 1
73486 3 8 1
73595 2 8 1
73704 1 8 1
73704 3 8 1
73704 4 8 1
73812 2 8 1
73921 1 8 1
74030 2 8 1
74138 1 8 1
74138 4 8 1
74138 3 8 1
74247 4 8 1
74356 1 8 1
74465 3 8 1
74573 1 8 1
74573 3 8 1
74573 4 8 1
74682 2 8 1
74791 3 8 1
74899 2 8 1
75008 1 8 1
75008 4 8 1
75008 3 8 1
75117 2 8 1
75225 4 8 1
75334 1 8 1
75443 2 8 1
75443 3 8 1
75443 4 8 1
75552 1 8 1
75660 3 8 1
75769 2 8 1
75878 1 8 1
75878 3 8 1
75878 4 8 1
75986 2 8 1
75986 4 8 1
76041 1 8 1
76095 3 8 1
76149 4 8 1
76204 1 8 1
76258 2 8 1
76312 3 8 1
76367 4 8 1
76421 2 8 1
76475 3 8 1
76530 4 8 1
76530 1 8 1
76639 3 8 1
76747 3 8 1
76747 1 8 1
76747 4 8 1
76856 4 8 1
76965 1 8 1
77073 4 8 1
77182 1 8 1
77182 2 8 1
77182 3 8 1
77291 4 8 1
77399 2 8 1
77508 3 8 1
77617 2 8 1
77617 1 8 1
77617 4 8 1
77725 3 8 1
77834 2 8 1
77943 3 8 1
78052 2 8 1
78052 1 8 1
78052 4 8 1
78160 4 8 1
78269 1 8 1
78378 2 8 1
78486 1 8 1
78486 3 8 1
78486 4 8 1
78595 2 8 1
78704 4 8 1
78812 2 8 1
78921 1 8 1
78921 3 8 1
78921 4 8 1
79030 3 8 1
79139 1 8 1
79356 4 8 13.08
79356 3 8 13.08
79573 2 8 26.16
79791 3 8 1
79845 2 8 1
80008 1 8 1
80008 3 8 1
80008 4 8 1
80226 2 8 1
80334 4 8 13.08
80443 1 8 1
80443 2 8 1
80552 3 8 1
80660 2 8 1
80660 3 8 13.08
80769 1 8 1
80878 3 8 1
80878 4 8 1
80986 2 8 1
81095 1 8 1
81204 3 8 13.08
81313 1 8 1
81313 2 8 1
81313 4 8 1
81421 3 8 1
81530 2 8 1
81530 1 8 1
81639 3 8 1
81747 2 8 1
81747 3 8 1
81856 4 8 1
81965 2 8 26.04
82073 3 8 1
82182 1 8 1
82182 4 8 1
82400 3 8 12.96
82644 2 8 1
82644 4 8 1
82726 3 8 1
82726 1 8 1
82834 1 8 1
82943 3 8 1
83052 1 8 1
83052 4 8 1
83160 3 8 1
83269 2 8 1
83378 3 8 1
83486 1 8 13.08
83486 4 8 1
83595 3 8 1
83704 2 8 1
83813 3 8 12.96
83921 1 8 1
83921 2 8 1
83921 4 8 1
84030 2 8 1
84139 4 8 12.96
84247 2 8 1
84356 1 8 1
84356 4 8 1
84573 2 8 26.16
84682 3 8 1
84682 4 8 1
84791 1 8 1
84791 4 8 1
84900 3 8 1
85008 1 8 26.16
85117 2 8 1
85226 3 8 1
85226 4 8 1
85443 2 8 13.08
85552 3 8 1
85660 1 8 1
85660 2 8 1
85660 4 8 13.08
85769 3 8 1
85878 2 8 13.08
85987 1 8 1
86041 3 8 1
86095 4 8 1
86095 2 8 1
86204 3 8 1
86313 4 8 1
86421 1 8 1
86421 4 8 1
86530 3 8 1
86530 2 8 1
86639 3 8 1
86747 1 8 1
86747 2 8 1
86856 2 8 1
86965 4 8 1
86965 3 8 13.08
87182 1 8 1
87291 2 8 13.08
87400 4 8 1
87400 1 8 1
87508 2 8 1
87617 4 8 13.08
87617 3 8 1
87726 2 8 1
87834 1 8 1
87834 3 8 1
87834 4 8 1
88052 2 8 6.48
88161 3 8 12.96
88269 1 8 1
88269 4 8 1
88378 2 8 1
88487 4 8 26.04
88595 2 8 1
88704 1 8 1
88704 3 8 1
88921 2 8 13.08
89030 3 8 13.08
89139 1 8 32.64
89139 4 8 1
89356 2 8 1
89356 3 8 1
89519 3 8 1
89574 4 8 6.48
89574 1 8 1
89628 2 8 1
89682 3 8 1
89791 2 8 1
89900 3 8 1
90008 1 8 1
90008 4 8 1
90117 2 8 1
90226 2 8 12.96
90226 4 8 1
90334 3 8 1
90443 1 8 1
90443 4 8 1
90552 3 8 1
90661 2 8 1
90769 4 8 1
90878 1 8 1
90878 3 8 1
90987 1 8 1
91095 3 8 1
91095 4 8 1
91204 2 8 1
91313 1 8 26.04
91313 4 8 1
91530 2 8 13.08
91639 3 8 26.04
91748 1 8 1
91748 4 8 1
91856 2 8 1
91965 1 8 1
91965 4 8 13.08
92182 2 8 1
92182 3 8 1
92400 2 8 12.96
92508 3 8 13.08
92617 4 8 1
92617 1 8 1
92835 2 8 1
92835 3 8 1
92889 1 8 1
92943 2 8 1
92998 4 8 1
93052 1 8 1
93052 3 8 13.08
93161 2 8 1
93269 4 8 1
93378 2 8 1
93378 3 8 1
93487 1 8 1
93487 4 8 1
93595 4 8 1
93704 1 8 1
93704 3 8 1
93813 2 8 1
93922 3 8 1
93922 4 8 1
93922 1 8 1
94030 3 8 1
94139 2 8 13.08
94248 3 8 1
94356 1 8 1
94356 2 8 1
94356 4 8 1
94465 1 8 1
94574 1 8 12.96
94574 3 8 1
94682 2 8 1
94791 3 8 1
94791 4 8 1
95008 2 8 13.08
95117 3 8 1
95226 1 8 1
95226 4 8 13.08
95335 1 8 1
95443 2 8 1
95443 3 8 13.08
95661 1 8 1
95661 4 8 1
95878 2 8 13.08
95987 1 8 1
96095 1 8 1
96095 3 8 26.16
96095 4 8 1
96313 2 8 13.08
96530 3 8 1
96530 4 8 1
96639 1 8 1
96639 2 8 1
96748 1 8 1
96856 3 8 1
96856 4 8 1
96965 1 8 1
96965 2 8 1
96965 4 8 1
97074 3 8 1
97182 1 8 1
97182 2 8 1
97291 4 8 1
97400 1 8 1
97400 3 8 13.08
97509 2 8 1
97617 3 8 1
97726 1 8 13.08
97726 4 8 1
97835 3 8 1
98052 1 8 1
98052 3 8 1
98052 4 8 13.08
98161 2 8 1
98269 1 8 1
98269 4 8 1
98378 2 8 1
98487 4 8 26.04
98596 2 8 1
98704 2 8 1
98704 3 8 1
98813 4 8 1
98922 1 8 12.96
98922 3 8 12.96
99030 2 8 1
99139 2 8 1
99139 4 8 1
99356 2 8 1
99465 2 8 1
99574 3 8 32.64
99574 4 8 1
99574 1 8 1
99791 2 8 1
99791 4 8 6.6
99900 1 8 1
99954 2 8 1
100009 3 8 1
100063 4 8 1
100117 1 8 1
100226 2 8 1
100335 3 8 1
100443 2 8 1
100443 1 8 1
100443 4 8 1
100552 3 8 1
100661 3 8 1
100878 4 8 1
100878 1 8 1
100878 2 8 1
100987 3 8 1
101096 1 8 1
101096 2 8 12.96
101204 3 8 1
101313 1 8 1
101313 2 8 1
101313 4 8 13.08
101422 1 8 1
101530 2 8 1
101530 3 8 13.08
101748 1 8 1
101748 4 8 1
101856 3 8 1
101965 2 8 13.08
102074 4 8 1
102183 1 8 1
102183 2 8 6.48
102400 2 8 1
102400 4 8 26.04
102617 1 8 1
102617 3 8 1
102835 2 8 26.04
102943 4 8 1
103052 4 8 1
103052 1 8 1
103052 3 8 1
103161 2 8 1
103270 2 8 1
103270 3 8 12.96
103487 1 8 1
103487 4 8 1
103541 2 8 1
103632 4 8 1
103704 3 8 1
103813 2 8 1
103922 1 8 1
103922 4 8 1
104030 2 8 1
104139 3 8 1
104248 3 8 1
104357 1 8 1
104357 4 8 1
104465 2 8 1
104574 2 8 1
104574 3 8 1
104683 4 8 1
104791 2 8 1
104791 3 8 1
104791 4 8 1
104900 1 8 1
105009 2 8 1
105009 4 8 1
105117 1 8 1
105117 4 8 1
105226 2 8 1
105226 3 8 1
105335 2 8 1
105444 1 8 1
105444 3 8 1
105552 4 8 1
105661 1 8 1
105661 4 8 1
105770 2 8 1
105878 1 8 1
105878 3 8 1
105987 3 8 1
106096 4 8 1
106096 1 8 1
106313 2 8 26.04
106530 4 8 26.16
106748 3 8 52.2
107183 2 8 26.04
107400 3 8 19.56
107617 3 8 26.16
107835 1 8 1
107835 2 8 1
107835 4 8 1
108052 1 8 1
108052 4 8 65.28
108161 2 8 1
108270 3 8 1
108487 2 8 1
108487 1 8 1
108596 2 8 1
108813 1 8 1
108922 2 8 1
109139 3 8 1
109248 1 8 1
109357 3 8 1
109574 1 8 1
109574 2 8 1
109574 4 8 1
109791 1 8 1
109791 2 8 1
109900 4 8 1
109900 3 8 1
110009 4 8 1
110009 1 8 1
110063 2 8 1
110118 3 8 1
110172 1 8 1
110226 4 8 1
110226 2 8 1
110281 3 8 1
110335 1 8 1
110389 2 8 1
110444 3 8 1
110552 4 8 1
110661 2 8 1
110661 1 8 1
110770 3 8 1
110878 4 8 1
110987 1 8 1
110987 2 8 1
111096 3 8 1
111096 4 8 1
111205 1 8 1
111313 3 8 39.12
111313 4 8 1
111422 1 8 1
111531 2 8 1
111639 1 8 1
111748 4 8 1
111748 3 8 26.04
111965 1 8 1
111965 4 8 1
112074 2 8 1
112074 3 8 1
112291 3 8 1
112400 2 8 1
112618 3 8 1
112726 2 8 1
112835 1 8 26.04
113052 2 8 1
113052 3 8 1
113052 4 8 1
113270 2 8 1
113378 1 8 1
113378 4 8 1
113487 2 8 1
113542 3 8 19.56
113596 1 8 1
113705 2 8 1
113705 4 8 1
113813 3 8 1
113922 1 8 1
114031 2 8 1
114139 3 8 1
114248 4 8 1
114357 1 8 1
114357 2 8 39.12
114574 3 8 1
114683 4 8 1
114792 3 8 1
114792 1 8 1
114792 2 8 1
114900 2 8 1
115009 3 8 1
115009 4 8 1
115118 2 8 1
115226 1 8 1
115226 3 8 1
115444 2 8 1
115444 4 8 1
115552 1 8 1
115661 4 8 1
115770 3 8 1
115879 2 8 1
116096 3 8 1
116096 4 8 1
116205 3 8 1
116313 2 8 26.16
116531 1 8 1
116531 4 8 1
116531 3 8 1
116748 4 8 1
116857 2 8 1
116966 4 8 1
116966 1 8 1
117020 2 8 1
117074 3 8 1
117129 2 8 1
117183 1 8 1
117183 4 8 1
117237 3 8 1
117292 1 8 1
117400 2 8 1
117509 1 8 1
117618 3 8 1
117618 4 8 1
117726 1 8 1
117835 2 8 1
117944 3 8 1
118052 2 8 1
118161 1 8 1
118161 4 8 1
118270 2 8 1
118270 3 8 1
118270 4 8 1
118487 2 8 1
118596 3 8 1
118705 1 8 26.04
118922 4 8 1
118922 2 8 1
119031 3 8 1
119139 2 8 1
119139 1 8 1
119357 4 8 1
119574 1 8 1
119683 2 8 1
119792 3 8 26.04
120009 1 8 1
120009 2 8 1
120009 4 8 1
120226 3 8 1
120335 4 8 1
120444 1 8 1
120444 2 8 1
120553 3 8 1
120607 1 8 1
120661 3 8 1
120661 4 8 1
120716 2 8 1
120879 3 8 1
120879 4 8 1
120987 2 8 1
121096 4 8 1
121096 3 8 1
121205 2 8 1
121313 1 8 1
121313 4 8 1
121422 3 8 1
121531 2 8 1
121640 3 8 1
121748 1 8 1
121748 2 8 1
121748 4 8 1
121857 3 8 1
121966 2 8 1
122074 3 8 1
122183 1 8 1
122183 2 8 1
122292 3 8 12.96
122400 2 8 13.08
122400 1 8 1
122509 1 8 1
122563 2 8 6.6
122618 3 8 1
122618 4 8 1
122727 1 8 1
122835 3 8 1
123053 4 8 1
123161 2 8 1
123270 3 8 1
123487 1 8 1
123487 2 8 1
123705 3 8 1
123813 2 8 1
123813 1 8 1
123922 3 8 1
123977 1 8 1
124031 2 8 1
124085 4 8 1
124140 2 8 1
124140 3 8 1
124194 4 8 1
124248 1 8 1
124357 3 8 1
124357 2 8 1
124466 4 8 1
124574 2 8 1
124574 3 8 1
124683 1 8 1
124792 1 8 1
124900 3 8 1
124900 4 8 1
125009 1 8 1
125009 3 8 1
125118 4 8 1
125227 1 8 1
125227 2 8 1
125335 4 8 1
125444 1 8 1
125553 2 8 1
125661 4 8 1
125770 3 8 1
125879 2 8 12.96
125879 1 8 78.24
125987 3 8 1
126096 4 8 1
126205 2 8 1
126314 3 8 1
126531 4 8 1
126640 3 8 1
126748 2 8 1
126966 1 8 1
126966 2 8 1
126966 3 8 1
127074 4 8 1
127183 2 8 1
127292 4 8 1
127401 1 8 1
127455 2 8 1
127509 4 8 1
127564 1 8 1
127618 3 8 1
127618 4 8 1
127672 2 8 1
127727 1 8 1
127835 4 8 1
127944 2 8 1
128053 3 8 1
128161 2 8 1
128270 3 8 1
128270 4 8 1
128488 4 8 1
128596 1 8 1
128705 3 8 1
128705 2 8 1
128705 4 8 1
128922 2 8 1
129140 1 8 1
129357 1 8 1
129574 3 8 1
130009 3 8 1
130227 4 8 1
130444 2 8 1
130661 1 8 1
130879 2 8 1
131096 2 8 1
131314 4 8 1
131531 3 8 1
131966 3 8 1
132183 3 8 1
132401 1 8 1
132618 3 8 1
132835 3 8 52.2
133053 2 8 1
133488 3 8 1
133705 3 8 1
133922 2 8 1
134140 3 8 26.04
134357 4 8 52.2
134575 2 8 26.04
134792 1 8 26.04
135009 3 8 1
135227 4 8 1
135444 3 8 1
135662 4 8 1
135879 3 8 1
136096 2 8 1
136314 1 8 1
136531 1 8 1
136966 2 8 1
137183 2 8 1
137401 3 8 1
137618 2 8 1
137836 4 8 1
138053 3 8 39.12
138270 4 8 1
138488 1 8 1
138705 2 8 1
138923 2 8 1
139140 1 8 1
139140 4 8 1
139140 2 8 1
139357 1 8 1
139357 2 8 1
139357 4 8 1
139466 2 8 1
139575 4 8 1
139683 3 8 1
139792 1 8 1
139792 4 8 1
139792 2 8 1
139901 3 8 1
140010 1 8 1
140118 2 8 1
140227 3 8 1
140227 4 8 1
140227 1 8 1
140336 2 8 1
140444 4 8 1
140553 3 8 1
140662 1 8 1
140662 2 8 1
140662 4 8 1
140770 3 8 1
140879 1 8 1
140988 3 8 1
141096 1 8 1
141096 2 8 1
141096 3 8 1
141205 4 8 1
141314 1 8 1
141423 3 8 1
141531 2 8 1
141531 3 8 1
141531 4 8 1
141640 1 8 1
141749 4 8 1
141857 2 8 1
141966 1 8 1
141966 4 8 1
142020 2 8 1
142075 3 8 1
142129 4 8 1
142183 1 8 1
142238 3 8 1
142292 4 8 1
142347 1 8 1
142401 3 8 1
142455 2 8 1
142510 1 8 1
142564 4 8 1
142618 2 8 1
142618 3 8 1
142727 1 8 1
142836 4 8 1
142836 1 8 1
142836 2 8 1
142836 3 8 1
142944 4 8 1
143053 3 8 1
143162 2 8 1
143270 1 8 1
143270 3 8 1
143270 4 8 1
143379 1 8 1
143488 4 8 1
143597 2 8 1
143705 4 8 1
143705 1 8 1
143705 3 8 1
143814 2 8 1
143923 4 8 1
144031 3 8 1
144140 1 8 1
144140 2 8 1
144140 3 8 1
144249 4 8 1
144357 1 8 1
144466 2 8 1
144575 1 8 1
144575 2 8 1
144575 3 8 1
144575 4 8 1
144684 3 8 1
144792 2 8 1
144901 3 8 1
145010 1 8 1
145010 2 8 1
145010 3 8 1
145118 4 8 1
145118 3 8 1
145173 2 8 1
145227 1 8 1
145336 4 8 1
145444 2 8 1
145444 1 8 1
145499 3 8 1
145540 2 8 1
145607 3 8 1
145662 1 8 1
145771 4 8 1
145825 3 8 1
145879 1 8 1
145879 2 8 1
145988 4 8 1
146097 1 8 1
146097 2 8 1
146097 3 8 1
146205 4 8 1
146314 1 8 1
146314 2 8 1
146423 3 8 1
146531 2 8 1
146531 4 8 1
146640 2 8 1
146749 3 8 1
146749 4 8 1
146857 2 8 1
146966 1 8 13.08
146966 3 8 1
146966 4 8 1
147075 4 8 1
147184 1 8 1
147184 3 8 1
147292 2 8 8.76
147401 3 8 1
147401 4 8 1
147618 2 8 1
147618 4 8 13.08
147727 3 8 1
147836 2 8 1
147836 1 8 1
147944 4 8 1
148053 1 8 13.08
148162 2 8 1
148162 4 8 1
148271 3 8 1
148271 1 8 1
148379 2 8 1
148488 1 8 1
148488 4 8 26.04
148597 2 8 1
148705 1 8 1
148705 3 8 1
148923 3 8 1
148977 2 8 6.48
149031 3 8 1
149140 2 8 1
149140 4 8 1
149249 3 8 1
149358 1 8 1
149358 2 8 12.96
149466 3 8 1
149575 1 8 1
149575 4 8 1
149684 2 8 1
149684 4 8 1
149792 3 8 1
149901 4 8 1
149901 1 8 1
150010 2 8 1
150010 3 8 1
150118 2 8 1
150227 1 8 1
150227 4 8 1
150336 3 8 1
150445 1 8 1
150445 2 8 1
150445 4 8 12.96
150553 3 8 1
150662 2 8 13.08
150771 1 8 6.48
150879 2 8 1
150879 4 8 1
150879 3 8 1
150988 2 8 1
151097 1 8 1
151097 3 8 12.96
151205 2 8 1
151314 1 8 1
151314 3 8 1
151314 4 8 1
151532 3 8 12.96
151640 2 8 1
151749 1 8 1
151749 4 8 1
151858 3 8 1
151966 1 8 1
152075 2 8 13.08
152184 3 8 1
152184 4 8 1
152401 4 8 1
152510 3 8 12.96
152618 1 8 1
152618 2 8 1
152618 4 8 1
152727 3 8 1
152836 1 8 1
152836 4 8 1
152890 2 8 6.6
152945 3 8 6.48
152999 4 8 1
153053 2 8 1
153108 4 8 1
153162 1 8 1
153271 2 8 1
153271 3 8 1
153379 2 8 1
153379 4 8 1
153488 1 8 1
153488 3 8 1
153488 4 8 1
153597 2 8 1
153705 3 8 1
153814 2 8 1
153923 1 8 1
153923 4 8 1
154032 3 8 1
154140 2 8 1
154249 3 8 1
154358 1 8 1
154358 4 8 1
154466 2 8 1
154575 1 8 13.08
154792 1 8 1
154792 4 8 13.08
154901 3 8 1
155010 2 8 13.08
155119 4 8 1
155227 1 8 1
155336 3 8 1
155445 1 8 1
155553 4 8 13.08
155662 1 8 1
155662 2 8 1
155879 2 8 1
155988 3 8 1
156097 1 8 1
156097 2 8 1
156206 3 8 1
156314 1 8 19.56
156314 2 8 1
156423 3 8 1
156477 4 8 1
156532 2 8 1
156586 3 8 1
156586 1 8 1
156640 4 8 1
156749 2 8 1
156858 3 8 1
156966 1 8 1
156966 3 8 1
157184 4 8 13.08
157293 2 8 1
157401 1 8 1
157401 3 8 1
157401 4 8 13.08
157619 3 8 1
157727 2 8 13.08
157782 3 8 1
157836 1 8 1
157836 4 8 1
157945 2 8 1
158053 2 8 1
158053 4 8 1
158162 2 8 13.08
158271 1 8 1
158271 3 8 1
158488 1 8 1
158488 2 8 13.08
158597 3 8 13.08
158706 1 8 1
158706 2 8 1
158706 4 8 1
158923 4 8 1
158923 1 8 13.08
159140 1 8 1
159140 3 8 1
159249 2 8 1
159358 3 8 26.04
159466 2 8 1
159575 1 8 1
159575 4 8 1
159684 2 8 1
159793 4 8 26.04
160010 2 8 1
160010 3 8 1
160119 1 8 1
160119 2 8 1
160227 4 8 1
160227 3 8 1
160282 2 8 1
160336 1 8 1
160336 3 8 1
160445 4 8 26.04
160445 1 8 1
160553 2 8 1
160553 3 8 1
160662 1 8 1
160662 2 8 26.16
160771 4 8 13.08
160880 1 8 208.68
160880 3 8 260.88
162619 2 8 1
162836 2 8 1
163054 4 8 26.04
163271 1 8 1
163706 1 8 39.12
163923 3 8 1
164032 2 8 39.12
164358 4 8 391.32
164575 1 8 1
166396 3 8 1
166641 3 8 1
166858 2 8 1
167836 1 8 1
167836 2 8 1
167836 3 8 1
168054 3 8 1
168054 4 8 1
168162 2 8 1
168271 2 8 1
168271 4 8 1
168488 1 8 1
168488 2 8 1
168597 3 8 1
168706 4 8 39.12
168815 2 8 1
168923 1 8 1
169141 2 8 1
169358 3 8 1
169575 1 8 1
169575 4 8 1
169793 2 8 1
169901 3 8 1
170010 1 8 1
170010 4 8 1
170228 1 8 1
170228 2 8 1
170336 3 8 1
170445 4 8 13.08
170554 1 8 1
170554 2 8 6.48
170662 3 8 8.76
170785 3 8 22.8
170880 2 8 1
170880 4 8 11.4
171097 2 8 1
171206 4 8 1
171315 1 8 1
171315 2 8 12.96
171532 4 8 1
171641 3 8 1
171749 2 8 26.16
171749 3 8 1
171967 1 8 1
171967 4 8 1
172075 3 8 1
172184 3 8 13.08
172293 2 8 1
172402 1 8 26.04
172402 4 8 1
172510 2 8 13.08
172619 3 8 1
172728 1 8 1
172836 3 8 26.16
172945 2 8 1
173054 4 8 1
173054 1 8 1
173271 3 8 1
173380 2 8 1
173380 1 8 1
173597 3 8 1
173706 1 8 1
173706 4 8 1
173923 2 8 1
174032 3 8 1
174141 1 8 1
174249 4 8 52.2
174358 2 8 45.72
174576 3 8 12.96
174793 1 8 1
174793 3 8 1
174793 4 8 1
174902 2 8 1
175010 3 8 1
175119 2 8 1
175119 4 8 1
175228 2 8 1
175228 3 8 1
175445 1 8 1
175445 4 8 1
175554 3 8 1
175662 1 8 1
175662 2 8 1
175771 3 8 1
175880 4 8 1
175989 3 8 1
176097 1 8 1
176097 2 8 1
176315 3 8 1
176423 2 8 1
176532 1 8 1
176532 4 8 1
176749 2 8 1
176858 3 8 1
176967 1 8 1
176967 4 8 1
177021 2 8 1
177076 3 8 1
177184 1 8 1
177239 2 8 1
177293 3 8 1
177293 4 8 1
177402 1 8 1
177510 2 8 1
177619 3 8 39.12
177619 4 8 1
177728 2 8 1
177836 1 8 1
177836 4 8 1
177945 2 8 1
178054 3 8 1
178163 2 8 12.96
178271 3 8 1
178271 4 8 1
178380 2 8 1
178489 1 8 1
178597 3 8 1
178597 4 8 1
178706 1 8 1
178706 2 8 1
178815 3 8 1
178923 2 8 1
178923 4 8 1
179032 3 8 1
179141 2 8 1
179141 1 8 1
179250 3 8 1
179358 3 8 1
179358 4 8 1
179467 2 8 1
179576 1 8 1
179576 4 8 1
179684 1 8 1
179793 2 8 1
179793 3 8 1
180010 1 8 1
180010 2 8 1
180010 4 8 1
180119 3 8 1
180228 3 8 1
180337 1 8 1
180337 4 8 1
180337 2 8 1
180445 3 8 1
180554 2 8 1
180663 4 8 1
180663 1 8 1
180663 3 8 1
180771 2 8 1
180880 1 8 1
180880 4 8 1
180989 2 8 1
181097 3 8 1
181097 4 8 1
181206 3 8 1
181315 2 8 1
181315 1 8 1
181423 3 8 1
181532 1 8 1
181532 2 8 1
181532 4 8 1
181750 1 8 1
181750 2 8 1
181858 3 8 1
181967 1 8 1
181967 2 8 1
181967 4 8 1
182076 3 8 1
182184 2 8 1
182293 2 8 1
182402 1 8 1
182402 3 8 1
182402 4 8 1
182510 2 8 1
182619 4 8 1
182728 2 8 1
182837 1 8 1
182837 3 8 1
182837 4 8 1
182945 1 8 1
183054 3 8 1
183163 2 8 1
183271 1 8 1
183271 4 8 1
183271 3 8 1
183380 2 8 1
183489 3 8 1
183706 1 8 1
183706 2 8 1
183706 4 8 1
183815 4 8 1
183924 2 8 1
184032 3 8 1
184141 2 8 1
184141 4 8 1
184250 3 8 1
184358 2 8 1
184576 1 8 1
184576 3 8 1
184576 4 8 1
184684 2 8 1
184793 4 8 1
184847 2 8 1
184902 3 8 1
184956 1 8 1
185011 3 8 1
185065 1 8 1
185119 4 8 1
185174 3 8 1
185228 2 8 1
185228 1 8 1
185337 3 8 1
185445 1 8 1
185445 4 8 1
185554 3 8 1
185663 1 8 1
185771 2 8 1
185880 4 8 1
185880 3 8 1
185989 1 8 1
186098 3 8 1
186206 2 8 1
186315 1 8 1
186315 3 8 1
186315 4 8 1
186424 2 8 1
186532 3 8 1
186641 3 8 1
186750 2 8 1
186750 3 8 1
186750 4 8 1
186858 1 8 1
186967 3 8 1
187076 1 8 1
187184 2 8 1
187184 3 8 1
187184 4 8 1
187293 1 8 1
187402 4 8 1
187511 2 8 1
187619 2 8 1
187619 4 8 1
187619 1 8 1
187619 3 8 1
187728 1 8 1
187837 4 8 1
187945 1 8 1
188000 3 8 1
188054 1 8 1
188054 2 8 1
188108 4 8 1
188163 2 8 1
188217 1 8 1
188271 3 8 1
188326 4 8 1
188380 1 8 1
188435 4 8 1
188489 2 8 1
188543 3 8 1
188598 1 8 1
188652 2 8 1
188706 3 8 1
188706 4 8 1
188815 2 8 1
188924 3 8 12.96
189032 1 8 1
189032 2 8 1
189141 3 8 13.08
189141 4 8 1
189358 1 8 13.08
189358 2 8 1
189467 3 8 1
189576 4 8 1
189576 2 8 1
189685 3 8 1
189793 2 8 1
189793 4 8 1
189902 3 8 13.08
190011 1 8 1
190011 4 8 1
190119 3 8 1
190228 1 8 13.08
190228 2 8 1
190337 3 8 1
190445 1 8 1
190445 4 8 1
190663 2 8 13.08
190772 3 8 12.96
190880 2 8 1
190880 4 8 1
190989 2 8 1
191098 1 8 1
191098 3 8 1
191098 4 8 26.04
191206 1 8 1
191315 2 8 1
191315 3 8 1
191424 1 8 1
191424 3 8 1
191424 4 8 1
191532 2 8 1
191641 1 8 1
191750 2 8 1
191750 4 8 1
191859 3 8 1
191967 2 8 6.6
191967 4 8 6.6
192076 3 8 1
192185 2 8 1
192185 1 8 1
192185 4 8 1
192293 3 8 1
192402 1 8 13.08
192511 2 8 1
192619 1 8 1
192619 3 8 1
192619 4 8 13.08
192728 2 8 1
192837 1 8 1
192945 3 8 13.08
193054 1 8 1
193054 4 8 1
193272 2 8 12.96
193380 3 8 13.08
193489 1 8 1
193489 4 8 1
193706 2 8 13.08
193815 3 8 1
193924 1 8 1
193924 4 8 1
194032 2 8 1
194141 4 8 1
194250 2 8 13.08
194359 4 8 1
194359 3 8 1
194467 2 8 1
194576 2 8 1
194630 1 8 1
194685 3 8 1
194793 4 8 1
194793 1 8 1
194902 4 8 1
194956 3 8 1
195011 2 8 1
195119 3 8 1
195228 1 8 1
195228 4 8 1
195337 2 8 1
195446 4 8 1
195446 3 8 1
195554 3 8 1
195663 2 8 1
195663 1 8 1
195663 4 8 1
195772 2 8 1
195880 2 8 13.08
195880 3 8 1
195989 1 8 1
196098 3 8 1
196098 4 8 1
196206 2 8 1
196315 1 8 13.08
196424 2 8 1
196533 2 8 12.96
196533 3 8 1
196533 4 8 1
196641 1 8 1
196750 4 8 1
196859 2 8 1
196967 1 8 1
196967 3 8 1
197076 2 8 1
197185 3 8 1
197185 4 8 1
197293 2 8 13.08
197402 1 8 1
197402 4 8 1
197511 3 8 1
197620 2 8 1
197728 1 8 13.08
197837 2 8 1
197837 4 8 1
197837 3 8 1
198054 1 8 1
198054 2 8 13.08
198163 3 8 13.08
198272 1 8 1
198272 4 8 1
198380 3 8 1
198435 2 8 1
198489 1 8 1
198598 2 8 1
198706 1 8 1
198706 4 8 1
198815 3 8 1
198924 1 8 1
198924 4 8 1
199033 2 8 1
199141 1 8 1
199141 3 8 1
199141 4 8 1
199250 3 8 1
199359 2 8 1
199467 1 8 1
199467 2 8 13.08
199576 1 8 1
199576 3 8 1
199576 4 8 1
199793 1 8 1
199793 2 8 13.08
200011 4 8 1
200011 1 8 1
200120 3 8 1
200228 4 8 26.16
200337 2 8 1
200446 1 8 1
200446 3 8 1
200663 3 8 13.08
200663 4 8 1
200772 2 8 1
200880 1 8 1
200880 4 8 1
200989 3 8 1
201098 2 8 13.08
201207 3 8 12.96
201315 1 8 1
201315 2 8 1
201315 4 8 13.08
201424 1 8 1
201533 2 8 1
201587 4 8 1
201641 1 8 1
201696 2 8 1
201750 3 8 1
201859 1 8 1
201967 2 8 1
201967 3 8 1
202076 4 8 1
202185 1 8 1
202185 3 8 1
202294 1 8 1
202402 2 8 1
202402 4 8 13.08
202511 3 8 1
202620 1 8 1
202620 2 8 1
202620 4 8 1
202728 2 8 1
202837 2 8 1
202946 3 8 1
203054 4 8 1
203054 1 8 13.08
203163 2 8 1
203272 1 8 13.08
203272 4 8 1
203381 3 8 12.96
203489 2 8 1
203489 4 8 1
203598 3 8 1
203707 3 8 19.56
203707 1 8 1
203815 2 8 1
203924 1 8 1
203924 4 8 1
204033 3 8 1
204141 1 8 13.08
204250 2 8 1
204250 3 8 1
204359 1 8 1
204359 4 8 1
204467 3 8 1
204576 2 8 1
204685 2 8 13.08
204794 1 8 1
204794 4 8 1
204848 3 8 6.48
205011 2 8 1
205011 3 8 13.08
205120 2 8 1
205228 1 8 1
205228 4 8 1
205337 3 8 1
205337 4 8 1
205446 1 8 1
205554 2 8 1
205609 4 8 6.48
205663 3 8 1
205663 1 8 1
205881 2 8 1
205881 3 8 1
205989 2 8 6.6
206098 1 8 1
206098 4 8 1
206207 3 8 1
206315 2 8 13.08
206424 4 8 1
206533 1 8 1
206533 3 8 12.96
206641 2 8 1
206750 4 8 13.08
206968 1 8 1
206968 3 8 1
207076 2 8 1
207185 3 8 1
207294 4 8 6.48
207402 1 8 1
207402 4 8 6.6
207511 2 8 1
207620 3 8 12.96
207620 1 8 1
207728 2 8 1
207837 1 8 1
207837 4 8 1
208055 2 8 12.96
208163 3 8 1
208272 1 8 1
208272 4 8 1
208381 3 8 1
208489 1 8 13.08
208489 4 8 1
208598 2 8 1
208707 4 8 1
208761 3 8 1
208815 2 8 1
208870 1 8 1
208924 2 8 1
209033 3 8 1
209142 1 8 1
209142 4 8 1
209142 2 8 1
209359 2 8 13.08
209468 3 8 1
209576 1 8 1
209576 2 8 1
209576 4 8 1
209794 2 8 1
209794 3 8 1
209902 2 8 13.08
210011 1 8 1
210011 4 8 1
210228 4 8 6.6
210228 3 8 1
210446 3 8 1
210446 1 8 1
210446 2 8 1
210663 3 8 13.08
210772 2 8 1
210881 1 8 12.96
210881 4 8 1
210989 2 8 1
211098 4 8 13.08
211207 2 8 1
211315 1 8 1
211315 4 8 1
211533 2 8 1
211642 2 8 12.96
211750 1 8 1
211750 3 8 1
211750 4 8 1
211968 2 8 1
211968 3 8 12.96
212076 4 8 1
212185 1 8 1
212185 4 8 1
212294 2 8 1
212294 3 8 1
212402 1 8 1
212457 3 8 1
212511 1 8 1
212511 2 8 1
212566 3 8 1
212620 1 8 1
212620 4 8 1
212837 2 8 1
212837 3 8 1
212946 2 8 1
213055 1 8 1
213055 3 8 1
213055 4 8 1
213163 2 8 1
213272 3 8 1
213272 4 8 1
213381 1 8 1
213381 2 8 1
213489 1 8 1
213489 4 8 1
213598 2 8 1
213707 3 8 1
213707 4 8 1
213816 4 8 1
213924 1 8 1
213924 3 8 1
214033 2 8 1
214142 1 8 1
214142 4 8 1
214250 3 8 1
214359 1 8 1
214359 2 8 1
214468 2 8 1
214576 3 8 1
214576 4 8 1
214685 2 8 1
214794 1 8 1
214794 3 8 1
214794 4 8 1
215011 3 8 52.2
215446 2 8 52.2
215881 1 8 26.04
215881 3 8 26.04
216098 2 8 26.16
216316 3 8 26.04
216533 1 8 1
216533 2 8 1
216533 4 8 1
216750 2 8 1
216859 3 8 1
216968 1 8 52.2
217185 3 8 1
217185 4 8 1
217403 4 8 1
217403 3 8 1
217620 2 8 1
217837 2 8 1
217892 4 8 1
217946 3 8 1
218055 2 8 26.04
218272 1 8 1
218272 3 8 1
218490 2 8 1
218598 4 8 1
218598 3 8 1
218707 1 8 13.08
218761 2 8 6.6
218816 3 8 6.48
218870 4 8 1
218924 3 8 1
218924 2 8 13.08
218979 1 8 1
219142 4 8 6.48
219142 3 8 4.32
219359 3 8 1
219359 4 8 1
219468 2 8 1
219685 1 8 1
219685 2 8 1
219794 4 8 1
219794 3 8 1
219848 2 8 1
219939 3 8 1
220011 1 8 17.4
220011 4 8 1
220229 1 8 1
220337 4 8 65.28
220446 3 8 13.08
220664 2 8 1
220664 1 8 1
220772 3 8 1
220881 2 8 1
220881 1 8 1
221098 2 8 1
221316 1 8 12.96
221424 2 8 13.08
221533 3 8 26.04
221533 4 8 1
221750 1 8 1
221750 4 8 1
221968 2 8 1
222077 1 8 1
222077 3 8 1
222185 4 8 1
222240 2 8 1
222294 1 8 1
222348 2 8 1
222403 3 8 1
222403 4 8 6.48
222511 2 8 13.08
222620 1 8 1
222620 4 8 1
222837 2 8 1
222837 3 8 1
222946 3 8 1
222946 4 8 1
223055 1 8 1
223164 2 8 1
223164 3 8 1
223272 4 8 1
223272 1 8 1
223381 3 8 1
223490 4 8 1
223490 2 8 12.96
223598 3 8 1
223707 4 8 52.2
223816 2 8 1
223924 3 8 26.16
223924 1 8 1
224142 1 8 1
224142 2 8 1
224251 3 8 1
224359 1 8 1
224359 4 8 1
224577 1 8 1
224794 2 8 1
224903 3 8 1
225011 4 8 26.16
225229 1 8 1
225229 3 8 1
225446 2 8 1
225446 1 8 1
225555 4 8 1
225555 3 8 1
225664 2 8 1
225718 1 8 1
225772 2 8 1
225809 3 8 1
225881 1 8 1
225935 2 8 1
225990 3 8 1
226098 1 8 1
226098 2 8 1
226316 3 8 1
226316 4 8 1
226425 2 8 1
226533 4 8 1
226642 4 8 1
226751 1 8 1
226805 3 8 1
226859 4 8 1
226914 2 8 1
226968 4 8 1
226968 1 8 1
227185 1 8 13.08
227294 3 8 1
227403 1 8 52.2
227620 2 8 1
227620 4 8 1
227729 3 8 1
227838 2 8 1
227838 4 8 1
228055 3 8 1
228272 2 8 1
228381 2 8 39.12
228490 3 8 1
228707 1 8 1
228707 4 8 1
228707 3 8 1
228925 2 8 1
229033 3 8 1
229033 4 8 1
229142 1 8 1
229142 4 8 1
229196 3 8 1
229251 2 8 1
229359 1 8 1
229359 3 8 1
229359 4 8 1
229468 2 8 1
229577 4 8 1
229577 3 8 1
229794 2 8 1
229794 4 8 1
229794 1 8 1
229903 2 8 1
229903 3 8 1
230012 1 8 1
230012 2 8 1
230012 4 8 26.04
230120 3 8 1
230229 2 8 1
230283 3 8 1
230283 1 8 1
230338 4 8 1
230392 3 8 1
230446 1 8 52.2
230446 2 8 1
230664 4 8 1
230881 2 8 1
230881 3 8 39.12
231099 1 8 1
231099 4 8 1
231207 2 8 1
231316 3 8 52.2
231425 2 8 1
231533 1 8 1
231751 1 8 52.2
231859 4 8 1
231968 3 8 1
232186 2 8 26.04
232403 3 8 1
232403 4 8 52.2
232620 3 8 1
232838 1 8 1
232838 2 8 104.28
232946 3 8 1
233055 1 8 1
233164 4 8 1
233272 1 8 1
233490 4 8 1
233707 3 8 1
233816 2 8 1
233925 1 8 1
233925 4 8 1
234033 2 8 1
234142 3 8 1
234215 2 8 17.28
234287 3 8 1
234359 4 8 26.16
234577 2 8 1
234577 3 8 26.04
234686 4 8 1
234794 1 8 26.16
234903 2 8 1
235012 3 8 26.04
235229 2 8 26.04
235338 1 8 1
235446 4 8 13.08
235555 3 8 1
235664 1 8 104.28
235664 2 8 1
235881 4 8 1
235990 2 8 1
236207 4 8 1
236316 3 8 1
236533 4 8 1
236533 3 8 52.2
236642 2 8 1
236860 2 8 1
236968 1 8 1
236968 4 8 26.16
237186 2 8 1
237294 2 8 1
237403 1 8 1
237403 3 8 1
237403 4 8 1
237512 3 8 1
237620 2 8 1
237729 4 8 1
237838 2 8 1
237838 3 8 1
238055 2 8 1
238055 3 8 1
238273 4 8 1
238273 1 8 1
238490 2 8 1
238707 3 8 1
238816 2 8 1
238925 4 8 1
238925 1 8 1
239142 2 8 1
239142 3 8 1
239360 1 8 1
239360 4 8 1
239468 2 8 1
239577 2 8 13.08
239577 1 8 1
239631 3 8 1
239699 4 8 1
239794 2 8 13.08
239794 3 8 1
239903 4 8 13.08
240012 1 8 104.28
240120 2 8 1
240229 4 8 1
240229 3 8 1
240338 2 8 1
240447 2 8 1
240555 4 8 1
240664 3 8 1
240773 2 8 1
240881 3 8 26.16
240881 4 8 1
241099 2 8 19.56
241207 3 8 1
241316 1 8 1
241316 4 8 26.16
241534 3 8 26.04
241534 2 8 1
241642 1 8 1
241751 4 8 1
241751 2 8 1
241860 3 8 1
241968 2 8 1
242186 2 8 1
242294 3 8 1
242403 2 8 1
242621 1 8 1
242621 3 8 1
242621 4 8 1
242729 2 8 1
242838 4 8 1
242947 2 8 1
243055 3 8 1
243055 4 8 1
243164 2 8 1
243273 1 8 1
243273 3 8 1
243273 4 8 1
243381 2 8 1
243490 1 8 1
243490 4 8 1
243599 3 8 1
243708 2 8 1
243816 3 8 1
243925 1 8 1
243925 2 8 1
243925 4 8 1
244034 3 8 1
244142 1 8 1
244197 2 8 1
244251 4 8 1
244305 3 8 1
244360 4 8 1
244360 2 8 1
244360 1 8 1
244468 2 8 1
244577 3 8 1
244686 2 8 1
244686 1 8 1
244794 1 8 1
244794 4 8 1
245012 2 8 1
245012 4 8 1
245121 3 8 1
245229 1 8 1
245229 2 8 1
245338 4 8 1
245447 3 8 1
245447 2 8 1
245555 1 8 1
245664 2 8 1
245664 4 8 1
245773 1 8 1
245881 2 8 1
245881 4 8 1
245990 3 8 1
246099 1 8 1
246099 2 8 1
246208 3 8 1
246316 1 8 1
246316 2 8 1
246425 3 8 1
246534 1 8 1
246534 4 8 1
246642 2 8 1
246642 3 8 1
246751 1 8 1
246860 4 8 1
246968 2 8 1
247023 3 8 1
247023 4 8 1
247077 1 8 1
247186 2 8 1
247295 4 8 1
247403 1 8 1
247403 2 8 1
247512 3 8 1
247621 1 8 1
247729 4 8 1
247838 3 8 1
247838 1 8 130.44
247838 2 8 1
248055 4 8 1
248164 3 8 1
248273 4 8 1
248273 2 8 1
248490 3 8 1
248708 2 8 1
248708 4 8 1
248925 2 8 39.12
249034 3 8 1
249142 1 8 1
249142 4 8 1
249251 3 8 1
249360 2 8 26.04
249577 1 8 1
249577 4 8 1
249686 3 8 1
249795 2 8 26.04
249903 1 8 1
250012 1 8 1
250012 3 8 26.04
250012 4 8 1
250229 2 8 26.16
250447 1 8 52.2
250447 4 8 1
250555 2 8 1
250664 3 8 1
250773 2 8 1
250882 3 8 1
250882 4 8 52.08
250990 1 8 1
251099 3 8 1
251316 1 8 1
251316 2 8 1
251534 2 8 1
251534 4 8 1
251642 3 8 1
251751 1 8 1
251751 2 8 1
251969 1 8 1
251969 3 8 1
252186 4 8 1
252186 3 8 1
252403 3 8 1
252403 4 8 1
252512 1 8 1
252512 3 8 1
252621 2 8 1
252621 1 8 1
252729 3 8 1
252838 1 8 1
252893 4 8 1
252947 2 8 1
253056 3 8 1
253056 4 8 1
253164 1 8 1
253273 2 8 1
253327 3 8 1
253382 1 8 1
253490 1 8 1
253490 4 8 1
253599 2 8 1
253708 1 8 1
253708 4 8 1
253816 3 8 1
253925 2 8 1
253925 4 8 1
254034 1 8 1
254143 2 8 1
254197 3 8 1
254251 4 8 1
254360 2 8 1
254360 1 8 1
254414 3 8 1
254469 2 8 1
254523 1 8 1
254577 2 8 1
254577 3 8 1
254650 4 8 1
254700 3 8 1
254795 2 8 1
254795 1 8 1
254903 3 8 1
255012 4 8 1
255121 3 8 1
255121 1 8 1
255230 2 8 1
255230 4 8 1
255338 2 8 1
255447 1 8 1
255447 4 8 1
255556 3 8 1
255664 1 8 1
255664 2 8 1
255882 2 8 1
255990 3 8 1
255990 4 8 1
256099 1 8 156.48
256099 2 8 1
256316 3 8 1
256534 2 8 1
256751 4 8 1
256860 3 8 1
256969 2 8 1
256969 4 8 1
257077 2 8 1
257186 4 8 1
257403 3 8 1
257403 4 8 104.4
257512 1 8 1
257621 2 8 1
257730 2 8 1
257838 1 8 1
257838 3 8 1
257947 2 8 1
258056 3 8 1
258164 2 8 1
258273 1 8 1
258273 2 8 1
258273 3 8 1
258490 1 8 1
258490 3 8 1
258708 1 8 1
258708 2 8 1
258762 3 8 1
258817 4 8 1
258925 1 8 1
258925 2 8 1
259034 4 8 1
259034 3 8 1
259143 1 8 1
259143 2 8 1
259251 3 8 1
259360 1 8 1
259360 4 8 1
259469 2 8 1
259577 4 8 1
259577 3 8 1
259795 1 8 1
259795 2 8 1
260012 1 8 1
260012 4 8 1
260230 2 8 1
260338 3 8 1
260338 4 8 1
260447 2 8 1
260447 1 8 1
260556 4 8 1
260664 1 8 1
260664 3 8 1
260882 2 8 1
260882 1 8 1
260882 4 8 1
260991 3 8 1
261099 2 8 1
261099 3 8 1
261208 2 8 1
261208 4 8 1
261317 1 8 1
261425 3 8 1
261534 2 8 1
261534 4 8 1
261751 4 8 1
261751 2 8 1
261751 3 8 52.2
261969 1 8 1
262077 4 8 1
262186 1 8 1
262186 2 8 26.16
262404 1 8 26.04
262512 3 8 1
262621 2 8 1
262621 4 8 52.2
262838 1 8 1
262947 3 8 1
263056 2 8 52.2
263056 1 8 1
263273 4 8 1
263491 1 8 1
263491 3 8 52.08
263708 2 8 1
263817 1 8 1
263925 2 8 1
263925 4 8 1
264034 1 8 1
264034 2 8 84.84
264143 3 8 1
264251 4 8 1
264360 1 8 1
264360 3 8 1
264469 4 8 1
264578 1 8 1
264686 4 8 1
264795 4 8 52.2
264795 3 8 1
265012 1 8 1
265230 1 8 1
265230 2 8 1
265338 3 8 1
265447 1 8 1
265556 1 8 1
265610 3 8 32.64
265665 2 8 1
265665 4 8 1
265773 1 8 1
265882 2 8 19.56
265991 3 8 1
266045 1 8 1
266136 4 8 47.76
266136 1 8 1
266208 3 8 1
266317 3 8 1
266425 2 8 1
266534 1 8 52.2
266534 2 8 1
266643 3 8 1
266752 4 8 1
266860 3 8 1
266969 2 8 1
266969 4 8 1
267078 1 8 1
267186 2 8 1
267186 3 8 1
267295 4 8 1
267404 1 8 1
267404 4 8 1
267512 3 8 1
267621 2 8 1
267621 1 8 1
267730 1 8 1
267838 3 8 1
267838 2 8 1
267947 4 8 1
268056 3 8 1
268110 2 8 1
268165 1 8 1
268273 2 8 1
268273 3 8 1
268273 4 8 1
268382 4 8 13.08
268436 3 8 1
268491 1 8 1
268545 2 8 1
268599 1 8 1
268654 3 8 1
268708 2 8 1
268708 4 8 1
268817 1 8 1
268925 4 8 1
269034 3 8 1
269143 2 8 26.04
269143 4 8 1
269360 1 8 1
269360 3 8 26.16
269360 4 8 1
269469 2 8 1
269578 1 8 1
269578 4 8 1
269686 3 8 39.12
269795 2 8 1
269795 4 8 1
269904 1 8 1
270012 2 8 1
270012 4 8 1
270121 4 8 65.28
270230 1 8 1
270230 2 8 1
270339 3 8 1
270447 1 8 1
270447 2 8 1
270556 3 8 1
270610 2 8 6.6
270665 1 8 1
270773 2 8 1
270828 3 8 1
270882 1 8 1
270882 4 8 1
270991 4 8 1
271045 3 8 1
271099 2 8 1
271154 1 8 1
271208 2 8 1
271262 4 8 1
271317 1 8 1
271317 2 8 1
271426 4 8 1
271480 3 8 1
271534 2 8 1
271589 1 8 1
271643 3 8 1
271697 1 8 1
271752 4 8 1
271806 2 8 1
271860 1 8 1
271915 3 8 1
271969 4 8 1
272023 2 8 1
272078 1 8 1
272132 3 8 1
272186 2 8 1
272404 3 8 1
272621 2 8 1
272839 1 8 1
273165 1 8 1
273273 2 8 1
273491 3 8 1
273708 3 8 1
273926 1 8 1
274143 3 8 1
274360 2 8 1
274578 2 8 1
274795 1 8 1
275013 2 8 1
275230 2 8 1
