1.811 1 8 1
2.266 2 8 1
2.72 3 8 1
3.175 2 8 1
3.629 4 8 1
4.084 1 8 1
4.311 2 8 1
4.538 3 8 1
4.538 4 8 1
4.766 2 8 1
4.993 3 8 1
5.22 4 8 1
5.448 1 8 1
5.448 2 8 1
5.902 3 8 1
6.357 3 8 1
6.811 1 8 1
7.266 3 8 1
7.72 1 8 1
7.948 2 8 1
8.175 4 8 1
8.402 3 8 1
8.629 2 8 1
8.857 3 8 1
9.084 1 8 1
9.084 2 8 1
9.538 4 8 1
9.993 1 8 1
10.448 3 8 1
10.902 1 8 1
11.129 2 8 1
11.129 3 8 1
11.357 3 8 1
11.357 4 8 1
11.584 1 8 1
11.584 3 8 1
11.811 1 8 1
12.038 2 8 1
12.038 3 8 1
12.266 4 8 1
12.493 1 8 1
12.72 2 8 1
13.175 4 8 1
13.629 2 8 1
14.084 4 8 1
14.538 1 8 1
14.538 3 8 1
14.766 1 8 1
14.766 2 8 1
14.993 2 8 1
14.993 3 8 1
15.22 2 8 1
15.22 4 8 1
15.448 3 8 1
15.675 4 8 1
15.675 1 8 1
15.902 3 8 1
16.129 1 8 245.52
16.129 2 8 1
16.357 4 8 1
16.811 2 8 1
17.266 2 8 1
17.72 4 8 1
18.175 2 8 1
18.402 3 8 1
18.402 4 8 1
18.629 2 8 1
18.629 4 8 1
18.857 2 8 1
18.857 3 8 1
19.084 4 8 1
19.311 2 8 1
19.311 3 8 1
19.538 1 8 1
19.766 3 8 1
19.766 4 8 1
19.993 2 8 1
20.448 1 8 1
20.902 3 8 1
21.357 2 8 1
21.584 3 8 1
21.811 4 8 1
21.811 1 8 1
22.038 2 8 1
22.266 4 8 1
22.266 2 8 1
22.493 3 8 1
22.493 1 8 1
22.72 3 8 1
22.948 2 8 1
22.948 4 8 1
23.175 3 8 1
23.402 1 8 1
23.629 4 8 1
24.084 1 8 1
24.311 2 8 1
24.538 4 8 1
24.993 1 8 1
24.993 4 8 1
25.448 2 8 1
25.448 3 8 1
25.675 1 8 1
25.675 2 8 1
25.902 2 8 1
25.902 3 8 1
26.129 2 8 1
26.129 4 8 1
26.357 1 8 1
26.584 3 8 1
26.584 1 8 1
26.811 1 8 1
27.038 4 8 1
27.038 2 8 1
27.266 4 8 1
27.493 2 8 1
27.72 1 8 1
27.72 4 8 1
27.948 2 8 1
28.175 4 8 1
28.175 3 8 1
28.402 1 8 1
28.629 3 8 1
28.629 4 8 1
28.857 2 8 1
29.084 2 8 1
29.084 3 8 1
29.311 1 8 1
29.311 2 8 1
29.538 1 8 1
29.538 3 8 1
29.766 2 8 1
29.766 4 8 1
29.993 4 8 1
30.22 1 8 1
30.22 3 8 1
30.448 2 8 1
30.448 4 8 1
30.675 3 8 1
30.902 4 8 1
30.902 1 8 1
31.129 4 8 1
31.357 1 8 1
31.357 2 8 1
31.584 3 8 1
31.811 1 8 1
31.811 4 8 1
32.038 2 8 1
32.266 4 8 1
32.266 1 8 1
32.493 3 8 1
32.72 1 8 1
32.72 4 8 1
32.948 2 8 1
32.948 3 8 1
33.175 4 8 1
33.175 2 8 1
33.402 2 8 1
33.402 3 8 1
33.629 1 8 1
33.857 1 8 1
33.857 4 8 1
34.084 2 8 1
34.084 3 8 1
34.311 2 8 1
34.538 1 8 1
34.538 3 8 1
34.766 3 8 1
34.879 4 8 1
34.993 4 8 1
34.993 1 8 1
35.22 2 8 1
35.448 1 8 1
35.448 4 8 1
35.675 3 8 1
35.902 1 8 1
35.902 4 8 1
36.016 3 8 1
36.129 2 8 1
36.357 1 8 1
36.357 4 8 1
36.811 2 8 1
37.038 2 8 1
37.038 3 8 1
37.493 2 8 1
37.493 3 8 1
38.175 1 8 1
38.175 4 8 1
38.516 2 8 1
38.629 3 8 1
38.857 1 8 1
38.857 2 8 1
39.084 3 8 1
39.311 2 8 1
39.538 3 8 1
39.766 2 8 1
39.993 4 8 1
39.993 1 8 1
40.22 3 8 1
40.448 2 8 1
40.675 2 8 1
40.675 4 8 1
40.902 2 8 1
41.129 3 8 1
41.129 4 8 1
41.357 1 8 1
41.584 2 8 1
41.584 3 8 1
41.811 1 8 1
41.811 4 8 1
42.039 3 8 1
42.266 1 8 1
42.493 1 8 1
42.493 4 8 1
42.72 2 8 1
42.948 3 8 1
43.175 2 8 1
43.402 3 8 1
43.629 4 8 1
43.629 1 8 1
43.857 3 8 1
44.084 2 8 1
44.311 3 8 1
44.311 4 8 1
44.539 1 8 1
44.539 4 8 1
44.766 3 8 1
44.766 4 8 1
44.993 2 8 1
45.22 4 8 1
45.22 3 8 1
45.448 1 8 1
45.448 2 8 1
45.902 1 8 1
45.902 4 8 1
46.129 2 8 1
46.129 1 8 1
46.357 2 8 1
46.357 4 8 1
46.584 3 8 1
46.811 2 8 1
47.039 3 8 1
47.266 1 8 1
47.266 4 8 1
47.493 2 8 1
47.72 3 8 1
47.948 2 8 1
47.948 1 8 1
48.175 2 8 1
48.175 3 8 1
48.402 1 8 1
48.402 3 8 1
48.629 2 8 1
48.857 1 8 1
48.857 2 8 1
49.084 3 8 1
49.084 4 8 1
49.311 1 8 1
49.539 3 8 1
49.766 2 8 1
49.766 1 8 1
49.993 3 8 1
49.993 4 8 1
50.22 3 8 1
50.448 2 8 1
50.675 2 8 1
50.902 1 8 1
50.902 4 8 1
51.129 1 8 1
51.357 3 8 1
51.584 2 8 1
51.584 1 8 1
51.811 4 8 1
51.811 1 8 1
52.039 2 8 1
52.039 3 8 1
52.266 3 8 1
52.379 1 8 1
52.379 2 8 1
52.493 3 8 1
52.72 1 8 1
52.72 3 8 1
52.72 4 8 1
53.061 2 8 1
53.175 4 8 1
53.402 1 8 1
53.629 1 8 1
53.629 4 8 1
53.97 2 8 1
54.084 3 8 1
54.311 4 8 1
54.311 2 8 1
54.539 1 8 1
54.539 4 8 1
54.879 4 8 1
54.993 1 8 1
55.22 2 8 1
55.22 4 8 1
55.448 1 8 1
55.448 3 8 1
55.675 2 8 1
55.789 3 8 1
55.902 1 8 1
56.129 2 8 1
56.129 1 8 1
56.357 4 8 1
56.357 3 8 1
56.698 3 8 1
56.811 1 8 1
57.039 4 8 1
57.039 2 8 1
57.266 1 8 1
57.266 2 8 1
57.607 2 8 1
57.72 1 8 1
57.72 4 8 1
57.948 2 8 1
57.948 4 8 1
58.175 3 8 1
58.175 4 8 1
58.516 1 8 1
58.629 2 8 1
58.629 3 8 1
58.857 3 8 1
58.857 2 8 1
59.084 1 8 1
59.084 4 8 1
59.311 3 8 1
59.425 1 8 1
59.539 2 8 1
59.539 3 8 1
59.766 2 8 1
59.766 3 8 1
59.993 1 8 1
59.993 3 8 1
60.334 3 8 1
60.448 1 8 1
60.448 2 8 1
60.675 4 8 1
60.675 1 8 1
60.902 3 8 1
60.902 4 8 1
61.016 1 8 1
61.016 2 8 1
61.243 4 8 1
61.357 1 8 1
61.584 4 8 1
61.584 2 8 1
61.811 3 8 1
61.811 4 8 1
62.039 4 8 1
62.152 2 8 1
62.266 1 8 1
62.266 4 8 1
62.493 2 8 1
62.493 4 8 1
62.72 1 8 1
62.72 4 8 1
62.834 2 8 1
62.948 4 8 1
63.061 2 8 1
63.175 1 8 1
63.175 3 8 1
63.402 1 8 1
63.402 2 8 1
63.629 1 8 1
63.629 2 8 1
63.629 4 8 1
63.743 3 8 1
63.857 4 8 1
63.97 1 8 1
64.084 2 8 1
64.198 4 8 1
64.198 3 8 1
64.311 1 8 1
64.311 2 8 1
64.425 4 8 1
64.539 1 8 1
64.539 3 8 1
64.652 1 8 1
64.652 2 8 1
64.766 4 8 1
64.766 3 8 1
64.879 1 8 1
64.879 2 8 1
64.993 4 8 1
64.993 3 8 1
65.107 2 8 1
65.107 1 8 1
65.164 3 8 1
65.22 4 8 1
65.277 2 8 1
65.334 1 8 1
65.391 3 8 1
65.391 4 8 1
65.448 1 8 1
65.448 2 8 1
65.675 2 8 1
65.902 2 8 1
65.902 1 8 1
66.129 2 8 1
66.129 3 8 1
66.357 1 8 1
66.357 4 8 1
66.584 2 8 1
66.584 3 8 1
66.811 4 8 1
67.039 3 8 1
67.266 4 8 13.56
67.266 1 8 13.56
67.436 3 8 6.84
67.493 1 8 18.24
67.493 4 8 13.68
67.72 1 8 6.84
67.72 2 8 13.68
67.777 4 8 6.84
67.834 3 8 6.84
67.872 2 8 1
67.891 4 8 6.84
67.948 2 8 20.4
67.948 1 8 13.56
67.948 3 8 1
68.175 1 8 6.84
68.175 2 8 13.68
68.289 3 8 6.72
68.345 4 8 6.84
68.402 2 8 20.52
68.459 3 8 6.84
68.516 4 8 13.56
68.629 1 8 4.56
68.667 2 8 5.76
68.705 4 8 11.4
68.757 3 8 5.16
68.8 1 8 27.24
68.8 2 8 22.2
69.084 3 8 9.12
69.084 4 8 9.12
69.122 2 8 9.12
69.198 1 8 6.72
69.254 4 8 13.68
69.311 3 8 20.52
69.368 2 8 20.52
69.539 1 8 11.88
69.595 4 8 6.84
69.652 3 8 3.48
69.709 4 8 1
69.766 2 8 6.84
69.766 1 8 20.4
69.823 3 8 6.72
69.879 4 8 10.32
69.936 3 8 6.84
69.993 2 8 13.68
70.05 1 8 1
70.107 4 8 13.56
70.164 3 8 6.72
70.22 2 8 20.52
70.334 1 8 13.68
70.391 3 8 6.84
70.448 4 8 13.56
70.504 2 8 13.68
70.618 1 8 6.84
70.675 4 8 13.68
70.675 3 8 6.84
70.732 2 8 13.56
70.789 3 8 13.56
70.845 4 8 6.84
70.902 1 8 6.84
70.959 2 8 13.68
71.016 3 8 6.84
71.073 4 8 13.56
71.129 1 8 13.68
71.186 2 8 1
71.243 4 8 6.84
71.3 3 8 6.84
71.357 1 8 13.56
71.357 4 8 1
71.414 2 8 6.72
71.47 4 8 13.68
71.527 3 8 13.68
71.584 2 8 6.84
71.641 1 8 6.84
71.698 4 8 13.56
71.754 3 8 6.84
71.811 1 8 13.68
71.868 2 8 6.84
71.925 3 8 6.84
71.982 2 8 13.56
72.039 4 8 13.56
72.095 3 8 6.84
72.152 1 8 13.68
72.209 4 8 1
72.266 3 8 6.84
72.323 4 8 47.64
72.379 2 8 1
72.72 2 8 1
72.777 4 8 20.52
72.834 3 8 6.84
72.891 1 8 13.56
72.948 2 8 6.72
73.004 3 8 13.68
73.061 2 8 1
73.118 4 8 13.68
73.175 1 8 13.68
73.232 2 8 13.56
73.289 3 8 6.72
73.345 4 8 6.84
73.402 1 8 13.68
73.459 2 8 13.68
73.516 4 8 13.56
73.573 3 8 6.72
73.629 1 8 13.68
73.629 2 8 1
73.743 2 8 1
73.857 1 8 20.4
73.914 4 8 6.72
73.97 3 8 3.48
74.027 2 8 20.52
74.084 3 8 1
74.084 4 8 1
74.141 1 8 6.84
74.198 3 8 6.72
74.254 1 8 13.68
74.311 4 8 13.68
74.368 2 8 20.52
74.425 3 8 6.84
74.482 1 8 6.84
74.539 4 8 6.72
74.595 1 8 6.84
74.652 3 8 6.84
74.709 2 8 6.84
74.766 4 8 6.84
74.823 1 8 13.56
74.879 2 8 6.84
74.936 3 8 6.84
74.993 2 8 3.48
74.993 4 8 3.48
75.05 3 8 6.84
75.107 4 8 1
75.164 2 8 1
75.164 1 8 6.72
75.164 3 8 6.72
75.22 4 8 9.12
75.277 2 8 13.68
75.334 3 8 6.84
75.391 4 8 6.84
75.448 2 8 6.72
75.504 1 8 6.84
75.561 4 8 13.68
75.618 1 8 1
75.675 3 8 6.84
75.675 2 8 13.68
75.732 1 8 6.84
75.789 4 8 6.72
75.845 3 8 6.84
75.902 2 8 1
75.902 1 8 34.08
76.357 1 8 13.56
76.414 4 8 8.52
76.47 3 8 6.84
76.527 2 8 13.68
76.584 1 8 13.68
76.641 4 8 13.56
76.698 3 8 13.56
76.754 2 8 13.68
76.811 1 8 6.84
76.868 4 8 13.68
76.925 3 8 13.68
76.982 2 8 6.84
77.039 4 8 6.72
77.095 3 8 6.84
77.152 2 8 1
77.209 1 8 6.84
77.209 3 8 1
77.266 4 8 6.84
77.323 1 8 6.72
77.379 2 8 1
77.493 4 8 1
77.55 3 8 6.84
77.607 4 8 13.56
77.664 1 8 13.56
77.72 2 8 13.68
77.777 4 8 1
77.834 3 8 6.84
77.891 1 8 13.56
77.948 4 8 13.56
78.004 3 8 6.84
78.061 2 8 4.56
78.118 1 8 6.84
78.175 4 8 6.84
78.232 3 8 6.84
78.289 1 8 13.56
78.345 2 8 20.52
78.402 4 8 13.68
78.459 1 8 6.84
78.516 3 8 6.84
78.573 2 8 13.56
78.629 4 8 6.84
78.686 1 8 6.84
78.743 3 8 13.68
78.8 2 8 2.28
78.8 1 8 1
78.857 4 8 1
78.914 1 8 13.56
78.97 4 8 13.68
79.027 3 8 1
79.084 2 8 13.68
79.141 4 8 6.84
79.198 3 8 6.72
79.254 1 8 13.68
79.311 2 8 6.84
79.368 4 8 6.84
79.425 3 8 6.84
79.482 2 8 1
79.539 1 8 6.72
79.539 4 8 54.48
79.595 3 8 6.84
79.652 2 8 1
79.993 1 8 6.84
80.05 2 8 6.84
80.107 4 8 13.56
80.164 1 8 27.24
80.22 2 8 6.84
80.277 3 8 13.68
80.334 4 8 1
80.391 2 8 13.68
80.448 1 8 6.84
80.505 4 8 13.56
80.561 3 8 6.84
80.618 1 8 6.84
80.675 4 8 6.84
80.675 2 8 6.84
80.732 3 8 6.84
80.789 4 8 6.72
80.845 2 8 6.84
80.902 3 8 1
81.13 4 8 20.4
81.243 3 8 6.84
81.3 1 8 6.84
81.357 2 8 9.12
81.47 4 8 1
81.485 3 8 11.88
81.527 2 8 1
81.584 1 8 13.68
81.811 4 8 1
81.811 3 8 1
81.868 1 8 1
81.925 2 8 1
81.982 1 8 1
82.039 4 8 1
82.095 3 8 1
82.152 2 8 1
82.209 4 8 1
82.266 1 8 1
82.323 3 8 1
82.38 4 8 1
82.436 1 8 1
82.493 2 8 1
82.55 3 8 1
82.607 4 8 1
82.664 1 8 1
82.72 3 8 1
82.777 4 8 1
82.834 2 8 1
82.891 1 8 1
82.948 3 8 1
83.005 4 8 1
83.061 3 8 1
83.118 2 8 1
83.175 4 8 1
83.175 1 8 1
83.232 3 8 1
83.289 2 8 1
83.402 4 8 1
83.459 1 8 1
83.516 2 8 1
83.63 3 8 1
83.63 4 8 1
83.686 2 8 1
83.743 3 8 1
83.8 4 8 1
83.857 1 8 1
83.914 2 8 1
83.97 4 8 1
84.027 3 8 1
84.084 2 8 1
84.141 1 8 1
84.198 3 8 1
84.255 2 8 1
84.311 4 8 1
84.368 1 8 1
84.425 2 8 1
84.482 3 8 1
84.539 1 8 1
84.539 4 8 1
84.595 2 8 1
84.652 3 8 1
84.709 2 8 1
84.766 3 8 1
84.823 1 8 1
84.88 4 8 1
84.936 2 8 1
84.993 3 8 1
85.05 1 8 1
85.107 4 8 1
85.164 3 8 1
85.22 1 8 1
85.277 2 8 1
85.334 3 8 1
85.391 2 8 1
85.448 1 8 1
85.505 3 8 1
85.561 4 8 1
85.618 2 8 1
85.675 3 8 1
85.732 2 8 1
85.789 1 8 1
85.845 4 8 1
85.902 3 8 1
85.902 2 8 1
85.959 1 8 1
86.016 4 8 1
86.073 1 8 1
86.13 2 8 1
86.186 3 8 1
86.243 2 8 1
86.3 3 8 1
86.357 1 8 1
86.357 4 8 1
86.414 2 8 1
86.47 3 8 1
86.527 4 8 1
86.584 1 8 1
86.641 3 8 1
86.698 2 8 1
86.755 1 8 1
86.811 3 8 1
86.811 4 8 1
86.868 2 8 1
86.925 1 8 1
87.039 4 8 1
87.039 3 8 1
87.266 1 8 1
87.266 4 8 1
87.323 3 8 1
87.38 2 8 1
87.436 3 8 1
87.493 4 8 1
87.55 1 8 1
87.607 2 8 1
87.664 3 8 1
87.72 4 8 1
87.72 2 8 1
87.777 3 8 1
87.834 1 8 1
87.891 2 8 1
87.948 1 8 1
87.948 4 8 1
88.005 2 8 1
88.061 3 8 1
88.118 2 8 1
88.175 1 8 1
88.175 4 8 1
88.289 2 8 1
88.345 3 8 1
88.402 4 8 1
88.459 1 8 1
88.516 2 8 1
88.573 3 8 1
88.63 1 8 1
88.63 4 8 1
88.686 2 8 1
88.743 3 8 1
88.8 2 8 1
88.857 4 8 1
88.914 3 8 1
88.97 2 8 1
89.027 1 8 1
89.084 4 8 1
89.084 3 8 1
89.141 2 8 1
89.198 3 8 1
89.255 4 8 1
89.311 2 8 1
89.368 1 8 1
89.425 3 8 1
89.482 2 8 1
89.539 4 8 1
89.539 1 8 1
89.595 3 8 1
89.652 2 8 1
89.709 1 8 1
89.766 4 8 1
89.823 3 8 1
89.88 1 8 1
89.936 2 8 1
89.993 4 8 1
90.05 2 8 1
90.107 3 8 1
90.164 4 8 1
90.22 1 8 1
90.277 2 8 1
90.334 3 8 1
90.391 4 8 1
90.434 2 8 1
90.448 1 8 1
90.505 3 8 1
90.561 4 8 1
90.675 2 8 1
90.732 3 8 1
90.789 2 8 1
90.845 4 8 1
90.902 1 8 1
90.902 2 8 1
90.959 3 8 1
91.016 2 8 1
91.073 1 8 1
91.13 4 8 1
91.186 3 8 1
91.243 2 8 1
91.3 1 8 1
91.357 3 8 1
91.357 4 8 1
91.414 2 8 1
91.47 4 8 1
91.527 1 8 1
91.584 3 8 1
91.641 1 8 1
91.698 2 8 1
91.755 3 8 1
91.811 4 8 1
91.811 1 8 1
91.868 2 8 1
91.925 3 8 1
91.982 4 8 1
92.039 1 8 1
92.095 2 8 1
92.152 3 8 1
92.209 2 8 1
92.266 1 8 1
92.323 4 8 1
92.38 3 8 1
92.436 1 8 1
92.493 2 8 1
92.55 4 8 1
92.607 1 8 1
92.664 3 8 1
92.72 1 8 1
92.72 2 8 1
92.777 4 8 1
92.834 3 8 1
92.891 2 8 1
93.005 3 8 1
93.061 1 8 1
93.118 3 8 1
93.175 4 8 1
93.232 2 8 1
93.289 3 8 1
93.345 2 8 1
93.402 4 8 1
93.459 1 8 1
93.516 3 8 1
93.573 1 8 1
93.63 2 8 1
93.686 3 8 1
93.743 4 8 1
93.8 2 8 1
93.857 1 8 1
93.914 3 8 1
93.97 2 8 1
94.027 4 8 1
94.084 1 8 1
94.084 3 8 1
94.141 2 8 1
94.198 1 8 1
94.255 3 8 1
94.311 2 8 1
94.368 3 8 1
94.425 1 8 1
94.539 4 8 1
94.993 4 8 1
95.22 3 8 1
95.448 2 8 1
95.675 1 8 81.84
95.902 4 8 1
96.13 3 8 1
96.357 4 8 54.48
96.357 2 8 1
96.357 3 8 1
96.47 2 8 1
96.584 3 8 1
96.698 1 8 1
96.811 2 8 1
96.925 3 8 1
97.039 1 8 1
97.039 2 8 1
97.039 4 8 1
97.152 3 8 1
97.266 1 8 1
97.266 4 8 54.48
97.38 2 8 1
97.493 1 8 1
97.607 2 8 1
97.72 1 8 1
97.72 3 8 1
97.834 2 8 1
97.948 1 8 1
97.948 4 8 1
98.061 3 8 1
98.061 2 8 1
98.175 1 8 1
98.175 4 8 1
98.289 2 8 1
98.345 3 8 1
98.402 1 8 1
98.459 2 8 1
98.516 3 8 1
98.573 4 8 1
98.63 1 8 1
98.63 2 8 1
98.743 3 8 1
98.857 2 8 1
98.857 1 8 1
98.914 3 8 1
98.97 4 8 1
99.027 3 8 1
99.084 1 8 1
99.141 2 8 1
99.255 3 8 1
99.311 4 8 1
99.368 3 8 1
99.425 2 8 1
99.482 4 8 1
99.539 2 8 1
99.539 1 8 1
99.652 3 8 1
99.766 2 8 1
99.823 1 8 1
99.88 4 8 1
99.936 3 8 1
99.993 1 8 1
99.993 2 8 1
100.107 3 8 1
100.164 2 8 1
100.22 4 8 1
100.277 3 8 1
100.334 2 8 1
100.391 3 8 1
100.448 4 8 1
100.448 1 8 1
100.505 3 8 1
100.561 2 8 1
100.675 3 8 1
100.675 4 8 1
100.732 2 8 1
100.789 3 8 1
100.845 1 8 1
100.902 3 8 1
100.902 4 8 1
101.016 3 8 1
101.13 1 8 1
101.13 2 8 1
101.186 3 8 1
101.243 2 8 1
101.3 3 8 1
101.357 1 8 1
101.357 4 8 1
101.47 3 8 1
101.584 2 8 1
101.584 1 8 1
101.698 3 8 1
101.755 1 8 1
101.811 2 8 1
101.868 3 8 1
101.925 4 8 1
101.982 3 8 1
102.039 1 8 1
102.095 2 8 1
102.152 3 8 1
102.209 1 8 1
102.266 2 8 1
102.266 4 8 1
102.38 3 8 1
102.436 1 8 1
102.493 3 8 1
102.493 4 8 1
102.607 2 8 1
102.664 1 8 1
102.72 3 8 1
102.834 2 8 1
102.948 1 8 1
102.948 4 8 1
103.061 3 8 1
103.175 1 8 1
103.175 4 8 1
103.289 2 8 1
103.402 3 8 1
103.402 4 8 1
103.516 2 8 1
103.63 4 8 54.48
103.63 1 8 1
103.63 3 8 1
103.743 2 8 1
103.857 1 8 1
103.97 3 8 1
104.084 2 8 1
104.084 1 8 1
104.198 2 8 1
104.311 1 8 27.36
104.311 3 8 1
104.311 4 8 1
104.425 2 8 1
104.539 3 8 1
104.539 4 8 54.48
104.652 2 8 1
104.766 3 8 1
104.88 2 8 1
104.993 3 8 1
104.993 2 8 1
104.993 1 8 1
105.069 4 8 1
105.121 3 8 1
105.22 4 8 1
105.22 1 8 1
105.334 3 8 1
105.391 1 8 1
105.448 4 8 1
105.448 2 8 1
105.561 3 8 1
105.675 3 8 1
105.732 2 8 1
105.789 3 8 1
105.845 4 8 1
105.902 1 8 1
106.016 2 8 1
106.073 3 8 1
106.13 1 8 1
106.13 4 8 1
106.205 2 8 1
106.3 3 8 1
106.357 2 8 1
106.357 1 8 1
106.47 4 8 1
106.527 3 8 1
106.584 1 8 1
106.698 2 8 1
106.811 3 8 1
106.811 4 8 1
106.868 1 8 1
106.925 2 8 1
106.982 1 8 1
107.039 4 8 1
107.095 2 8 1
107.152 3 8 1
107.266 1 8 1
107.266 4 8 1
107.323 3 8 1
107.38 2 8 1
107.493 3 8 1
107.55 2 8 1
107.607 3 8 1
107.72 1 8 1
107.72 4 8 1
107.777 2 8 1
107.834 3 8 1
107.891 2 8 1
107.948 4 8 1
108.005 1 8 1
108.061 3 8 1
108.118 2 8 1
108.175 1 8 1
108.289 4 8 1
108.345 3 8 1
108.402 2 8 1
108.459 4 8 1
108.516 2 8 1
108.573 3 8 1
108.63 1 8 1
108.63 2 8 1
108.743 4 8 1
108.857 3 8 1
108.97 2 8 1
109.084 1 8 1
109.084 4 8 1
109.141 3 8 1
109.198 2 8 1
109.255 1 8 1
109.311 4 8 1
109.368 3 8 1
109.425 2 8 1
109.482 4 8 1
109.539 1 8 1
109.539 2 8 1
109.652 4 8 1
109.766 1 8 1
109.823 2 8 1
109.88 3 8 1
110.22 1 8 1
110.561 2 8 1
110.675 3 8 1
110.902 1 8 1
110.902 4 8 1
111.357 2 8 1
111.584 3 8 1
111.811 1 8 1
112.266 2 8 1
112.72 4 8 1
113.175 2 8 1
113.63 4 8 1
113.857 3 8 1
114.084 1 8 1
114.311 2 8 1
114.539 3 8 1
114.539 4 8 1
114.766 2 8 1
114.993 3 8 1
115.22 1 8 1
115.448 2 8 1
115.448 4 8 1
115.902 2 8 1
116.13 4 8 1
116.357 1 8 1
116.357 3 8 1
116.584 2 8 1
116.811 4 8 1
117.039 2 8 1
117.266 4 8 1
117.493 3 8 1
117.721 1 8 1
117.948 2 8 1
118.175 2 8 1
118.175 4 8 1
118.63 2 8 1
118.857 3 8 1
119.084 4 8 1
119.539 2 8 1
119.993 3 8 1
119.993 4 8 1
120.448 1 8 1
120.902 4 8 1
120.902 2 8 1
121.13 1 8 1
121.357 2 8 1
121.584 3 8 1
121.811 1 8 1
121.811 2 8 1
122.266 4 8 1
122.721 2 8 1
123.175 3 8 1
123.63 4 8 1
124.084 1 8 1
124.539 4 8 1
124.993 1 8 1
125.448 4 8 1
125.448 2 8 1
126.357 3 8 1
126.811 1 8 1
127.266 2 8 1
127.493 1 8 1
127.493 3 8 1
127.721 2 8 1
127.948 2 8 1
127.948 3 8 27.24
128.175 1 8 1
128.402 2 8 1
128.402 4 8 1
128.63 3 8 1
128.857 4 8 245.4
129.084 1 8 1
129.539 1 8 1
129.993 1 8 1
130.448 1 8 1
130.902 2 8 1
131.13 3 8 1
131.357 2 8 1
131.357 4 8 1
131.584 1 8 1
131.584 2 8 1
131.811 2 8 1
132.039 3 8 1
132.039 4 8 1
132.266 2 8 1
132.493 4 8 245.52
132.721 1 8 1
133.175 1 8 1
133.63 1 8 1
134.084 1 8 1
134.539 1 8 1
134.766 2 8 1
134.766 3 8 1
134.993 3 8 1
134.993 4 8 1
135.221 2 8 1
135.221 1 8 1
135.448 2 8 1
135.675 1 8 1
135.675 4 8 1
135.902 3 8 1
136.13 2 8 1
136.357 1 8 156.84
136.811 4 8 1
137.266 4 8 1
137.721 1 8 54.48
137.948 3 8 1
138.175 4 8 1
138.63 1 8 1
138.857 2 8 1
138.857 3 8 1
139.084 3 8 1
139.311 1 8 1
139.311 4 8 1
139.539 2 8 1
139.766 3 8 1
139.993 1 8 1
139.993 4 8 1
140.221 2 8 1
140.334 3 8 1
140.448 4 8 1
140.448 1 8 1
140.675 2 8 1
140.789 3 8 1
140.902 1 8 1
140.902 4 8 1
141.243 3 8 1
141.357 4 8 1
141.357 1 8 1
141.584 3 8 1
141.811 1 8 1
141.811 2 8 1
142.039 2 8 1
142.039 3 8 1
142.266 2 8 1
142.266 4 8 1
142.493 3 8 1
142.493 2 8 1
142.721 1 8 1
142.948 2 8 1
142.948 4 8 1
143.175 1 8 1
143.175 4 8 1
143.402 2 8 1
143.63 1 8 1
143.63 4 8 1
143.857 3 8 1
143.971 2 8 1
144.084 1 8 1
144.084 4 8 1
144.311 2 8 1
144.425 3 8 1
144.539 1 8 1
144.539 4 8 1
144.88 3 8 1
144.993 2 8 1
144.993 4 8 1
145.221 3 8 1
145.334 2 8 1
145.448 1 8 1
145.448 4 8 1
145.675 2 8 1
145.902 2 8 1
145.902 4 8 1
146.13 1 8 1
146.13 3 8 1
146.357 2 8 1
146.584 3 8 1
146.584 4 8 1
146.811 1 8 1
147.039 2 8 1
147.039 3 8 1
147.266 1 8 1
147.266 4 8 1
147.607 3 8 1
147.721 1 8 1
147.721 4 8 1
148.061 2 8 1
148.175 1 8 1
148.175 4 8 1
148.516 3 8 1
148.63 1 8 1
148.63 4 8 1
148.857 2 8 1
149.084 1 8 1
149.084 4 8 1
149.311 2 8 1
149.311 4 8 1
149.539 2 8 1
149.539 3 8 1
149.766 3 8 1
149.993 1 8 1
149.993 2 8 1
150.221 1 8 1
150.221 4 8 1
150.448 1 8 1
150.448 3 8 1
150.675 1 8 1
150.902 4 8 1
150.902 2 8 1
151.13 3 8 1
151.357 1 8 1
151.357 4 8 1
151.584 2 8 1
151.811 3 8 1
151.811 4 8 1
152.039 2 8 1
152.266 1 8 1
152.266 4 8 1
152.493 3 8 1
152.721 2 8 1
152.721 4 8 54.48
153.175 2 8 1
153.402 1 8 1
153.402 3 8 54.6
153.857 1 8 81.84
153.857 4 8 1
154.539 2 8 1
154.539 3 8 1
154.539 4 8 1
154.993 3 8 1
154.993 4 8 1
155.221 2 8 1
155.448 1 8 1
155.448 2 8 1
155.902 3 8 1
155.902 4 8 1
155.902 1 8 1
156.13 2 8 1
156.357 2 8 1
156.357 1 8 1
156.357 4 8 1
156.812 4 8 1
156.812 3 8 1
157.039 3 8 1
157.266 2 8 1
157.266 1 8 1
157.493 3 8 1
157.721 1 8 1
157.721 4 8 1
157.948 3 8 1
158.175 1 8 1
158.175 4 8 1
158.175 2 8 1
158.63 1 8 1
158.63 4 8 1
158.743 2 8 1
158.857 3 8 1
159.084 1 8 1
159.084 4 8 1
159.539 1 8 1
159.539 3 8 1
159.539 4 8 1
159.766 2 8 1
159.993 3 8 1
159.993 4 8 1
159.993 2 8 1
160.448 1 8 1
160.448 2 8 1
160.675 1 8 1
160.902 2 8 1
160.902 3 8 1
160.902 4 8 1
161.13 3 8 1
161.357 1 8 1
161.357 4 8 1
161.584 2 8 1
161.812 3 8 1
161.812 4 8 1
162.266 1 8 1
162.266 2 8 1
162.493 3 8 1
162.721 2 8 1
162.721 4 8 1
163.175 1 8 1
163.175 4 8 1
163.402 2 8 1
163.63 1 8 1
163.63 2 8 1
163.63 4 8 1
164.084 1 8 1
164.084 2 8 1
164.312 3 8 1
164.539 3 8 1
164.539 4 8 1
164.766 2 8 1
164.993 4 8 1
165.221 2 8 1
165.221 3 8 1
165.448 1 8 1
165.448 3 8 1
165.448 4 8 1
165.902 4 8 1
165.902 3 8 1
166.13 2 8 1
166.357 1 8 1
166.357 3 8 1
166.357 4 8 1
166.812 1 8 1
166.812 2 8 1
167.039 3 8 1
167.266 1 8 1
167.266 2 8 1
167.266 4 8 1
167.721 2 8 1
167.948 2 8 1
168.175 3 8 1
168.175 4 8 1
168.402 2 8 1
168.63 1 8 1
168.743 2 8 1
168.857 3 8 1
169.084 1 8 1
169.084 4 8 1
169.425 3 8 1
169.539 2 8 1
169.766 4 8 1
169.766 2 8 1
169.993 1 8 1
170.334 2 8 1
170.448 1 8 1
170.448 3 8 1
170.675 1 8 1
170.675 4 8 1
170.902 1 8 1
170.902 4 8 1
171.357 1 8 1
171.584 1 8 1
171.584 2 8 1
171.812 1 8 1
171.812 4 8 1
172.039 2 8 1
172.039 4 8 1
172.152 3 8 1
172.266 1 8 1
172.493 2 8 1
172.493 4 8 1
172.721 1 8 1
172.721 3 8 1
173.062 3 8 1
173.175 1 8 1
173.175 2 8 1
173.402 1 8 1
173.402 4 8 1
173.63 2 8 1
173.63 3 8 1
173.971 3 8 1
174.084 1 8 1
174.084 4 8 1
174.312 1 8 1
174.312 4 8 1
174.539 4 8 1
174.539 2 8 1
174.88 3 8 1
174.937 2 8 1
174.993 1 8 1
175.221 1 8 1
175.448 2 8 1
175.448 4 8 1
175.675 3 8 1
175.789 1 8 1
175.902 3 8 1
176.13 2 8 1
176.13 3 8 1
176.357 4 8 1
176.357 2 8 1
176.698 4 8 1
176.812 2 8 1
176.812 3 8 1
177.039 3 8 1
177.039 1 8 1
177.266 1 8 1
177.266 4 8 1
177.607 4 8 1
177.721 1 8 1
177.721 3 8 1
177.948 2 8 1
177.948 4 8 1
178.175 1 8 1
178.175 4 8 1
178.516 4 8 1
178.63 1 8 1
178.857 4 8 1
178.857 2 8 1
179.084 1 8 1
179.084 2 8 1
179.198 4 8 1
179.312 1 8 1
179.425 2 8 1
179.539 4 8 1
179.766 1 8 1
179.766 4 8 1
179.993 3 8 1
179.993 4 8 1
180.107 1 8 1
180.221 4 8 1
180.334 3 8 1
180.448 1 8 1
180.448 2 8 1
180.562 3 8 1
180.562 4 8 1
180.675 1 8 1
180.675 2 8 1
180.789 4 8 1
180.902 3 8 1
180.902 4 8 1
181.016 1 8 1
181.016 2 8 1
181.13 3 8 1
181.13 4 8 1
181.243 1 8 1
181.243 2 8 1
181.357 3 8 1
181.414 1 8 1
181.471 4 8 1
181.527 3 8 1
181.584 2 8 1
181.641 4 8 1
181.641 1 8 1
181.698 3 8 1
181.755 2 8 1
181.812 1 8 1
181.812 4 8 1
182.039 1 8 1
182.266 3 8 1
182.266 2 8 1
182.493 3 8 1
182.493 4 8 1
182.721 2 8 1
182.721 3 8 1
182.948 4 8 1
182.948 1 8 1
183.175 1 8 1
183.175 2 8 1
183.402 4 8 1
183.402 3 8 1
183.63 4 8 27.24
183.63 2 8 13.56
183.687 3 8 20.4
183.857 1 8 13.68
183.956 2 8 15.36
184.084 3 8 27.36
184.084 4 8 27.36
184.141 2 8 6.84
184.312 1 8 6.72
184.368 2 8 20.52
184.539 1 8 20.4
184.652 2 8 13.68
184.709 3 8 23.88
184.766 4 8 9.12
184.842 2 8 9.12
184.908 1 8 5.76
184.993 4 8 23.88
185.05 2 8 6.84
185.079 3 8 7.92
185.145 2 8 5.64
185.183 1 8 31.8
185.448 3 8 20.4
185.448 4 8 20.4
185.505 2 8 1
185.562 1 8 6.72
185.618 2 8 13.68
185.675 4 8 9.12
185.732 1 8 13.68
185.789 2 8 13.56
185.902 3 8 20.52
185.902 4 8 9.12
185.959 2 8 6.84
186.073 1 8 13.68
186.13 2 8 13.56
186.187 3 8 6.72
186.243 4 8 6.84
186.357 1 8 1
186.357 2 8 20.4
186.357 3 8 6.84
186.471 1 8 20.4
186.584 2 8 1
186.641 3 8 13.68
186.698 1 8 13.68
186.698 2 8 13.68
186.812 4 8 13.56
186.868 3 8 6.84
186.925 2 8 6.84
186.982 4 8 13.68
187.039 3 8 6.84
187.096 1 8 13.56
187.152 2 8 13.68
187.209 4 8 6.84
187.266 3 8 13.68
187.323 2 8 20.4
187.38 1 8 6.84
187.437 3 8 6.72
187.493 4 8 34.08
187.55 1 8 1
187.607 3 8 13.68
187.664 2 8 1
187.721 1 8 6.72
187.777 3 8 13.68
187.834 2 8 6.84
187.891 1 8 6.84
187.948 4 8 20.4
187.948 2 8 6.84
188.005 3 8 6.84
188.062 2 8 13.56
188.118 3 8 6.84
188.175 1 8 13.68
188.232 2 8 6.84
188.289 4 8 27.24
188.346 3 8 6.72
188.402 2 8 6.84
188.459 3 8 13.68
188.516 1 8 6.84
188.573 4 8 6.84
188.63 2 8 36.36
188.63 3 8 4.56
188.743 1 8 47.76
189.084 4 8 9.12
189.141 3 8 6.84
189.198 2 8 13.68
189.255 1 8 6.84
189.312 4 8 13.56
189.368 3 8 6.84
189.425 1 8 13.68
189.482 2 8 13.68
189.539 4 8 13.56
189.596 3 8 6.72
189.652 2 8 1
189.709 4 8 13.68
189.766 2 8 6.84
189.823 3 8 13.68
189.88 1 8 13.56
189.937 2 8 1
189.993 3 8 1
190.107 1 8 9.12
190.221 2 8 1
190.221 4 8 27.24
190.277 3 8 6.84
190.334 1 8 13.68
190.448 3 8 13.68
190.505 2 8 6.84
190.562 1 8 27.24
190.618 4 8 6.84
190.675 3 8 20.52
190.732 2 8 20.4
190.789 4 8 13.56
190.902 1 8 6.84
190.959 4 8 6.84
191.016 1 8 13.68
191.073 2 8 1
191.13 4 8 6.84
191.187 3 8 6.72
191.243 2 8 13.68
191.3 3 8 13.68
191.357 4 8 13.68
191.414 2 8 6.84
191.471 1 8 6.72
191.527 3 8 6.84
191.584 2 8 13.68
191.641 1 8 6.84
191.698 4 8 6.84
191.755 2 8 1
191.812 1 8 13.56
191.812 3 8 1
191.868 4 8 6.84
191.925 3 8 6.84
191.982 2 8 6.84
192.039 1 8 6.84
192.039 3 8 1
192.096 4 8 6.72
192.152 3 8 6.84
192.209 2 8 1
192.266 1 8 6.84
192.323 3 8 1
192.38 4 8 40.92
192.721 3 8 6.72
192.777 2 8 13.68
192.834 3 8 6.84
192.891 4 8 6.84
192.948 1 8 6.84
193.005 2 8 6.84
193.062 4 8 13.56
193.118 1 8 1
193.175 2 8 1
193.175 3 8 13.68
193.232 1 8 6.84
193.289 4 8 6.84
193.346 3 8 6.72
193.402 1 8 13.68
193.459 2 8 1
193.516 4 8 13.68
193.573 3 8 1
193.63 1 8 1
193.687 2 8 1
193.743 3 8 1
193.8 4 8 1
193.857 3 8 1
193.857 2 8 1
193.914 1 8 1
193.971 4 8 13.56
194.028 3 8 13.56
194.084 2 8 13.68
194.141 1 8 6.84
194.198 3 8 6.84
194.255 1 8 6.84
194.312 4 8 13.56
194.368 3 8 13.68
194.425 2 8 6.84
194.482 1 8 6.84
194.539 4 8 13.68
194.596 3 8 13.56
194.653 1 8 1
194.709 2 8 13.68
194.766 3 8 13.68
194.823 1 8 13.68
194.88 2 8 6.84
194.937 4 8 6.72
194.993 3 8 6.84
195.05 4 8 13.68
195.107 2 8 6.84
195.107 1 8 6.84
195.164 3 8 6.84
195.221 1 8 6.84
195.221 2 8 6.84
195.278 4 8 6.72
195.334 3 8 6.84
195.391 2 8 13.68
195.448 1 8 6.84
195.448 3 8 1
195.505 4 8 6.84
195.562 3 8 6.72
195.618 1 8 6.84
195.618 2 8 1
195.675 4 8 13.68
195.732 3 8 1
195.789 1 8 13.68
195.846 4 8 61.32
195.903 2 8 1
195.903 3 8 1
196.357 1 8 20.52
196.414 2 8 13.68
196.471 3 8 13.56
196.528 4 8 13.56
196.584 2 8 6.84
196.641 3 8 6.84
196.698 1 8 6.84
196.755 4 8 6.84
196.797 1 8 1
196.812 3 8 13.56
196.868 4 8 13.68
196.925 1 8 13.68
196.982 2 8 6.84
197.039 3 8 13.68
197.096 4 8 13.56
197.153 1 8 6.72
197.209 2 8 6.84
197.266 3 8 1
197.493 1 8 13.68
197.493 2 8 1
197.607 4 8 13.68
197.721 3 8 1
197.834 1 8 13.68
197.834 4 8 13.68
197.834 3 8 1
198.175 1 8 1
198.175 3 8 1
198.175 2 8 1
198.232 4 8 1
198.289 3 8 1
198.346 1 8 1
198.403 4 8 1
198.459 3 8 1
198.516 1 8 1
198.573 2 8 1
198.63 3 8 1
198.63 4 8 1
198.687 1 8 1
198.743 2 8 1
198.8 4 8 1
198.857 3 8 1
198.914 1 8 1
198.971 2 8 1
199.028 4 8 1
199.084 3 8 1
199.141 4 8 1
199.198 1 8 1
199.255 2 8 1
199.312 4 8 1
199.368 3 8 1
199.425 2 8 1
199.482 1 8 1
199.539 4 8 1
199.596 3 8 1
199.653 2 8 1
199.709 4 8 1
199.752 1 8 1
199.766 2 8 1
199.823 3 8 1
199.993 2 8 1
199.993 1 8 1
199.993 3 8 1
200.05 4 8 1
200.107 1 8 1
200.164 2 8 1
200.221 4 8 1
200.278 1 8 1
200.334 3 8 1
200.391 2 8 1
200.448 1 8 1
200.448 4 8 1
200.505 3 8 1
200.562 2 8 1
200.618 4 8 1
200.675 2 8 1
200.732 1 8 1
200.789 3 8 1
200.846 2 8 1
200.903 1 8 1
200.903 3 8 1
200.959 4 8 1
201.073 3 8 1
201.13 1 8 1
201.187 2 8 1
201.243 4 8 1
201.3 2 8 1
201.357 1 8 1
201.357 3 8 1
201.414 2 8 1
201.471 1 8 1
201.528 4 8 1
201.584 3 8 1
201.641 2 8 1
201.698 3 8 1
201.755 4 8 1
201.812 1 8 1
201.868 2 8 1
201.925 4 8 1
201.982 3 8 1
202.039 1 8 1
202.096 2 8 1
202.153 3 8 1
202.209 1 8 1
202.266 3 8 1
202.266 4 8 1
202.323 2 8 1
202.38 1 8 1
202.437 3 8 1
202.493 4 8 1
202.55 1 8 1
202.607 2 8 1
202.664 3 8 1
202.721 4 8 1
202.778 2 8 1
202.834 3 8 1
202.891 1 8 1
202.948 4 8 1
203.005 3 8 1
203.062 1 8 1
203.118 2 8 1
203.175 3 8 1
203.175 4 8 1
203.232 1 8 1
203.289 2 8 1
203.346 4 8 1
203.403 3 8 1
203.63 1 8 1
203.63 4 8 1
203.687 3 8 1
203.743 2 8 1
203.8 3 8 1
203.857 4 8 1
203.914 1 8 1
203.971 2 8 1
204.028 3 8 1
204.084 4 8 1
204.084 1 8 1
204.141 2 8 1
204.198 3 8 1
204.255 1 8 1
204.312 4 8 1
204.368 2 8 1
204.425 1 8 1
204.482 3 8 1
204.539 1 8 1
204.539 4 8 1
204.596 2 8 1
204.653 3 8 1
204.709 4 8 1
204.766 1 8 1
204.823 2 8 1
204.88 3 8 1
204.937 1 8 1
204.993 2 8 1
204.993 4 8 1
205.05 3 8 1
205.107 1 8 1
205.164 2 8 1
205.221 4 8 1
205.278 3 8 1
205.334 1 8 1
205.391 2 8 1
205.448 3 8 1
205.448 4 8 1
205.505 2 8 1
205.562 1 8 1
205.618 4 8 1
205.675 2 8 1
205.732 3 8 1
205.789 2 8 1
205.846 3 8 1
205.903 1 8 1
205.903 4 8 1
205.959 2 8 1
206.016 4 8 1
206.073 3 8 1
206.13 1 8 1
206.187 2 8 1
206.243 4 8 1
206.3 3 8 1
206.357 2 8 1
206.414 4 8 1
206.471 3 8 1
206.528 2 8 1
206.584 1 8 1
206.641 2 8 1
206.698 3 8 1
206.755 2 8 1
206.812 4 8 1
206.868 3 8 1
206.925 1 8 1
206.982 4 8 1
207.039 2 8 1
207.153 3 8 1
207.209 4 8 1
207.266 1 8 1
207.323 2 8 1
207.38 3 8 1
207.437 4 8 1
207.493 1 8 1
207.55 2 8 1
207.607 3 8 1
207.664 4 8 1
207.721 2 8 1
207.778 1 8 1
207.834 4 8 1
207.891 3 8 1
207.948 1 8 1
208.005 2 8 1
208.062 4 8 1
208.118 3 8 1
208.175 2 8 1
208.232 1 8 1
208.289 3 8 1
208.346 2 8 1
208.403 4 8 1
208.459 3 8 1
208.516 1 8 1
208.573 2 8 1
208.63 3 8 1
208.687 4 8 1
208.743 2 8 1
208.8 3 8 1
208.857 1 8 1
208.914 2 8 1
208.971 4 8 1
209.028 3 8 1
209.084 1 8 1
209.141 2 8 1
209.198 3 8 1
209.255 1 8 1
209.312 2 8 1
209.368 1 8 1
209.425 3 8 1
209.482 4 8 1
209.539 2 8 1
209.539 1 8 1
209.596 3 8 1
209.653 4 8 1
209.709 3 8 1
209.766 2 8 1
209.823 1 8 1
209.88 4 8 1
209.937 3 8 1
209.993 2 8 1
209.993 1 8 1
210.05 3 8 1
210.107 2 8 1
210.164 1 8 1
210.221 4 8 1
210.278 3 8 1
210.334 1 8 1
210.391 2 8 1
210.448 3 8 1
210.448 4 8 1
210.505 2 8 1
210.562 4 8 1
210.618 3 8 1
210.675 1 8 27.36
210.675 2 8 27.36
210.903 4 8 1
211.13 2 8 1
211.357 3 8 1
211.584 1 8 1
211.812 2 8 1
212.039 3 8 1
212.266 4 8 54.6
212.493 2 8 1
212.721 2 8 1
212.721 3 8 1
212.721 1 8 54.48
212.948 4 8 1
213.062 3 8 1
213.175 2 8 1
213.175 3 8 1
213.289 1 8 1
213.403 3 8 1
213.403 4 8 81.72
213.516 2 8 1
213.63 1 8 1
213.63 3 8 1
213.743 2 8 1
213.857 1 8 1
213.971 2 8 1
214.084 1 8 1
214.084 3 8 1
214.198 2 8 1
214.312 3 8 1
214.312 4 8 1
214.368 2 8 1
214.425 3 8 1
214.539 1 8 1
214.539 4 8 1
214.653 2 8 1
214.709 1 8 1
214.766 4 8 1
214.766 3 8 1
214.823 2 8 1
214.88 3 8 1
214.937 1 8 1
214.993 3 8 1
214.993 4 8 1
215.107 2 8 1
215.164 3 8 1
215.221 1 8 1
215.278 3 8 1
215.334 2 8 1
215.391 4 8 1
215.448 1 8 1
215.448 3 8 1
215.505 2 8 1
215.618 4 8 1
215.675 3 8 1
215.732 2 8 1
215.789 1 8 1
215.846 3 8 1
215.903 1 8 1
215.903 4 8 1
215.978 2 8 1
216.073 3 8 1
216.13 4 8 1
216.187 2 8 1
216.243 1 8 1
216.3 3 8 1
216.357 4 8 1
216.414 2 8 1
216.471 3 8 1
216.528 2 8 1
216.584 1 8 1
216.641 3 8 1
216.698 4 8 1
216.755 3 8 1
216.812 1 8 1
216.812 2 8 1
216.925 4 8 1
217.039 2 8 1
217.039 1 8 1
217.096 4 8 1
217.153 3 8 1
217.209 4 8 1
217.266 2 8 1
217.38 1 8 1
217.493 3 8 1
217.55 2 8 1
217.607 1 8 1
217.664 4 8 1
217.721 2 8 1
217.721 3 8 1
217.778 1 8 1
217.891 2 8 1
217.948 3 8 1
217.948 4 8 1
218.062 2 8 1
218.118 3 8 1
218.175 1 8 1
218.175 4 8 1
218.251 2 8 1
218.346 3 8 1
218.403 4 8 1
218.459 3 8 1
218.516 2 8 1
218.573 1 8 1
218.63 4 8 1
218.63 3 8 1
218.743 2 8 1
218.8 3 8 1
218.857 2 8 1
218.857 1 8 1
218.971 4 8 1
219.028 3 8 1
219.084 1 8 1
219.141 2 8 1
219.198 3 8 1
219.312 4 8 1
219.368 2 8 1
219.425 1 8 1
219.539 2 8 1
219.539 3 8 1
219.667 2 8 1
219.766 1 8 1
219.766 4 8 1
219.88 2 8 1
219.993 3 8 1
219.993 4 8 1
219.993 1 8 54.6
220.107 2 8 1
220.221 4 8 1
220.334 3 8 1
220.448 2 8 1
220.562 3 8 1
220.675 2 8 1
220.675 4 8 81.84
220.789 1 8 1
220.903 3 8 1
221.016 2 8 1
221.13 1 8 1
221.243 2 8 1
221.357 3 8 1
221.357 1 8 1
221.471 2 8 1
221.584 4 8 1
221.584 3 8 1
221.641 2 8 1
221.698 1 8 1
221.812 4 8 1
221.812 3 8 1
221.868 2 8 1
221.939 1 8 1
222.039 2 8 1
222.096 4 8 1
222.153 1 8 1
222.209 3 8 1
222.266 4 8 1
222.266 2 8 1
222.38 3 8 1
222.437 2 8 1
222.493 1 8 1
222.55 3 8 1
222.607 4 8 1
222.664 1 8 1
222.721 3 8 1
222.778 2 8 1
222.834 4 8 1
222.948 1 8 1
222.948 2 8 1
223.005 3 8 1
223.062 4 8 1
223.118 1 8 1
223.175 2 8 1
223.175 3 8 1
223.289 2 8 1
223.403 1 8 1
223.459 3 8 1
223.516 2 8 1
223.573 3 8 1
223.63 4 8 1
223.63 1 8 1
223.743 2 8 1
223.8 1 8 1
223.857 4 8 1
223.914 3 8 1
223.971 2 8 1
224.028 3 8 1
224.084 1 8 1
224.084 4 8 1
224.198 3 8 1
224.255 2 8 1
224.312 1 8 1
224.312 4 8 1
224.368 2 8 1
224.425 3 8 1
224.482 4 8 1
224.539 2 8 1
224.615 3 8 1
224.709 4 8 1
224.766 2 8 1
224.823 4 8 1
224.937 2 8 1
224.993 3 8 1
224.993 1 8 1
225.069 4 8 1
225.145 3 8 1
225.221 1 8 1
225.221 4 8 1
225.297 3 8 1
225.391 2 8 1
225.448 1 8 1
225.505 2 8 1
225.562 4 8 1
225.618 1 8 1
225.675 3 8 1
225.732 2 8 1
225.789 4 8 1
225.846 2 8 1
225.903 3 8 1
225.903 1 8 1
226.016 4 8 1
226.073 2 8 1
226.13 3 8 1
226.187 1 8 1
226.243 2 8 1
226.584 1 8 1
226.584 3 8 1
226.812 2 8 1
226.812 4 8 1
226.925 2 8 1
227.039 3 8 1
227.266 1 8 1
227.266 2 8 1
227.266 4 8 1
227.721 2 8 1
227.948 3 8 1
228.175 2 8 1
228.63 3 8 1
229.084 1 8 1
229.539 4 8 1
229.993 2 8 1
230.448 3 8 1
230.903 3 8 1
230.903 4 8 1
231.13 1 8 1
231.357 2 8 1
231.584 3 8 1
231.812 2 8 1
231.812 4 8 1
232.266 3 8 1
232.721 3 8 1
233.175 2 8 1
233.403 2 8 1
233.63 4 8 1
233.857 4 8 1
234.084 2 8 1
234.312 3 8 1
234.539 4 8 1
234.539 2 8 1
234.994 3 8 1
235.448 4 8 1
235.903 4 8 1
236.357 3 8 1
236.812 2 8 1
237.266 4 8 1
237.721 1 8 1
238.175 4 8 1
238.175 1 8 1
238.63 2 8 1
239.084 4 8 1
239.539 1 8 1
239.994 4 8 1
240.448 2 8 1
240.903 3 8 1
241.357 1 8 1
241.812 2 8 1
241.812 4 8 218.16
243.63 3 8 1
243.857 2 8 1
244.084 1 8 1
244.312 3 8 1
244.539 3 8 1
244.766 4 8 1
245.221 4 8 1
245.448 1 8 218.16
247.266 3 8 1
247.494 2 8 1
247.721 4 8 1
247.948 4 8 1
248.403 2 8 1
248.857 1 8 245.52
248.857 4 8 1
249.084 3 8 1
250.675 4 8 1
250.903 4 8 1
251.13 2 8 1
251.357 1 8 1
251.584 3 8 1
252.039 4 8 1
252.266 2 8 1
252.494 4 8 1
252.721 1 8 190.92
254.084 3 8 1
254.312 2 8 1
254.539 3 8 1
254.994 4 8 1
255.221 3 8 1
255.675 1 8 1
255.903 2 8 1
256.13 3 8 1
256.357 1 8 1
256.357 4 8 1
