0.745 1 8 1
0.745 4 8 1
0.955 2 8 1
1.06 3 8 1
1.165 1 8 1
1.165 4 8 1
1.374 3 8 1
1.479 2 8 1
1.584 1 8 1
1.794 3 8 1
1.899 2 8 1
2.004 1 8 1
2.004 4 8 1
2.214 2 8 25.08
2.214 4 8 1
2.423 1 8 1
2.423 3 8 1
2.423 4 8 1
2.633 2 8 1
2.738 1 8 1
2.843 2 8 1
2.843 4 8 1
2.948 3 8 1
3.053 2 8 1
3.158 3 8 1
3.262 1 8 1
3.262 4 8 1
3.367 2 8 1
3.472 4 8 1
3.577 3 8 1
3.682 1 8 1
3.682 2 8 1
3.892 3 8 1
3.997 2 8 1
4.102 1 8 1
4.102 4 8 1
4.311 2 8 1
4.416 4 8 1
4.521 2 8 1
4.521 3 8 1
4.731 2 8 1
4.941 1 8 1
4.941 4 8 1
5.046 3 8 1
5.151 2 8 1
5.255 2 8 1
5.36 1 8 1
5.36 3 8 25.2
5.57 4 8 12.6
5.675 3 8 12.6
5.78 1 8 1
5.78 4 8 1
5.78 2 8 1
5.99 2 8 1
6.2 4 8 1
6.2 1 8 1
6.304 2 8 1
6.409 4 8 1
6.514 3 8 1
6.619 1 8 1
6.619 2 8 1
6.724 4 8 1
6.829 3 8 1
6.934 2 8 1
7.039 1 8 1
7.039 3 8 1
7.144 4 8 1
7.248 2 8 1
7.353 3 8 1
7.458 1 8 1
7.458 4 8 1
7.668 3 8 1
7.773 2 8 1
7.878 1 8 1
7.878 4 8 1
8.088 3 8 1
8.193 2 8 1
8.297 1 8 1
8.297 4 8 1
8.402 2 8 1
8.507 3 8 1
8.612 2 8 1
8.717 1 8 1
8.717 4 8 1
8.822 2 8 1
8.927 3 8 1
9.032 3 8 1
9.137 1 8 1
9.137 4 8 1
9.346 2 8 1
9.451 2 8 1
9.556 1 8 1
9.556 3 8 1
9.661 4 8 1
9.766 2 8 1
9.871 3 8 1
9.976 1 8 1
9.976 4 8 1
10.186 2 8 1
10.29 4 8 1
10.395 2 8 1
10.395 3 8 1
10.5 1 8 1
10.605 2 8 1
10.71 3 8 1
10.815 1 8 1
10.815 4 8 1
10.92 3 8 1
11.025 2 8 1
11.13 4 8 1
11.235 3 8 1
11.235 1 8 1
11.339 4 8 1
11.444 2 8 1
11.444 3 8 1
11.549 1 8 1
11.654 3 8 1
11.654 4 8 1
11.759 2 8 1
11.864 3 8 1
11.864 4 8 1
11.969 1 8 1
11.969 2 8 1
12.074 3 8 1
12.074 4 8 1
12.126 2 8 1
12.179 1 8 1
12.231 2 8 1
12.283 4 8 1
12.283 3 8 1
12.388 2 8 1
12.493 1 8 25.2
12.493 3 8 1
12.703 2 8 25.2
12.808 3 8 12.6
13.018 2 8 12.6
13.123 3 8 1
13.123 4 8 12.6
13.332 1 8 12.6
13.332 4 8 6.36
13.542 4 8 1
13.595 1 8 1
13.647 3 8 1
13.7 2 8 1
13.752 1 8 25.2
13.962 3 8 12.6
13.962 4 8 12.6
14.172 1 8 1
14.172 3 8 1
14.172 4 8 1
14.381 2 8 1
14.486 4 8 1
14.591 1 8 1
14.591 3 8 1
14.591 4 8 1
14.801 3 8 1
14.801 4 8 1
15.011 2 8 1
15.011 3 8 1
15.221 2 8 1
15.221 4 8 1
15.43 1 8 1
15.43 2 8 1
15.43 4 8 1
15.64 3 8 1
15.64 4 8 1
15.85 1 8 1
15.85 2 8 1
16.06 3 8 1
16.165 1 8 1
16.27 2 8 1
16.27 3 8 1
16.27 4 8 1
16.479 2 8 1
16.479 4 8 1
16.689 3 8 1
16.689 4 8 1
16.794 2 8 1
16.899 1 8 1
17.109 1 8 1
17.109 4 8 1
17.109 3 8 1
17.318 4 8 1
17.318 1 8 1
17.528 3 8 50.4
17.528 4 8 1
17.738 2 8 1
17.843 1 8 1
17.948 2 8 25.2
17.948 4 8 1
18.158 1 8 25.08
18.158 3 8 1
18.367 2 8 1
18.367 3 8 50.4
18.472 4 8 1
18.577 2 8 1
18.682 1 8 1
18.787 2 8 50.4
18.787 4 8 1
18.997 3 8 1
18.997 4 8 1
19.207 1 8 1
19.207 3 8 1
19.207 4 8 37.68
19.416 2 8 1
19.521 1 8 1
19.521 3 8 37.8
19.626 1 8 1
19.626 2 8 1
19.836 1 8 50.4
19.836 4 8 1
20.046 3 8 1
20.046 4 8 1
20.151 4 8 1
20.256 2 8 25.08
20.256 3 8 1
20.465 1 8 1
20.465 4 8 1
20.465 3 8 1
20.675 2 8 1
20.675 3 8 25.2
20.885 1 8 1
20.885 2 8 1
20.885 4 8 1
21.095 2 8 1
21.2 3 8 1
21.304 1 8 1
21.304 2 8 1
21.304 4 8 1
21.514 1 8 1
21.514 2 8 1
21.724 1 8 1
21.724 3 8 1
21.934 2 8 1
21.934 4 8 1
22.039 3 8 1
22.144 1 8 1
22.144 2 8 1
22.144 4 8 1
22.353 3 8 1
22.353 4 8 1
22.563 1 8 1
22.563 4 8 1
22.773 3 8 1
22.878 1 8 1
22.878 2 8 1
22.983 1 8 1
22.983 3 8 1
22.983 4 8 1
23.193 4 8 1
23.193 1 8 1
23.402 1 8 1
23.402 2 8 1
23.507 3 8 1
23.612 2 8 1
23.612 4 8 1
23.822 1 8 1
23.822 2 8 1
23.822 3 8 1
24.032 1 8 1
24.032 3 8 1
24.242 1 8 50.28
24.242 4 8 1
24.346 4 8 1
24.451 3 8 1
24.556 4 8 1
24.661 2 8 1
24.661 3 8 1
24.661 4 8 1
24.766 4 8 1
24.871 1 8 1
24.976 2 8 1
25.081 3 8 1
25.081 4 8 1
25.186 2 8 1
25.291 1 8 1
25.291 3 8 1
25.395 3 8 1
25.5 1 8 1
25.5 2 8 1
25.5 4 8 1
25.605 3 8 1
25.71 2 8 1
25.71 4 8 1
25.92 1 8 1
25.92 2 8 1
25.92 4 8 50.28
26.13 1 8 1
26.235 2 8 1
26.339 3 8 25.2
26.339 1 8 1
26.339 2 8 1
26.549 2 8 1
26.549 4 8 1
26.759 1 8 25.2
26.759 2 8 1
26.969 3 8 1
26.969 4 8 1
27.179 1 8 1
27.179 3 8 1
27.179 4 8 25.08
27.388 2 8 1
27.598 1 8 50.4
27.598 3 8 1
27.598 4 8 1
27.808 3 8 1
27.913 4 8 1
28.018 2 8 50.28
28.018 3 8 1
28.018 4 8 1
28.228 4 8 1
28.437 1 8 1
28.437 3 8 1
28.437 4 8 50.4
28.647 1 8 1
28.647 2 8 1
28.857 1 8 1
28.857 3 8 50.4
29.067 4 8 1
29.067 1 8 1
29.277 1 8 25.08
29.277 2 8 1
29.277 4 8 1
29.381 3 8 1
29.486 2 8 1
29.486 4 8 1
29.591 1 8 1
29.696 3 8 1
29.696 4 8 1
29.801 2 8 1
29.906 1 8 1
29.906 4 8 1
30.011 3 8 1
30.116 1 8 1
30.116 4 8 1
30.221 2 8 1
30.325 1 8 1
30.325 3 8 1
30.43 3 8 1
30.535 1 8 1
30.535 2 8 1
30.535 4 8 1
30.64 2 8 1
30.745 1 8 1
30.745 4 8 1
30.85 3 8 1
30.955 2 8 1
30.955 3 8 1
30.955 4 8 1
31.06 1 8 1
31.165 3 8 1
31.27 2 8 1
31.27 4 8 1
31.374 3 8 1
31.374 4 8 1
31.479 1 8 1
31.584 2 8 1
31.584 4 8 1
31.689 3 8 1
31.794 1 8 1
31.794 4 8 1
31.899 2 8 1
31.951 3 8 1
32.004 1 8 1
32.004 4 8 1
32.109 2 8 1
32.161 3 8 1
32.201 2 8 1
32.214 4 8 1
32.214 1 8 1
32.284 3 8 1
32.353 2 8 1
32.423 1 8 1
32.423 4 8 1
32.493 2 8 1
32.633 1 8 1
32.633 2 8 1
32.843 3 8 12.6
32.948 2 8 1
33.263 2 8 1
33.472 4 8 1
33.682 2 8 12.6
33.787 3 8 1
33.892 1 8 25.2
33.892 2 8 12.6
33.892 4 8 1
34.102 3 8 25.2
34.102 4 8 25.2
34.312 2 8 1
34.521 1 8 1
34.731 2 8 1
34.941 1 8 1
35.151 4 8 1
35.99 1 8 1
35.99 4 8 1
36.2 2 8 1
36.409 3 8 1
36.619 2 8 1
36.619 4 8 1
36.829 3 8 1
37.458 3 8 1
37.668 1 8 1
37.668 4 8 1
37.878 2 8 1
38.088 1 8 1
38.088 4 8 1
38.298 3 8 1
38.927 2 8 1
39.137 2 8 1
39.347 4 8 1
39.347 3 8 1
39.556 1 8 1
39.766 2 8 1
39.976 4 8 1
40.186 3 8 1
40.186 1 8 50.28
40.186 2 8 1
40.605 2 8 50.4
40.605 3 8 1
40.605 4 8 1
41.025 1 8 1
41.025 4 8 1
41.235 4 8 1
41.444 1 8 1
41.444 2 8 1
41.444 3 8 25.2
41.654 4 8 1
41.864 1 8 1
41.864 4 8 25.2
41.864 2 8 1
42.074 2 8 1
42.074 3 8 1
42.284 3 8 1
42.284 1 8 1
42.284 2 8 25.08
42.493 4 8 1
42.703 1 8 25.2
42.703 3 8 1
42.703 4 8 1
42.913 4 8 1
43.123 2 8 1
43.123 3 8 25.2
43.123 4 8 1
43.333 1 8 1
43.333 2 8 1
43.542 1 8 25.2
43.542 4 8 1
43.752 3 8 1
43.752 4 8 1
43.962 2 8 1
43.962 3 8 1
43.962 4 8 25.2
44.172 1 8 1
44.172 2 8 1
44.381 1 8 1
44.381 2 8 25.2
44.381 3 8 1
44.591 4 8 1
44.801 4 8 1
44.801 3 8 25.2
45.011 4 8 1
45.011 2 8 1
45.221 2 8 1
45.221 3 8 1
45.221 1 8 1
45.43 2 8 1
45.43 4 8 25.2
45.64 1 8 1
45.64 3 8 1
45.85 3 8 1
45.85 4 8 1
46.06 1 8 1
46.06 2 8 1
46.06 3 8 1
46.165 3 8 1
46.27 2 8 1
46.27 4 8 1
46.374 2 8 1
46.479 1 8 1
46.479 4 8 1
46.584 1 8 1
46.689 2 8 1
46.689 3 8 1
46.794 3 8 1
46.899 1 8 1
46.899 2 8 1
46.899 4 8 1
47.004 3 8 1
47.109 2 8 1
47.109 3 8 1
47.214 3 8 12.6
47.319 2 8 1
47.423 1 8 1
47.528 2 8 25.2
47.738 1 8 1
47.738 3 8 1
47.738 4 8 1
47.948 3 8 1
48.053 2 8 1
48.158 3 8 1
48.158 4 8 1
48.158 1 8 1
48.368 2 8 1
48.368 4 8 1
48.577 1 8 1
48.577 3 8 1
48.682 3 8 1
48.787 1 8 1
48.892 2 8 1
48.997 1 8 1
48.997 3 8 1
48.997 4 8 1
49.207 2 8 1
49.207 3 8 1
49.416 1 8 1
49.416 4 8 1
49.626 2 8 1
49.626 3 8 1
49.731 3 8 1
49.836 1 8 1
49.836 2 8 1
49.836 4 8 1
50.046 3 8 1
50.046 4 8 1
50.256 1 8 1
50.256 3 8 1
50.361 2 8 1
50.465 4 8 1
50.57 3 8 1
50.675 1 8 1
50.675 2 8 1
50.675 4 8 1
50.885 2 8 1
50.885 3 8 1
51.095 2 8 1
51.095 3 8 1
51.095 4 8 1
51.305 1 8 1
51.409 3 8 1
51.514 1 8 1
51.514 3 8 1
51.514 4 8 1
51.724 2 8 1
51.724 4 8 1
51.934 1 8 1
51.934 3 8 1
52.039 2 8 1
52.144 3 8 1
52.249 2 8 1
52.249 4 8 1
52.354 1 8 1
52.354 3 8 1
52.563 1 8 1
52.563 2 8 1
52.773 2 8 1
52.773 1 8 37.8
52.878 3 8 1
52.983 4 8 1
53.088 2 8 23.52
53.088 3 8 1
53.193 1 8 1
53.193 4 8 1
53.402 2 8 25.2
53.402 4 8 1
53.612 3 8 50.4
53.612 4 8 1
53.822 1 8 1
53.822 4 8 1
54.032 1 8 1
54.032 4 8 50.28
54.242 2 8 1
54.242 3 8 1
54.451 2 8 1
54.451 1 8 1
54.661 3 8 1
54.661 4 8 1
54.766 2 8 1
54.871 2 8 1
54.871 1 8 1
54.871 4 8 1
55.081 1 8 1
55.081 3 8 1
55.291 2 8 1
55.291 4 8 1
55.396 3 8 1
55.5 1 8 1
55.5 2 8 1
55.605 3 8 1
55.71 1 8 1
55.71 2 8 1
55.71 4 8 1
55.92 3 8 1
55.92 4 8 1
56.13 1 8 1
56.13 2 8 1
56.13 4 8 1
56.34 2 8 1
56.34 3 8 1
56.444 3 8 1
56.549 1 8 1
56.549 2 8 1
56.549 4 8 1
56.759 1 8 1
56.759 2 8 1
56.969 1 8 1
56.969 3 8 1
56.969 4 8 1
57.179 2 8 1
57.179 3 8 1
57.284 1 8 1
57.389 2 8 1
57.389 3 8 1
57.389 4 8 1
57.598 1 8 1
57.598 3 8 1
57.598 4 8 1
57.808 1 8 1
57.808 3 8 1
57.808 4 8 1
58.018 2 8 1
58.228 1 8 1
58.228 3 8 1
58.228 4 8 1
58.437 2 8 1
58.437 1 8 1
58.437 3 8 1
58.647 2 8 1
58.647 3 8 1
58.647 4 8 1
58.857 1 8 1
58.857 4 8 1
59.067 1 8 1
59.067 2 8 1
59.067 3 8 1
59.277 1 8 1
59.277 2 8 1
59.277 4 8 1
59.486 1 8 1
59.486 3 8 1
59.486 4 8 1
59.591 2 8 1
59.696 1 8 1
59.801 3 8 1
59.906 2 8 1
59.906 3 8 1
59.906 4 8 1
60.011 1 8 1
60.116 3 8 1
60.116 4 8 1
60.221 1 8 1
60.221 2 8 1
60.326 3 8 1
60.326 4 8 1
60.378 2 8 1
60.43 1 8 1
60.483 4 8 1
60.535 2 8 1
60.588 3 8 1
60.64 1 8 1
60.693 4 8 1
60.745 3 8 1
60.798 2 8 1
60.85 1 8 1
60.903 4 8 1
60.955 2 8 1
60.955 1 8 1
60.955 3 8 1
61.06 3 8 1
61.165 1 8 25.2
61.165 2 8 25.2
61.165 4 8 1
61.479 4 8 12.6
61.479 1 8 12.6
61.479 2 8 12.6
61.479 3 8 12.6
61.794 2 8 12.6
61.794 3 8 12.6
61.794 4 8 12.6
62.004 1 8 1
62.004 3 8 1
62.214 4 8 1
62.319 3 8 1
62.371 2 8 1
62.424 3 8 1
62.424 1 8 1
62.528 3 8 1
62.633 1 8 1
62.633 4 8 1
62.738 2 8 1
62.843 1 8 25.2
62.843 2 8 25.2
62.843 3 8 1
63.053 4 8 1
63.158 3 8 1
63.263 1 8 1
63.263 2 8 1
63.263 4 8 1
63.472 3 8 1
63.577 2 8 1
63.682 1 8 1
63.682 4 8 1
63.892 3 8 1
63.997 1 8 1
63.997 3 8 1
64.102 1 8 1
64.102 2 8 1
64.102 4 8 1
64.312 3 8 1
64.312 4 8 1
64.417 2 8 1
64.521 1 8 1
64.521 4 8 1
64.731 3 8 1
64.836 1 8 1
64.941 2 8 1
64.941 3 8 1
64.941 4 8 1
65.151 2 8 1
65.151 4 8 1
65.256 2 8 1
65.361 1 8 1
65.361 4 8 1
65.57 1 8 1
65.57 2 8 1
65.675 2 8 1
65.675 3 8 1
65.78 1 8 1
65.78 2 8 1
65.78 4 8 1
65.99 1 8 1
65.99 4 8 1
66.2 1 8 37.68
66.2 2 8 1
66.2 3 8 1
66.41 3 8 1
66.41 4 8 1
66.514 2 8 1
66.619 2 8 50.4
66.619 3 8 1
66.619 4 8 1
66.829 1 8 1
67.039 1 8 1
67.039 4 8 25.2
67.144 2 8 1
67.249 3 8 12.6
67.354 2 8 12.48
67.458 1 8 1
67.458 3 8 37.8
67.458 4 8 1
67.668 1 8 1
67.668 2 8 1
67.878 2 8 37.8
67.878 3 8 1
68.088 1 8 1
68.088 4 8 1
68.193 3 8 37.68
68.298 4 8 1
68.298 1 8 1
68.507 1 8 25.2
68.507 2 8 1
68.717 4 8 1
68.822 3 8 1
68.927 1 8 1
68.927 4 8 25.2
69.137 1 8 1
69.137 2 8 25.2
69.137 3 8 1
69.347 1 8 25.08
69.347 4 8 1
69.556 2 8 1
69.556 4 8 1
69.766 3 8 1
69.766 4 8 1
69.871 2 8 1
69.976 1 8 1
69.976 3 8 1
69.976 4 8 1
70.186 2 8 1
70.186 3 8 1
70.396 1 8 1
70.396 4 8 1
70.5 3 8 1
70.605 2 8 1
70.605 4 8 1
70.71 2 8 1
70.815 1 8 1
70.815 3 8 1
70.815 4 8 1
71.025 2 8 1
71.025 3 8 1
71.235 1 8 1
71.235 2 8 1
71.235 4 8 1
71.445 3 8 1
71.549 2 8 1
71.654 1 8 1
71.654 3 8 1
71.654 4 8 1
71.864 1 8 1
71.864 4 8 1
72.074 2 8 1
72.074 4 8 1
72.179 3 8 1
72.284 1 8 1
72.284 4 8 1
72.389 3 8 1
72.493 1 8 1
72.493 2 8 1
72.493 4 8 1
72.703 2 8 1
72.703 4 8 1
72.913 2 8 1
72.913 3 8 1
72.913 4 8 1
73.123 3 8 1
73.228 4 8 1
73.333 2 8 1
73.333 1 8 1
73.333 3 8 1
73.542 4 8 1
73.647 2 8 1
73.752 3 8 1
73.752 4 8 1
73.857 2 8 1
73.962 3 8 1
73.962 4 8 1
74.067 2 8 1
74.172 1 8 1
74.172 2 8 1
74.172 3 8 1
74.382 3 8 1
74.382 4 8 1
74.486 1 8 1
74.591 3 8 37.8
74.591 4 8 1
74.696 2 8 1
74.801 1 8 1
74.906 1 8 1
74.906 4 8 1
75.011 2 8 12.6
75.011 4 8 1
75.116 1 8 1
75.221 2 8 1
75.221 3 8 25.2
75.313 2 8 1
75.431 4 8 1
75.431 1 8 1
75.509 3 8 11.52
75.588 2 8 3.12
75.71 3 8 16.8
75.85 2 8 1
75.85 1 8 1
75.92 4 8 1
75.99 2 8 1
76.06 3 8 16.8
76.13 1 8 1
76.217 2 8 6.36
76.27 3 8 1
76.27 4 8 1
76.27 1 8 1
76.479 2 8 1
76.584 3 8 1
76.689 1 8 1
76.689 2 8 1
76.689 4 8 1
76.899 2 8 1
77.004 3 8 1
77.109 1 8 1
77.109 4 8 1
77.319 3 8 1
77.424 2 8 1
77.528 1 8 1
77.528 3 8 1
77.528 4 8 1
77.738 2 8 1
77.738 4 8 1
77.843 2 8 1
77.948 1 8 1
77.948 3 8 1
77.948 4 8 1
78.158 2 8 1
78.263 3 8 1
78.368 1 8 1
78.368 2 8 1
78.368 4 8 1
78.577 1 8 1
78.577 3 8 1
78.682 2 8 1
78.787 1 8 1
78.787 3 8 1
78.787 4 8 1
78.997 2 8 1
78.997 4 8 1
79.102 3 8 1
79.207 1 8 1
79.207 2 8 1
79.207 4 8 1
79.417 3 8 1
79.417 4 8 1
79.626 1 8 50.4
79.626 2 8 1
79.626 4 8 1
79.836 3 8 1
79.941 2 8 63
80.046 3 8 1
80.046 4 8 1
80.256 3 8 1
80.256 4 8 1
80.466 3 8 50.28
80.466 4 8 1
80.466 1 8 1
80.57 2 8 1
80.675 1 8 1
80.78 4 8 1
80.885 2 8 8.4
80.885 1 8 1
81.095 1 8 1
81.095 2 8 25.2
81.305 4 8 50.28
81.305 3 8 1
81.514 1 8 1
81.619 2 8 1
81.619 3 8 1
81.724 1 8 50.4
81.724 2 8 1
81.934 2 8 1
81.934 4 8 1
82.144 3 8 25.2
82.249 1 8 1
82.354 2 8 1
82.354 4 8 25.08
82.563 2 8 8.4
82.563 1 8 1
82.563 3 8 1
82.773 2 8 25.2
82.773 3 8 1
82.983 1 8 1
82.983 3 8 1
82.983 4 8 1
83.193 2 8 1
83.298 4 8 1
83.403 1 8 1
83.403 3 8 1
83.403 4 8 1
83.612 2 8 1
83.717 3 8 1
83.822 1 8 1
83.822 2 8 1
83.822 4 8 1
84.032 3 8 1
84.032 1 8 1
84.137 3 8 1
84.242 1 8 1
84.242 2 8 1
84.242 4 8 1
84.452 2 8 1
84.452 4 8 1
84.661 1 8 1
84.661 3 8 1
84.661 4 8 1
84.871 3 8 1
84.976 4 8 1
85.081 1 8 1
85.081 2 8 1
85.081 3 8 1
85.291 2 8 1
85.291 4 8 1
85.501 2 8 1
85.501 4 8 1
85.605 3 8 1
85.71 2 8 1
85.71 4 8 1
85.815 3 8 1
85.92 2 8 1
85.92 4 8 1
85.92 1 8 1
86.13 1 8 1
86.13 2 8 1
86.13 3 8 1
86.34 4 8 1
86.34 3 8 37.68
86.549 2 8 1
86.654 1 8 1
86.759 4 8 1
86.759 2 8 1
86.969 1 8 1
87.179 2 8 1
87.179 4 8 1
87.284 3 8 1
87.389 1 8 1
87.494 2 8 1
87.598 1 8 1
87.598 3 8 1
87.598 4 8 1
87.808 2 8 1
87.808 4 8 1
88.018 3 8 1
88.018 1 8 50.4
88.018 2 8 1
88.228 3 8 1
88.333 2 8 1
88.438 2 8 50.28
88.438 3 8 1
88.438 4 8 1
88.647 4 8 1
88.857 3 8 1
88.857 4 8 1
88.962 2 8 1
89.067 3 8 1
89.067 4 8 1
89.277 1 8 1
89.277 3 8 1
89.277 4 8 1
89.487 1 8 1
89.487 2 8 1
89.696 2 8 1
89.696 1 8 1
89.696 4 8 1
89.801 3 8 1
89.906 2 8 1
90.011 3 8 1
90.116 1 8 1
90.116 2 8 1
90.116 4 8 1
90.221 3 8 1
90.326 1 8 1
90.326 4 8 1
90.431 2 8 1
90.535 1 8 1
90.535 3 8 1
90.535 4 8 1
90.64 2 8 1
90.745 3 8 1
90.85 2 8 1
90.955 1 8 1
90.955 3 8 1
90.955 4 8 1
91.06 2 8 1
91.165 3 8 1
91.27 2 8 1
91.375 1 8 1
91.375 3 8 1
91.375 4 8 1
91.48 2 8 1
91.584 3 8 1
91.584 4 8 1
91.689 1 8 1
91.794 2 8 1
91.794 1 8 1
91.794 4 8 1
91.899 3 8 1
92.004 2 8 1
92.004 4 8 1
92.109 1 8 1
92.214 2 8 1
92.214 4 8 1
92.319 3 8 1
92.424 1 8 1
92.424 3 8 1
92.528 2 8 1
92.633 2 8 1
92.633 3 8 1
92.633 4 8 1
92.738 1 8 1
92.843 2 8 1
92.843 4 8 1
92.948 3 8 1
93.053 1 8 1
93.053 2 8 1
93.053 4 8 1
93.158 3 8 1
93.263 1 8 1
93.263 2 8 1
93.368 1 8 1
93.473 2 8 1
93.473 3 8 1
93.473 4 8 1
93.577 4 8 1
93.682 1 8 1
93.682 2 8 1
93.787 4 8 1
93.892 3 8 1
93.892 1 8 1
93.997 2 8 1
94.102 4 8 1
94.102 3 8 1
94.207 1 8 1
94.207 2 8 1
94.312 3 8 1
94.312 4 8 1
94.382 1 8 1
94.452 2 8 1
94.522 4 8 1
94.522 3 8 1
94.626 1 8 1
94.626 2 8 1
94.679 4 8 1
94.941 4 8 1
95.046 1 8 1
95.151 3 8 1
95.361 1 8 1
95.466 3 8 1
95.57 1 8 1
95.78 4 8 25.2
95.885 1 8 12.6
96.095 3 8 12.6
96.2 2 8 25.2
96.2 4 8 25.2
96.41 1 8 25.08
96.619 3 8 1
96.829 4 8 1
97.039 3 8 1
97.249 4 8 1
98.088 1 8 1
98.088 4 8 1
98.298 3 8 1
98.508 2 8 1
98.717 3 8 1
98.927 1 8 1
98.927 4 8 1
99.137 3 8 1
99.766 1 8 1
99.766 4 8 1
99.976 3 8 1
100.186 1 8 1
100.186 4 8 1
100.396 2 8 1
100.605 3 8 1
101.445 2 8 1
101.445 1 8 1
101.654 4 8 1
101.864 3 8 1
102.074 4 8 1
102.284 1 8 1
102.284 3 8 25.2
102.494 2 8 25.08
102.703 1 8 1
102.703 4 8 50.4
103.123 1 8 1
103.123 2 8 1
103.123 3 8 1
103.333 3 8 1
103.543 1 8 1
103.543 2 8 1
103.543 4 8 1
103.752 1 8 1
103.962 2 8 1
103.962 3 8 1
103.962 4 8 1
104.172 2 8 25.2
104.382 1 8 1
104.382 4 8 1
104.591 1 8 1
104.591 3 8 1
104.801 1 8 18.96
104.801 2 8 1
104.801 3 8 1
104.801 4 8 1
105.011 3 8 1
105.221 3 8 1
105.221 2 8 25.2
105.221 4 8 1
105.431 1 8 1
105.431 4 8 1
105.64 2 8 1
105.64 1 8 1
105.64 4 8 1
105.85 1 8 1
105.85 3 8 1
106.06 2 8 1
106.06 3 8 1
106.27 2 8 1
106.27 3 8 1
106.48 1 8 1
106.48 3 8 1
106.48 4 8 1
106.689 1 8 1
106.689 2 8 1
106.899 2 8 1
106.899 4 8 1
107.109 4 8 1
107.319 1 8 1
107.319 2 8 1
107.319 4 8 1
107.529 1 8 1
107.529 3 8 1
107.738 1 8 1
107.738 4 8 1
107.948 2 8 1
107.948 4 8 1
108.158 1 8 1
108.158 2 8 1
108.158 4 8 1
108.368 2 8 1
108.473 4 8 1
108.578 1 8 1
108.578 3 8 1
108.787 1 8 1
108.787 2 8 1
108.892 3 8 1
108.997 1 8 1
108.997 2 8 1
109.102 4 8 1
109.207 2 8 1
109.312 4 8 1
109.417 2 8 1
109.417 3 8 1
109.522 1 8 1
109.626 3 8 1
109.626 4 8 1
109.836 1 8 1
109.836 2 8 1
109.836 4 8 1
110.046 3 8 1
110.151 3 8 1
110.256 1 8 1
110.256 2 8 1
110.256 4 8 1
110.466 2 8 1
110.466 4 8 1
110.675 1 8 1
110.675 3 8 1
110.78 2 8 1
110.885 1 8 1
110.99 3 8 1
111.095 1 8 1
111.095 2 8 1
111.095 4 8 1
111.305 3 8 1
111.305 4 8 1
111.515 1 8 1
111.515 4 8 1
111.724 3 8 1
111.829 3 8 1
111.934 1 8 1
111.934 2 8 1
111.934 4 8 1
112.144 2 8 1
112.144 3 8 1
112.354 2 8 1
112.354 1 8 1
112.459 3 8 1
112.564 4 8 1
112.668 4 8 1
112.773 1 8 1
112.773 2 8 1
112.773 3 8 1
112.983 3 8 1
113.193 1 8 1
113.193 2 8 1
113.403 4 8 1
113.508 3 8 1
113.612 2 8 1
113.612 1 8 1
113.612 4 8 1
113.822 2 8 1
113.822 1 8 1
114.032 1 8 1
114.032 3 8 1
114.137 4 8 1
114.242 2 8 1
114.347 4 8 1
114.452 1 8 1
114.452 2 8 1
114.452 3 8 1
114.661 2 8 25.2
114.661 4 8 1
114.871 1 8 25.2
114.976 3 8 1
115.081 4 8 1
115.186 3 8 62.88
115.291 2 8 1
115.291 4 8 1
115.501 4 8 1
115.501 1 8 1
115.71 2 8 50.4
115.71 4 8 1
115.92 1 8 1
116.13 3 8 1
116.13 4 8 50.4
116.34 1 8 1
116.34 2 8 1
116.55 3 8 1
116.55 1 8 1
116.759 3 8 1
116.759 4 8 1
116.864 2 8 1
116.969 1 8 1
116.969 4 8 1
116.969 2 8 1
117.179 1 8 1
117.179 3 8 1
117.389 2 8 1
117.389 4 8 1
117.494 2 8 1
117.599 3 8 1
117.599 4 8 1
117.703 3 8 1
117.808 1 8 1
117.808 2 8 1
117.808 4 8 1
118.018 2 8 1
118.018 3 8 1
118.228 1 8 1
118.228 4 8 1
118.438 3 8 1
118.543 2 8 1
118.647 1 8 1
118.647 3 8 1
118.647 4 8 1
118.857 2 8 1
118.857 3 8 1
119.067 1 8 1
119.067 3 8 1
119.277 4 8 1
119.382 1 8 1
119.382 3 8 1
119.487 4 8 1
119.487 2 8 1
119.696 3 8 1
119.696 4 8 1
119.906 1 8 1
119.906 2 8 1
120.116 4 8 1
120.221 4 8 1
120.326 1 8 1
120.326 2 8 1
120.326 3 8 1
120.536 2 8 1
120.536 4 8 1
120.745 1 8 1
120.745 2 8 1
120.745 3 8 1
120.955 3 8 1
120.955 4 8 1
121.06 1 8 1
121.165 2 8 1
121.165 4 8 1
121.375 1 8 1
121.375 2 8 1
121.375 4 8 1
121.585 1 8 1
121.585 4 8 1
121.689 3 8 1
121.794 4 8 1
121.899 2 8 1
122.004 1 8 1
122.004 4 8 1
122.109 3 8 1
122.214 1 8 1
122.214 2 8 1
122.319 4 8 1
122.424 1 8 1
122.424 3 8 1
122.424 2 8 1
122.529 4 8 1
122.581 3 8 1
122.633 2 8 1
122.633 1 8 1
122.686 4 8 1
122.738 3 8 1
122.791 4 8 1
122.843 2 8 1
122.896 1 8 1
122.948 3 8 1
123.001 2 8 1
123.053 4 8 1
123.106 3 8 1
123.158 1 8 1
123.263 1 8 25.2
123.263 3 8 25.2
123.263 4 8 25.2
123.473 2 8 1
123.578 2 8 12.48
123.578 3 8 12.48
123.578 4 8 12.48
123.892 3 8 1
123.892 1 8 12.6
123.892 2 8 12.6
124.102 2 8 1
124.207 4 8 1
124.312 3 8 1
124.417 2 8 1
124.469 4 8 1
124.522 1 8 1
124.522 3 8 1
124.574 2 8 1
124.627 3 8 1
124.679 4 8 1
124.731 1 8 1
124.731 2 8 1
124.836 4 8 1
124.941 1 8 1
124.941 2 8 1
124.941 3 8 1
125.151 2 8 1
125.256 3 8 1
125.256 4 8 1
125.361 1 8 1
125.361 2 8 1
125.361 4 8 1
125.571 2 8 1
125.675 2 8 1
125.78 1 8 1
125.78 4 8 1
125.78 3 8 1
125.99 3 8 1
126.095 2 8 1
126.2 1 8 1
126.2 3 8 1
126.2 4 8 1
126.41 2 8 1
126.41 4 8 1
126.62 1 8 1
126.62 4 8 1
126.829 3 8 1
126.934 2 8 1
127.039 1 8 1
127.039 2 8 1
127.039 4 8 1
127.249 2 8 1
127.354 3 8 1
127.459 1 8 1
127.459 4 8 1
127.668 3 8 1
127.773 3 8 1
127.773 2 8 1
127.878 1 8 1
127.878 4 8 1
128.088 1 8 1
128.088 2 8 1
128.298 1 8 1
128.298 3 8 50.28
128.298 4 8 1
128.508 4 8 1
128.613 1 8 1
128.717 2 8 50.4
128.717 4 8 1
128.927 1 8 1
128.927 3 8 1
129.137 1 8 1
129.137 4 8 50.4
129.242 2 8 1
129.347 2 8 1
129.452 1 8 1
129.557 1 8 1
129.557 2 8 1
129.557 3 8 25.08
129.766 2 8 75.6
129.976 3 8 1
129.976 4 8 1
130.081 4 8 1
130.291 3 8 1
130.291 4 8 1
130.396 1 8 1
130.396 3 8 25.2
130.606 2 8 1
130.606 1 8 37.68
130.815 2 8 1
130.815 4 8 1
130.92 3 8 12.6
131.025 2 8 1
131.025 4 8 25.2
131.235 2 8 50.4
131.235 1 8 1
131.235 3 8 1
131.445 4 8 1
131.445 1 8 1
131.655 3 8 12.48
131.655 4 8 1
131.655 1 8 1
131.759 2 8 1
131.864 1 8 1
131.864 3 8 1
131.969 2 8 1
132.074 1 8 1
132.074 3 8 1
132.074 4 8 1
132.284 2 8 1
132.284 4 8 1
132.494 1 8 1
132.494 2 8 1
132.599 3 8 1
132.703 2 8 1
132.808 2 8 1
132.913 1 8 1
132.913 3 8 1
132.913 4 8 1
133.123 3 8 1
133.123 4 8 1
133.333 1 8 1
133.333 2 8 1
133.333 4 8 1
133.438 3 8 1
133.543 2 8 1
133.648 3 8 1
133.648 4 8 1
133.752 1 8 1
133.752 2 8 1
133.752 4 8 1
133.962 1 8 1
133.962 3 8 1
134.172 1 8 1
134.172 4 8 1
134.277 3 8 1
134.382 2 8 1
134.382 4 8 1
134.487 3 8 1
134.592 1 8 1
134.592 2 8 1
134.592 4 8 1
134.801 2 8 1
134.801 1 8 1
134.801 4 8 1
135.011 2 8 1
135.011 3 8 1
135.011 1 8 1
135.221 4 8 1
135.326 2 8 1
135.431 1 8 1
135.431 4 8 1
135.641 2 8 1
135.745 3 8 1
135.85 1 8 1
135.85 4 8 1
135.955 2 8 1
136.06 1 8 1
136.06 3 8 1
136.165 4 8 1
136.27 3 8 1
136.27 2 8 1
136.27 4 8 1
136.48 1 8 1
136.48 3 8 1
136.689 1 8 1
136.689 3 8 12.6
136.689 4 8 12.6
136.794 2 8 1
136.899 4 8 12.6
137.004 1 8 1
137.004 2 8 12.6
137.109 3 8 25.2
137.109 1 8 1
137.319 4 8 1
137.319 1 8 1
137.459 1 8 8.4
137.529 4 8 1
137.529 3 8 16.8
137.738 1 8 1
137.808 2 8 1
137.878 4 8 1
137.948 3 8 1
138.018 2 8 1
138.088 3 8 1
138.158 2 8 1
138.158 1 8 1
138.228 4 8 1
138.315 3 8 1
138.368 4 8 1
138.368 1 8 25.2
138.368 2 8 1
138.578 3 8 1
138.682 2 8 1
138.682 4 8 1
138.787 1 8 1
138.787 3 8 1
138.787 4 8 1
138.997 2 8 1
138.997 3 8 1
139.102 2 8 1
139.207 3 8 1
139.207 4 8 1
139.417 3 8 1
139.522 2 8 1
139.627 1 8 1
139.627 3 8 1
139.627 4 8 1
139.836 1 8 1
139.836 2 8 1
140.046 4 8 1
140.046 1 8 1
140.256 3 8 1
140.361 2 8 1
140.466 1 8 1
140.466 2 8 1
140.466 4 8 1
140.676 2 8 1
140.676 3 8 1
140.885 2 8 1
140.885 3 8 1
140.885 4 8 1
140.99 1 8 1
141.095 2 8 1
141.2 3 8 1
141.305 1 8 1
141.305 2 8 1
141.305 4 8 1
141.515 3 8 1
141.515 4 8 1
141.724 2 8 1
141.724 3 8 1
141.724 4 8 50.4
141.934 2 8 1
141.934 1 8 1
142.039 1 8 1
142.144 2 8 1
142.144 3 8 25.2
142.354 1 8 25.2
142.354 2 8 1
142.564 3 8 1
142.564 2 8 50.28
142.669 4 8 1
142.773 3 8 1
142.878 4 8 1
142.983 1 8 25.2
142.983 3 8 1
143.193 2 8 12.6
143.403 2 8 50.28
143.403 3 8 1
143.508 4 8 1
143.613 1 8 1
143.717 3 8 37.8
143.822 4 8 1
143.822 1 8 1
144.032 1 8 50.4
144.032 2 8 1
144.242 3 8 1
144.242 4 8 1
144.347 2 8 1
144.452 3 8 1
144.452 4 8 25.2
144.662 1 8 1
144.662 2 8 25.08
144.871 1 8 25.2
144.871 3 8 1
145.081 3 8 1
145.081 4 8 1
145.081 2 8 1
145.291 2 8 1
145.396 1 8 1
145.396 3 8 1
145.501 4 8 1
145.501 1 8 1
145.501 2 8 1
145.71 4 8 1
145.92 1 8 1
145.92 4 8 1
146.025 2 8 1
146.13 1 8 1
146.235 2 8 1
146.235 4 8 1
146.34 1 8 1
146.34 2 8 1
146.34 3 8 1
146.55 2 8 1
146.55 4 8 1
146.759 3 8 1
146.759 4 8 1
146.864 1 8 1
146.969 2 8 1
146.969 3 8 1
147.074 1 8 1
147.179 4 8 1
147.179 3 8 1
147.389 1 8 1
147.389 4 8 1
147.599 3 8 1
147.599 4 8 1
147.704 1 8 1
147.808 2 8 1
147.808 4 8 1
147.913 3 8 1
148.018 1 8 1
148.018 2 8 1
148.228 1 8 1
148.228 3 8 1
148.228 4 8 1
148.438 1 8 1
148.438 4 8 1
148.438 2 8 1
148.648 2 8 1
148.752 3 8 1
148.857 1 8 1
148.857 2 8 1
148.857 4 8 1
149.067 3 8 1
149.277 1 8 1
149.277 2 8 1
149.382 4 8 1
149.487 2 8 1
149.592 1 8 1
149.592 3 8 1
149.697 2 8 1
149.697 4 8 1
149.906 1 8 1
149.906 2 8 1
150.116 1 8 1
150.116 3 8 1
150.116 4 8 1
150.326 4 8 1
150.431 3 8 1
150.536 1 8 1
150.536 2 8 1
150.536 4 8 1
150.745 3 8 1
150.85 2 8 1
150.955 4 8 1
150.955 1 8 1
151.165 3 8 1
151.27 4 8 1
151.375 1 8 1
151.375 2 8 1
151.375 4 8 1
151.585 1 8 1
151.585 2 8 1
151.794 1 8 1
151.794 3 8 1
151.794 4 8 1
152.004 4 8 1
152.109 3 8 1
152.214 2 8 1
152.214 1 8 1
152.319 3 8 1
152.424 1 8 1
152.424 4 8 1
152.529 2 8 1
152.634 1 8 1
152.634 4 8 1
152.738 3 8 1
152.843 1 8 1
152.843 4 8 1
152.948 2 8 1
153.053 3 8 1
153.053 4 8 1
153.053 1 8 1
153.158 2 8 1
153.263 3 8 1
153.368 2 8 1
153.473 1 8 1
153.473 2 8 1
153.473 4 8 1
153.578 3 8 1
153.578 1 8 1
153.683 2 8 1
153.787 4 8 1
153.787 3 8 1
153.892 1 8 1
153.997 3 8 1
154.102 1 8 1
154.102 4 8 1
154.207 2 8 1
154.312 3 8 1
154.312 4 8 1
154.417 1 8 1
154.522 4 8 1
154.627 3 8 1
154.732 1 8 1
154.732 2 8 1
154.732 4 8 1
154.836 3 8 1
154.941 1 8 1
154.941 2 8 1
155.046 4 8 1
155.151 2 8 1
155.151 3 8 1
155.256 1 8 1
155.361 2 8 1
155.466 1 8 1
155.466 4 8 1
155.571 2 8 1
155.571 3 8 1
155.676 3 8 1
155.78 2 8 1
155.78 4 8 1
155.885 1 8 1
155.99 2 8 1
155.99 4 8 1
156.095 3 8 1
156.2 1 8 1
156.2 2 8 1
156.305 4 8 1
156.305 3 8 1
156.41 4 8 1
156.41 1 8 1
156.48 3 8 1
156.48 2 8 1
156.55 4 8 1
156.62 3 8 1
156.62 1 8 12.6
156.725 4 8 1
156.829 1 8 25.2
156.829 2 8 1
157.039 4 8 1
157.249 3 8 1
157.249 4 8 1
157.459 2 8 1
157.564 4 8 1
157.878 4 8 1
157.983 3 8 1
158.088 2 8 1
158.298 1 8 1
158.298 4 8 1
158.508 3 8 1
158.613 2 8 1
158.718 4 8 1
158.718 3 8 1
158.822 1 8 1
158.927 2 8 1
158.927 3 8 1
159.032 4 8 1
159.137 1 8 1
159.137 3 8 1
159.242 2 8 1
159.347 3 8 1
159.347 4 8 50.28
159.662 2 8 1
159.766 1 8 25.2
159.766 3 8 1
159.976 3 8 1
159.976 2 8 100.68
160.081 1 8 1
160.186 4 8 1
160.606 3 8 1
160.815 3 8 1
160.92 1 8 1
161.025 3 8 1
161.13 4 8 1
161.235 3 8 1
161.34 2 8 1
161.445 1 8 1
161.445 3 8 1
161.55 4 8 1
161.655 3 8 1
161.655 2 8 1
161.759 1 8 1
161.864 2 8 1
161.864 3 8 1
161.969 4 8 1
162.074 1 8 1
162.179 3 8 1
162.284 2 8 1
162.284 4 8 1
162.389 1 8 1
162.494 2 8 1
162.494 3 8 1
162.599 4 8 1
162.704 1 8 1
162.913 3 8 1
163.018 2 8 1
163.123 1 8 1
163.123 4 8 1
163.228 3 8 1
163.333 2 8 1
163.438 3 8 1
163.543 1 8 1
163.543 4 8 1
163.648 3 8 1
163.753 2 8 1
163.857 3 8 1
163.962 1 8 1
163.962 2 8 1
164.067 3 8 1
164.172 2 8 1
164.172 4 8 1
164.277 3 8 1
164.382 1 8 1
164.382 2 8 1
164.487 4 8 1
164.592 2 8 1
164.697 3 8 1
164.801 1 8 1
164.801 2 8 1
164.906 4 8 1
165.011 3 8 1
165.116 1 8 1
165.221 2 8 1
165.221 4 8 1
165.326 3 8 1
165.431 2 8 1
165.536 1 8 1
165.641 3 8 1
165.641 4 8 1
165.746 2 8 1
165.85 4 8 1
165.955 3 8 1
166.06 1 8 1
166.06 2 8 1
166.165 4 8 1
166.27 3 8 1
166.375 2 8 1
166.48 4 8 1
166.585 1 8 1
166.69 2 8 1
166.69 3 8 1
166.794 4 8 1
166.899 1 8 1
166.899 2 8 1
167.004 4 8 1
167.109 2 8 1
167.109 3 8 1
167.214 1 8 1
167.319 2 8 1
167.319 4 8 1
167.424 1 8 1
167.529 3 8 1
167.529 4 8 1
167.634 2 8 1
167.739 3 8 1
167.739 1 8 1
167.808 2 8 1
167.878 4 8 1
167.948 2 8 1
168.04 3 8 1
168.158 4 8 1
168.158 1 8 1
168.211 3 8 1
168.263 2 8 1
168.315 1 8 1
168.368 2 8 1
168.368 4 8 1
168.473 3 8 1
168.578 4 8 1
168.578 1 8 1
168.787 2 8 1
168.892 3 8 1
168.997 4 8 1
169.207 3 8 1
169.417 1 8 25.2
169.417 4 8 25.2
169.627 2 8 25.08
169.732 3 8 12.48
169.836 1 8 12.6
169.836 4 8 50.4
170.046 3 8 12.6
170.151 2 8 12.6
170.256 1 8 1
170.256 3 8 1
170.466 3 8 1
170.571 2 8 1
170.676 2 8 1
170.676 4 8 1
170.885 1 8 1
170.885 3 8 1
171.095 1 8 1
171.095 2 8 1
171.2 2 8 1
171.305 3 8 1
171.305 4 8 1
171.41 1 8 1
171.515 4 8 1
171.515 3 8 1
171.725 1 8 1
171.725 2 8 1
171.934 1 8 1
171.934 3 8 1
171.934 4 8 50.4
172.249 2 8 1
172.354 1 8 1
172.354 3 8 25.2
172.564 2 8 25.2
172.564 4 8 1
172.774 1 8 1
172.774 3 8 50.28
173.088 4 8 1
173.193 1 8 50.4
173.193 2 8 1
173.403 2 8 1
173.403 3 8 1
173.613 2 8 1
173.613 4 8 25.08
173.822 3 8 1
173.927 2 8 1
174.032 1 8 1
174.032 4 8 1
174.242 1 8 1
174.242 4 8 1
174.347 2 8 1
174.452 3 8 1
174.452 4 8 1
174.662 2 8 1
174.662 3 8 1
174.767 3 8 1
174.871 1 8 1
174.871 4 8 1
175.081 1 8 1
175.081 2 8 1
175.186 3 8 1
175.291 1 8 75.48
175.291 4 8 1
175.501 2 8 1
175.606 3 8 1
175.711 2 8 1
175.711 4 8 1
175.92 2 8 25.2
175.92 3 8 1
176.13 1 8 1
176.13 3 8 50.4
176.235 2 8 1
176.34 1 8 1
176.34 2 8 1
176.55 1 8 1
176.55 2 8 25.2
176.55 4 8 1
176.76 1 8 25.08
176.76 4 8 1
176.969 3 8 1
176.969 4 8 100.8
177.179 2 8 1
177.284 1 8 1
177.389 2 8 1
177.389 3 8 1
177.599 3 8 1
177.809 1 8 1
177.809 2 8 1
177.913 3 8 1
178.018 2 8 1
178.018 4 8 1
178.123 2 8 1
178.123 3 8 1
178.228 1 8 1
178.228 4 8 1
178.333 2 8 1
178.438 3 8 1
178.438 4 8 1
178.648 1 8 1
178.648 4 8 1
178.753 3 8 1
178.857 2 8 1
178.962 3 8 1
179.067 2 8 1
179.067 4 8 1
179.067 1 8 1
179.172 2 8 1
179.277 3 8 1
179.277 4 8 1
179.382 1 8 1
179.487 2 8 1
179.487 4 8 1
179.697 1 8 1
179.802 2 8 1
179.802 4 8 1
180.011 1 8 1
180.011 3 8 1
180.116 2 8 1
180.116 3 8 1
180.326 1 8 1
180.326 4 8 1
180.431 3 8 1
180.536 4 8 1
180.641 3 8 1
180.746 1 8 1
180.746 4 8 1
180.85 2 8 1
180.955 4 8 1
180.955 3 8 1
181.06 3 8 1
181.165 1 8 1
181.165 2 8 1
181.27 3 8 1
181.27 4 8 1
181.375 3 8 1
181.48 1 8 1
181.585 2 8 1
181.585 4 8 1
181.69 1 8 1
181.69 3 8 1
181.795 4 8 1
181.899 1 8 1
181.899 2 8 1
182.004 3 8 1
182.109 2 8 1
182.214 1 8 1
182.214 4 8 1
182.319 3 8 1
182.424 1 8 1
182.424 2 8 12.6
182.529 3 8 12.6
182.634 4 8 12.6
182.843 1 8 1
182.843 2 8 12.6
183.053 3 8 1
183.158 2 8 1
183.263 4 8 1
183.263 1 8 1
183.263 3 8 1
183.473 2 8 1
183.473 3 8 1
184.732 2 8 25.08
184.941 3 8 25.2
185.151 2 8 25.2
185.361 1 8 100.68
185.361 3 8 1
185.361 4 8 1
185.571 2 8 1
185.676 3 8 62.88
186.2 4 8 100.68
187.039 1 8 100.68
187.039 3 8 1
187.249 3 8 50.4
187.459 4 8 1
187.669 2 8 25.08
187.878 3 8 1
187.878 4 8 25.2
188.088 2 8 25.2
188.193 3 8 37.8
188.298 4 8 1
188.508 1 8 25.2
188.718 3 8 50.28
188.718 4 8 150.96
188.927 2 8 1
189.032 1 8 1
189.137 2 8 50.4
189.557 1 8 1
189.976 2 8 50.4
190.396 3 8 75.48
190.396 4 8 1
190.606 1 8 50.28
190.816 2 8 1
191.025 4 8 25.2
191.235 1 8 1
191.235 3 8 75.48
191.445 1 8 1
191.55 2 8 12.6
191.655 4 8 1
191.864 1 8 25.2
192.074 2 8 1
192.074 3 8 1
192.074 4 8 100.68
192.284 2 8 12.6
192.389 3 8 1
192.704 2 8 25.08
192.913 1 8 1
193.543 1 8 25.2
193.753 3 8 1
193.753 4 8 75.48
193.962 2 8 1
194.067 2 8 37.8
194.382 1 8 25.2
194.382 3 8 1
194.592 2 8 50.28
194.592 4 8 1
194.802 3 8 50.28
195.011 1 8 1
195.221 1 8 176.28
195.431 3 8 1
195.431 4 8 1
195.641 4 8 1
196.27 3 8 1
196.69 2 8 113.28
197.109 4 8 1
197.109 1 8 1
197.109 3 8 1
197.319 3 8 1
197.319 4 8 1
197.424 1 8 1
197.634 3 8 1
197.739 2 8 1
197.739 4 8 25.08
197.948 2 8 1
197.948 1 8 1
198.053 3 8 12.6
198.158 2 8 1
198.263 1 8 1
198.368 3 8 1
198.368 4 8 1
198.578 3 8 1
198.788 1 8 1
198.788 4 8 1
198.788 2 8 1
198.997 3 8 1
199.102 4 8 1
199.417 2 8 1
199.417 3 8 1
199.627 4 8 1
199.837 2 8 25.08
199.941 3 8 1
200.046 4 8 1
200.256 2 8 25.2
200.466 3 8 50.4
200.466 4 8 1
200.571 1 8 1
200.676 2 8 1
200.781 4 8 1
200.886 2 8 1
201.095 1 8 1
201.305 2 8 1
201.305 3 8 125.88
201.515 4 8 1
201.62 2 8 12.6
201.725 1 8 1
201.934 4 8 1
202.144 1 8 1
202.144 2 8 1
202.249 2 8 1
202.354 4 8 1
202.459 3 8 62.88
202.564 2 8 1
202.774 4 8 1
202.983 2 8 100.8
203.193 4 8 1
203.298 1 8 12.6
203.403 3 8 1
203.403 4 8 1
203.613 3 8 1
203.823 4 8 37.68
203.927 3 8 1
204.032 1 8 1
204.137 2 8 37.8
204.242 4 8 1
204.452 3 8 25.2
204.452 1 8 1
204.662 1 8 1
204.662 4 8 25.2
204.767 2 8 1
204.872 2 8 12.48
204.976 3 8 12.6
205.081 1 8 25.2
205.291 2 8 25.2
205.291 4 8 1
205.396 1 8 1
205.501 3 8 1
205.501 4 8 1
205.606 2 8 1
205.711 1 8 1
205.816 2 8 1
205.92 3 8 1
206.025 2 8 1
206.13 1 8 1
206.13 4 8 1
206.235 2 8 1
206.34 1 8 1
206.34 3 8 1
206.445 2 8 1
206.55 4 8 1
206.655 3 8 1
206.76 1 8 1
206.865 2 8 1
206.969 3 8 1
206.969 4 8 1
207.074 1 8 1
207.179 1 8 1
207.179 2 8 1
207.179 4 8 1
207.284 3 8 1
207.389 2 8 1
207.494 1 8 1
207.599 4 8 1
207.704 2 8 1
207.809 3 8 1
207.809 4 8 1
207.913 1 8 1
208.018 2 8 1
208.018 3 8 1
208.123 2 8 1
208.123 1 8 1
208.228 4 8 1
208.228 3 8 1
208.333 2 8 1
208.438 1 8 1
208.438 4 8 1
208.543 3 8 1
208.648 2 8 1
208.648 4 8 1
208.753 3 8 1
208.858 1 8 1
208.858 4 8 1
208.962 2 8 1
209.067 4 8 1
209.172 2 8 1
209.277 4 8 1
209.33 1 8 1
209.382 2 8 1
209.434 3 8 1
209.487 4 8 1
209.592 4 8 1
209.697 1 8 1
209.697 2 8 1
209.802 4 8 1
209.907 2 8 1
209.907 3 8 1
210.011 1 8 1
210.116 1 8 1
210.116 4 8 1
210.169 3 8 1
210.221 2 8 1
210.274 4 8 1
210.326 1 8 1
210.326 2 8 1
210.431 3 8 1
210.431 4 8 1
210.536 2 8 1
210.536 1 8 1
210.641 3 8 1
210.746 4 8 1
210.851 1 8 1
210.851 2 8 1
210.955 4 8 1
210.955 1 8 1
211.008 3 8 1
211.06 2 8 1
211.113 4 8 1
211.165 1 8 1
211.165 3 8 1
211.27 2 8 1
211.27 1 8 1
211.375 4 8 1
211.375 3 8 1
211.48 1 8 1
211.585 2 8 1
211.585 4 8 1
211.637 1 8 1
211.69 2 8 1
211.69 3 8 1
211.795 1 8 1
211.795 4 8 1
211.847 3 8 1
211.9 2 8 1
211.952 4 8 1
212.004 2 8 1
212.057 3 8 1
212.057 1 8 1
212.109 4 8 1
212.162 3 8 1
212.214 1 8 1
212.214 4 8 1
212.424 3 8 1
212.529 2 8 1
212.529 4 8 1
212.634 1 8 1
212.634 3 8 1
212.634 4 8 1
212.844 2 8 1
212.844 1 8 1
212.948 2 8 1
213.053 2 8 1
213.053 3 8 1
213.053 4 8 1
213.263 3 8 1
213.368 2 8 1
213.368 4 8 1
213.473 1 8 1
213.473 3 8 1
213.473 4 8 1
213.683 2 8 1
213.683 3 8 1
213.788 2 8 1
213.893 1 8 1
213.893 3 8 1
213.893 4 8 1
214.102 2 8 1
214.207 3 8 1
214.312 1 8 1
214.312 2 8 1
214.312 4 8 1
214.522 4 8 1
214.522 1 8 1
214.627 3 8 1
214.732 1 8 1
214.732 2 8 1
214.732 4 8 1
214.941 3 8 1
214.941 4 8 1
215.046 2 8 1
215.151 1 8 1
215.151 3 8 1
215.151 4 8 1
215.361 1 8 1
215.361 3 8 1
215.361 4 8 1
215.571 1 8 50.28
215.571 2 8 1
215.571 3 8 1
215.781 4 8 1
215.886 2 8 1
215.99 2 8 1
215.99 3 8 25.2
216.2 2 8 25.2
216.2 4 8 1
216.41 3 8 50.4
216.41 4 8 1
216.515 1 8 1
216.62 2 8 1
216.725 1 8 1
216.83 1 8 50.28
216.83 2 8 1
216.83 4 8 1
217.039 3 8 1
217.039 4 8 1
217.249 2 8 50.4
217.249 3 8 1
217.459 3 8 1
217.564 4 8 1
217.669 1 8 1
217.669 3 8 25.2
217.879 1 8 1
217.879 4 8 25.08
218.088 3 8 1
218.088 1 8 1
218.193 2 8 12.6
218.298 1 8 1
218.298 3 8 25.2
218.508 4 8 1
218.508 1 8 1
218.508 2 8 25.2
218.718 1 8 25.2
218.718 3 8 1
218.928 2 8 1
218.928 4 8 1
219.032 2 8 1
219.137 1 8 1
219.137 3 8 1
219.242 2 8 1
219.242 4 8 1
219.347 3 8 1
219.347 4 8 1
219.452 2 8 1
219.557 1 8 1
219.557 3 8 1
219.767 2 8 1
219.767 4 8 1
219.872 3 8 1
219.976 1 8 1
220.081 2 8 1
220.186 1 8 1
220.186 3 8 1
220.186 4 8 1
220.396 3 8 1
220.396 4 8 1
220.501 2 8 1
220.606 1 8 1
220.606 3 8 1
220.606 4 8 1
220.816 1 8 1
220.921 2 8 1
221.025 1 8 1
221.025 3 8 1
221.025 4 8 1
221.235 2 8 1
221.235 3 8 1
221.34 4 8 1
221.445 1 8 1
221.445 4 8 1
221.55 2 8 1
221.655 1 8 1
221.655 3 8 1
221.655 4 8 1
221.76 2 8 1
221.865 1 8 1
221.865 3 8 1
221.865 4 8 1
222.074 2 8 1
222.074 3 8 1
222.074 4 8 1
222.284 1 8 1
222.284 2 8 1
222.284 4 8 1
222.494 2 8 1
222.599 3 8 1
222.704 1 8 1
222.704 2 8 1
222.704 4 8 1
222.914 1 8 1
222.914 4 8 1
223.018 3 8 1
223.123 4 8 1
223.123 1 8 1
223.228 1 8 1
223.333 1 8 1
223.333 2 8 1
223.333 4 8 1
223.543 1 8 1
223.543 2 8 1
223.543 4 8 1
223.753 1 8 1
223.753 4 8 1
223.858 2 8 1
223.858 3 8 1
223.963 4 8 37.68
223.963 1 8 1
224.067 2 8 1
224.172 1 8 1
224.277 3 8 12.6
224.382 1 8 36.24
224.382 4 8 1
224.487 2 8 1
224.592 4 8 25.2
224.732 3 8 1
224.802 1 8 1
224.802 2 8 1
224.893 2 8 1
225.011 4 8 1
225.081 1 8 1
225.151 3 8 1
225.221 2 8 1
225.221 4 8 1
225.291 1 8 1
225.361 2 8 1
225.431 3 8 1
225.501 4 8 1
225.571 1 8 1
225.641 2 8 1
225.641 3 8 1
225.641 4 8 1
225.851 3 8 1
225.956 2 8 1
226.06 1 8 1
226.06 4 8 1
226.06 3 8 1
226.27 2 8 1
226.48 2 8 1
226.48 3 8 1
226.48 4 8 1
226.69 1 8 1
226.69 2 8 1
226.795 3 8 1
226.9 1 8 1
226.9 2 8 1
226.9 4 8 1
227.109 2 8 1
227.109 3 8 1
227.319 1 8 1
227.319 3 8 1
227.319 4 8 1
227.529 2 8 1
227.634 1 8 1
227.634 3 8 1
227.739 1 8 1
227.739 2 8 1
227.739 4 8 1
227.949 3 8 1
227.949 4 8 1
228.158 1 8 1
228.158 4 8 1
228.263 3 8 1
228.368 2 8 1
228.578 1 8 1
228.578 4 8 1
228.578 3 8 1
228.788 1 8 1
228.788 3 8 1
228.788 4 8 1
228.997 1 8 37.8
228.997 4 8 1
228.997 2 8 1
229.207 3 8 1
229.312 2 8 1
229.417 3 8 50.4
229.417 4 8 1
229.627 1 8 1
229.627 2 8 1
229.837 1 8 1
229.837 4 8 37.68
229.942 2 8 1
230.046 1 8 1
230.046 3 8 1
230.151 2 8 12.6
230.256 1 8 1
230.256 3 8 1
230.466 2 8 25.2
230.466 4 8 1
230.676 1 8 50.28
230.676 3 8 1
230.886 4 8 1
230.99 2 8 1
231.095 2 8 63
231.095 4 8 1
231.305 3 8 1
231.305 4 8 1
231.515 1 8 1
231.62 3 8 12.6
231.725 1 8 1
231.725 4 8 25.2
231.935 1 8 25.08
231.935 2 8 1
232.144 4 8 25.2
232.144 2 8 1
232.144 3 8 1
232.354 1 8 1
232.354 3 8 1
232.564 1 8 1
232.564 4 8 1
232.669 2 8 1
232.774 1 8 1
232.774 3 8 1
232.774 4 8 1
232.984 3 8 1
232.984 4 8 1
233.088 2 8 1
233.193 1 8 1
233.193 4 8 1
233.298 2 8 1
233.403 3 8 1
233.508 1 8 1
233.613 2 8 1
233.613 3 8 1
233.613 4 8 1
233.823 1 8 1
233.823 4 8 1
234.032 1 8 1
234.032 2 8 1
234.032 4 8 1
234.242 3 8 1
234.347 4 8 1
234.452 1 8 1
234.452 2 8 1
234.452 4 8 1
234.557 3 8 1
234.662 1 8 1
234.662 4 8 1
234.872 1 8 1
234.872 3 8 1
234.872 4 8 1
234.977 2 8 1
235.081 1 8 1
235.081 4 8 1
235.186 3 8 1
235.291 2 8 1
235.291 1 8 1
235.291 4 8 1
235.501 2 8 1
235.501 4 8 1
235.711 1 8 1
235.711 2 8 1
235.711 4 8 1
235.921 2 8 1
235.921 3 8 1
236.13 1 8 1
236.13 3 8 1
236.13 4 8 1
236.235 2 8 1
236.34 1 8 1
236.34 3 8 1
236.55 1 8 1
236.55 4 8 1
236.655 2 8 1
236.76 1 8 1
236.76 3 8 1
236.76 4 8 1
236.865 2 8 1
236.97 3 8 1
236.97 4 8 1
237.179 1 8 1
237.179 2 8 1
237.179 4 8 1
237.389 1 8 1
237.389 3 8 1
237.389 4 8 1
237.494 2 8 1
237.599 3 8 1
237.599 4 8 1
237.704 3 8 1
237.809 2 8 1
237.809 1 8 1
237.809 4 8 1
237.914 3 8 1
238.018 1 8 1
238.228 1 8 1
238.228 3 8 1
238.228 4 8 1
238.333 2 8 1
238.438 3 8 1
238.543 2 8 1
238.543 4 8 1
238.648 1 8 1
238.648 3 8 1
238.858 2 8 1
238.858 4 8 1
238.963 3 8 1
239.067 2 8 1
239.067 1 8 1
239.067 4 8 1
239.137 3 8 1
239.277 2 8 1
239.277 1 8 1
239.382 3 8 1
239.435 2 8 1
239.487 1 8 1
239.487 4 8 1
239.592 2 8 1
239.697 4 8 1
239.802 3 8 1
239.907 1 8 1
239.907 2 8 1
239.907 4 8 1
240.012 3 8 1
240.116 2 8 1
240.221 3 8 1
240.326 1 8 1
240.326 2 8 1
240.326 4 8 1
240.431 3 8 1
240.536 1 8 1
240.536 2 8 1
240.641 4 8 1
240.746 2 8 1
240.746 1 8 1
240.746 3 8 1
240.851 4 8 1
240.956 1 8 1
240.956 2 8 1
241.06 3 8 1
241.06 4 8 1
241.165 1 8 1
241.165 2 8 1
241.27 4 8 1
241.375 2 8 1
241.375 3 8 1
241.48 1 8 1
241.585 4 8 1
241.585 2 8 1
241.69 3 8 1
241.795 3 8 1
241.795 4 8 1
241.9 1 8 1
241.9 2 8 1
242.005 1 8 1
242.005 3 8 1
242.005 4 8 1
242.109 2 8 1
242.214 1 8 1
242.214 4 8 1
242.319 3 8 1
242.424 1 8 1
242.424 2 8 1
242.529 3 8 1
242.529 4 8 1
242.634 1 8 1
242.634 2 8 1
242.739 3 8 1
242.739 4 8 1
242.844 1 8 1
242.896 4 8 1
242.896 3 8 1
242.949 2 8 1
243.001 1 8 1
243.053 3 8 1
243.053 4 8 1
243.158 1 8 1
243.158 4 8 1
243.263 2 8 1
243.316 4 8 1
243.368 1 8 1
243.421 3 8 1
243.473 2 8 1
243.578 3 8 1
243.578 4 8 1
243.683 1 8 1
243.683 2 8 1
243.788 2 8 1
243.788 3 8 1
243.893 1 8 1
243.893 3 8 1
243.893 4 8 1
243.893 2 8 780.36
