0.262 1 8 111.36
0.262 4 8 1
0.571 3 8 18.6
0.88 3 8 37.2
1.19 4 8 111.24
1.499 2 8 1
1.808 2 8 1
2.117 3 8 55.68
2.427 1 8 55.56
2.581 4 8 1
2.736 2 8 37.08
3.045 1 8 37.08
3.354 4 8 37.2
3.664 2 8 37.08
3.973 1 8 1
3.973 4 8 111.36
4.282 1 8 37.08
4.591 2 8 1
4.901 2 8 37.08
4.901 3 8 1
5.21 1 8 74.16
5.364 2 8 18.6
5.519 3 8 1
5.828 2 8 1
5.828 4 8 111.36
6.138 3 8 74.16
6.447 2 8 1
6.756 1 8 95.04
6.756 2 8 1
7.065 2 8 30.24
7.375 3 8 1
7.684 1 8 1
7.684 2 8 1
7.684 4 8 37.08
7.993 2 8 37.08
8.302 1 8 1
8.302 3 8 37.08
8.611 1 8 74.28
8.611 4 8 1
8.921 3 8 1
9.23 2 8 1
9.23 3 8 1
9.539 1 8 111.36
9.539 4 8 1
9.848 4 8 18.6
10.003 2 8 1
10.158 3 8 1
10.158 4 8 1
10.467 4 8 74.16
10.776 2 8 1
11.085 2 8 1
11.395 1 8 1
11.395 3 8 74.16
11.704 4 8 37.08
11.859 1 8 1
12.013 2 8 1
12.013 1 8 37.08
12.322 3 8 37.2
12.322 4 8 37.2
12.632 1 8 1
12.941 3 8 1
12.941 4 8 1
13.25 1 8 55.68
13.25 3 8 1
13.559 3 8 1
13.869 3 8 1
13.869 4 8 1
14.178 3 8 1
14.178 4 8 1
14.487 1 8 1
14.487 2 8 1
14.642 3 8 1
14.642 4 8 1
14.796 1 8 1
14.796 2 8 1
14.951 3 8 1
14.951 4 8 1
15.106 4 8 1
15.106 1 8 55.56
15.415 3 8 1
15.569 2 8 1
15.724 1 8 1
16.033 4 8 74.28
16.033 1 8 37.2
16.188 2 8 1
16.343 3 8 1
16.497 2 8 1
16.652 1 8 74.16
16.806 3 8 1
16.961 4 8 74.28
17.27 3 8 1
17.425 2 8 1
17.58 2 8 1
17.889 1 8 74.16
17.889 4 8 1
18.198 3 8 1
18.353 3 8 1
18.507 2 8 1
18.817 1 8 37.08
18.817 4 8 74.16
19.126 3 8 1
19.28 2 8 1
19.435 1 8 1
19.744 1 8 55.68
19.744 2 8 1
19.899 3 8 1
20.054 4 8 18.48
20.363 2 8 37.08
20.517 1 8 1
20.672 3 8 1
20.672 4 8 74.16
20.981 2 8 1
21.136 3 8 1
21.29 1 8 1
21.6 3 8 1
21.6 4 8 37.08
21.909 1 8 74.16
22.218 3 8 1
22.373 2 8 1
22.527 3 8 1
22.527 4 8 55.68
22.682 2 8 1
22.837 1 8 1
22.991 3 8 1
23.146 2 8 1
23.455 1 8 74.28
23.455 4 8 37.08
23.764 2 8 1
23.919 2 8 1
24.074 3 8 1
24.074 4 8 111.24
24.228 2 8 1
24.383 1 8 37.08
24.538 3 8 1
24.692 2 8 18.6
24.847 1 8 1
25.001 3 8 18.6
25.311 1 8 97.32
25.311 3 8 1
25.62 3 8 1
25.929 4 8 1
26.238 1 8 55.68
26.238 3 8 1
26.238 4 8 62.64
26.548 2 8 1
26.857 1 8 1
27.166 1 8 111.36
27.166 3 8 1
27.166 4 8 1
27.475 2 8 1
27.63 3 8 1
27.785 4 8 18.48
28.094 2 8 1
28.094 4 8 74.16
28.248 1 8 1
28.403 3 8 1
28.558 2 8 1
28.712 3 8 1
29.022 1 8 74.16
29.022 2 8 1
29.022 4 8 1
29.331 2 8 1
29.64 3 8 37.08
29.795 2 8 1
29.949 1 8 1
29.949 4 8 37.2
30.104 2 8 55.68
30.259 1 8 1
30.413 4 8 1
30.568 3 8 37.08
30.877 1 8 1
31.032 2 8 1
31.186 1 8 148.44
31.341 4 8 1
31.496 3 8 1
31.65 4 8 1
31.805 2 8 1
31.805 3 8 1
32.114 4 8 1
32.269 3 8 1
32.423 2 8 1
32.732 3 8 1
32.732 4 8 111.36
33.042 1 8 1
33.351 3 8 1
33.66 1 8 74.28
33.969 2 8 1
34.124 4 8 1
34.279 2 8 1
34.279 3 8 1
34.588 1 8 1
34.588 4 8 74.16
34.897 3 8 1
35.052 3 8 1
35.206 1 8 37.2
35.361 2 8 1
35.516 3 8 1
35.516 4 8 37.08
35.67 2 8 1
35.825 3 8 1
35.98 1 8 1
36.134 3 8 1
36.134 4 8 1
36.289 2 8 1
36.443 1 8 18.6
36.443 2 8 1
36.753 3 8 18.48
36.753 4 8 1
36.907 1 8 1
36.907 2 8 18.6
37.062 1 8 1
37.062 4 8 1
37.062 3 8 1
37.217 3 8 18.48
37.217 2 8 1
37.371 1 8 1
37.371 4 8 74.28
37.68 2 8 1
37.99 1 8 129.84
37.99 3 8 1
38.299 2 8 1
38.299 3 8 1
38.608 3 8 1
38.763 4 8 1
38.917 3 8 1
39.227 1 8 37.08
39.227 4 8 74.16
39.381 3 8 1
39.536 2 8 1
39.69 3 8 1
39.845 1 8 1
39.845 2 8 1
40.154 1 8 37.2
40.154 3 8 1
40.154 4 8 18.6
40.464 3 8 37.08
40.618 2 8 1
40.773 1 8 1
40.773 4 8 18.48
40.927 2 8 1
40.927 3 8 1
41.082 1 8 55.68
41.082 2 8 74.28
41.082 4 8 1
41.391 3 8 1
41.701 4 8 37.08
41.701 1 8 1
41.855 1 8 167.04
42.01 2 8 1
42.01 3 8 55.68
42.628 3 8 1
42.938 3 8 1
42.938 4 8 1
43.247 4 8 1
43.556 2 8 37.08
43.556 3 8 1
43.865 4 8 1
43.865 1 8 74.28
43.865 3 8 1
44.175 2 8 1
44.484 2 8 37.08
44.484 4 8 1
44.793 1 8 74.16
44.793 3 8 1
44.793 4 8 1
44.948 2 8 1
45.102 4 8 1
45.411 2 8 1
45.411 4 8 37.2
45.411 3 8 1
45.721 2 8 1
45.721 1 8 74.16
45.721 3 8 1
46.03 4 8 1
46.339 3 8 1
46.339 4 8 37.08
46.648 1 8 18.6
46.648 2 8 18.6
46.803 3 8 18.6
46.958 1 8 37.08
47.112 3 8 1
47.267 3 8 1
47.267 4 8 148.44
47.576 1 8 1
47.576 3 8 1
47.885 1 8 1
48.195 2 8 1
48.195 3 8 1
48.504 1 8 92.76
48.504 3 8 1
48.813 4 8 1
49.122 3 8 1
49.432 1 8 1
49.432 4 8 92.76
49.432 3 8 1
49.741 2 8 1
50.05 1 8 1
50.05 3 8 1
50.359 1 8 37.2
50.359 4 8 1
50.669 2 8 1
50.978 1 8 148.44
50.978 4 8 1
51.287 2 8 1
51.287 3 8 1
51.596 3 8 1
51.906 2 8 1
52.215 3 8 1
52.215 4 8 111.36
52.524 1 8 1
52.833 1 8 1
53.143 1 8 74.16
53.143 3 8 1
53.452 4 8 1
53.761 3 8 1
54.07 1 8 37.2
54.07 4 8 55.68
54.38 2 8 18.48
54.534 3 8 1
54.689 1 8 1
54.689 2 8 1
54.998 1 8 74.28
54.998 3 8 1
55.307 4 8 13.92
55.617 2 8 37.08
55.617 3 8 1
55.926 3 8 1
55.926 4 8 37.08
56.235 1 8 1
56.39 2 8 1
56.544 4 8 1
56.544 2 8 1
56.699 3 8 1
56.854 2 8 37.08
56.854 1 8 37.08
56.854 4 8 1
57.163 3 8 18.48
57.317 1 8 37.2
57.472 2 8 1
57.472 3 8 18.6
57.781 2 8 37.08
57.781 4 8 1
58.09 3 8 1
58.4 1 8 1
58.4 3 8 1
58.709 1 8 1
58.709 2 8 1
58.709 4 8 1
59.018 2 8 1
59.173 3 8 1
59.173 4 8 1
59.327 1 8 1
59.327 2 8 1
59.637 4 8 37.08
59.637 1 8 74.16
59.946 2 8 37.08
60.255 4 8 1
60.564 1 8 1
60.564 4 8 74.28
60.874 3 8 37.08
61.183 1 8 74.16
61.492 4 8 74.28
61.801 2 8 1
62.111 2 8 37.08
62.42 1 8 74.16
62.42 3 8 1
62.729 4 8 37.08
63.038 2 8 1
63.348 1 8 111.24
63.348 4 8 37.08
63.348 2 8 1
63.657 2 8 74.16
63.966 3 8 37.08
64.275 4 8 74.28
64.585 1 8 37.08
64.894 2 8 37.08
65.203 1 8 37.08
65.203 4 8 1
65.512 3 8 37.2
65.822 4 8 37.08
66.131 1 8 37.08
66.44 3 8 37.08
66.749 2 8 1
67.059 2 8 37.08
67.368 3 8 37.08
67.677 2 8 1
67.677 4 8 37.08
67.986 3 8 37.2
68.296 2 8 37.08
68.605 1 8 74.16
68.914 2 8 37.08
69.223 3 8 37.2
69.533 4 8 74.16
69.842 2 8 1
70.151 3 8 1
70.46 1 8 1
70.46 4 8 1
70.615 3 8 1
70.769 1 8 37.2
70.769 2 8 1
70.924 3 8 1
71.079 2 8 1
71.079 4 8 37.08
71.233 3 8 92.76
71.388 1 8 1
71.388 2 8 37.08
71.697 4 8 37.08
72.006 1 8 74.28
72.006 2 8 37.2
72.316 4 8 18.48
72.625 4 8 74.16
72.625 3 8 37.08
72.934 2 8 37.08
73.243 3 8 1
73.398 2 8 1
73.553 1 8 74.16
73.553 4 8 1
73.707 4 8 1
73.862 3 8 1
74.171 2 8 18.6
74.171 3 8 37.08
74.326 1 8 1
74.48 1 8 1
74.48 4 8 74.28
75.099 2 8 12.36
75.099 3 8 1
75.408 1 8 167.04
75.408 2 8 55.68
75.408 4 8 1
75.717 4 8 1
75.872 3 8 1
76.027 2 8 37.08
76.027 3 8 1
76.336 4 8 1
76.336 3 8 1
76.645 4 8 37.08
76.954 2 8 1
76.954 1 8 1
77.264 1 8 18.48
77.264 3 8 1
77.264 4 8 37.08
77.573 3 8 1
77.727 2 8 18.6
77.727 1 8 1
77.882 3 8 1
77.882 4 8 1
78.037 2 8 1
78.191 3 8 1
78.191 4 8 74.28
78.191 1 8 1
78.501 1 8 1
78.655 3 8 1
78.81 2 8 37.08
79.119 1 8 111.36
79.119 3 8 1
79.119 4 8 1
79.428 4 8 1
79.738 4 8 1
80.047 2 8 1
80.047 3 8 1
80.047 4 8 1
80.356 1 8 1
80.356 2 8 1
80.665 3 8 1
80.665 4 8 1
80.781 2 8 1
80.975 1 8 1
80.975 3 8 1
80.975 4 8 1
81.284 1 8 1
81.284 2 8 1
81.284 4 8 1
81.593 2 8 1
81.593 1 8 1
81.593 3 8 1
81.902 1 8 44.04
81.902 3 8 1
81.902 4 8 1
82.211 3 8 37.2
82.366 1 8 18.6
82.521 4 8 1
82.521 2 8 37.08
82.675 3 8 1
82.83 1 8 1
82.83 4 8 74.16
83.139 3 8 1
83.294 2 8 1
83.448 1 8 1
83.603 3 8 37.08
83.603 4 8 1
83.758 1 8 37.08
84.067 3 8 1
84.067 4 8 37.08
84.222 2 8 1
84.376 1 8 1
84.376 3 8 1
84.531 1 8 1
84.531 2 8 1
84.685 2 8 46.44
84.685 3 8 1
84.685 4 8 1
84.995 3 8 18.48
84.995 4 8 1
85.149 1 8 1
85.304 2 8 37.08
85.304 3 8 1
85.459 1 8 1
85.613 1 8 1
85.613 4 8 55.68
85.613 3 8 37.08
85.922 2 8 37.2
86.232 4 8 37.08
86.232 1 8 1
86.232 3 8 1
86.541 1 8 55.68
86.541 3 8 18.6
86.85 3 8 18.6
86.85 4 8 1
87.159 1 8 18.6
87.159 2 8 111.36
87.469 4 8 1
87.469 3 8 92.76
87.778 1 8 1
88.087 4 8 1
88.242 4 8 1
88.396 1 8 55.68
88.396 3 8 1
88.551 2 8 1
88.706 3 8 55.56
88.86 4 8 1
89.015 1 8 1
89.015 2 8 1
89.324 1 8 1
89.324 4 8 55.68
89.633 3 8 37.2
89.788 1 8 1
89.943 2 8 37.08
89.943 4 8 1
90.252 1 8 1
90.252 4 8 74.16
90.561 2 8 1
90.87 1 8 1
90.87 3 8 37.2
91.025 4 8 1
91.18 1 8 37.08
91.18 2 8 37.08
91.489 3 8 18.48
91.489 4 8 1
91.798 3 8 18.6
91.798 4 8 1
91.953 2 8 18.48
92.107 1 8 18.6
92.107 3 8 74.28
92.417 2 8 1
92.571 4 8 18.6
92.726 2 8 1
92.88 1 8 1
93.035 2 8 55.68
93.035 3 8 1
93.035 4 8 1
93.19 1 8 1
93.344 1 8 18.6
93.344 3 8 18.6
93.654 2 8 37.08
93.654 4 8 1
93.808 4 8 1
93.963 1 8 37.08
93.963 4 8 1
94.117 3 8 1
94.272 2 8 37.08
94.272 4 8 37.08
94.427 3 8 18.48
94.581 1 8 37.08
94.89 2 8 37.2
94.89 4 8 1
95.2 3 8 55.68
95.354 1 8 1
95.509 2 8 18.6
95.509 4 8 1
95.664 1 8 1
95.818 1 8 37.08
95.818 3 8 37.08
96.127 4 8 9.36
96.282 3 8 1
96.437 1 8 1
96.437 2 8 1
96.591 1 8 1
96.746 3 8 1
96.746 4 8 37.08
97.055 3 8 55.68
97.364 2 8 74.28
97.364 4 8 1
97.519 1 8 1
97.674 1 8 111.24
97.674 3 8 1
97.983 4 8 1
98.292 3 8 18.6
98.292 4 8 18.6
98.601 2 8 18.6
98.601 3 8 1
98.756 1 8 37.08
98.911 2 8 55.68
99.065 4 8 18.6
99.22 3 8 1
99.22 1 8 1
99.375 3 8 18.48
99.529 1 8 1
99.529 2 8 37.08
99.529 4 8 37.08
99.684 1 8 1
99.838 3 8 18.6
99.993 2 8 1
100.148 3 8 18.48
100.148 4 8 1
100.302 1 8 1
100.457 2 8 37.08
100.457 4 8 1
100.766 3 8 18.6
100.766 1 8 18.6
101.075 3 8 18.6
101.075 2 8 18.6
101.23 4 8 1
101.385 2 8 74.16
101.385 4 8 37.08
101.694 3 8 1
101.848 1 8 18.6
102.003 3 8 1
102.158 4 8 1
102.312 1 8 37.2
102.312 2 8 18.6
102.312 3 8 1
102.622 4 8 18.48
102.776 2 8 18.6
102.931 1 8 18.48
102.931 3 8 1
102.931 4 8 1
103.24 3 8 18.6
103.24 4 8 37.08
103.395 2 8 1
103.549 2 8 18.6
103.549 1 8 18.6
103.704 4 8 18.6
103.859 1 8 1
103.859 2 8 74.16
104.013 4 8 18.6
104.168 1 8 1
104.168 3 8 92.76
104.477 4 8 1
104.786 4 8 18.6
104.941 1 8 1
105.096 2 8 1
105.096 3 8 74.16
105.405 1 8 1
105.714 2 8 37.08
105.714 4 8 1
105.869 1 8 1
106.023 3 8 1
106.023 4 8 74.28
106.333 3 8 1
106.487 1 8 1
106.642 3 8 1
106.796 1 8 1
106.951 2 8 37.08
106.951 3 8 1
106.951 4 8 1
107.26 3 8 37.08
107.26 1 8 1
107.569 2 8 1
107.569 4 8 129.96
107.879 1 8 1
107.879 3 8 1
108.188 1 8 37.08
108.497 2 8 1
108.497 3 8 1
108.652 2 8 1
108.806 1 8 1
108.806 3 8 37.2
108.806 4 8 1
109.116 4 8 37.08
109.425 1 8 1
109.425 2 8 1
109.734 3 8 92.76
109.734 1 8 1
109.734 4 8 1
110.043 4 8 55.68
110.353 1 8 1
110.662 2 8 296.88
110.662 3 8 74.16
110.662 4 8 92.76
110.971 1 8 1
111.28 1 8 1
111.59 4 8 37.08
111.59 1 8 222.6
111.59 3 8 92.76
112.208 4 8 1
112.517 4 8 1
113.136 3 8 1
113.136 4 8 1
113.445 3 8 1
113.445 4 8 1
113.6 2 8 1
113.754 1 8 1
113.754 2 8 1
114.064 1 8 1
114.064 3 8 1
114.064 4 8 1
114.27 1 8 1
114.27 2 8 1
114.373 3 8 1
114.373 4 8 1
114.527 3 8 1
114.527 4 8 1
114.682 2 8 1
114.682 1 8 1
114.682 3 8 1
114.837 1 8 1
114.837 2 8 1
114.991 1 8 1
114.991 4 8 1
115.146 3 8 1
115.146 4 8 1
115.301 3 8 1
115.301 1 8 296.88
115.301 2 8 1
115.61 2 8 74.16
115.764 4 8 1
115.919 3 8 55.68
116.228 4 8 37.2
116.538 2 8 55.56
116.538 3 8 37.08
116.847 4 8 37.08
117.156 2 8 37.08
117.156 3 8 37.08
117.465 4 8 18.6
117.775 3 8 18.48
117.929 1 8 18.6
118.084 2 8 18.48
118.084 4 8 18.48
118.393 1 8 18.6
118.393 4 8 18.6
118.702 2 8 18.6
118.702 1 8 18.6
118.702 3 8 18.6
119.012 3 8 55.56
119.012 4 8 92.76
119.321 2 8 1
119.63 1 8 1
119.785 2 8 1
119.939 1 8 1
119.939 3 8 37.08
119.939 4 8 167.04
120.248 1 8 1
120.558 1 8 1
120.558 3 8 1
120.867 1 8 1
120.867 2 8 1
121.176 3 8 1
121.331 1 8 1
121.485 1 8 1
121.485 4 8 18.6
121.485 2 8 18.6
121.795 1 8 37.08
121.795 2 8 55.68
121.795 4 8 1
122.104 3 8 18.6
122.413 1 8 37.08
122.413 4 8 18.6
122.722 3 8 74.28
122.722 4 8 1
122.877 2 8 1
123.341 2 8 18.6
123.341 1 8 18.6
123.65 1 8 18.6
123.65 4 8 111.36
123.65 2 8 1
123.959 1 8 18.6
124.269 2 8 1
124.269 3 8 1
124.578 1 8 1
124.578 3 8 18.6
124.733 1 8 18.48
124.887 4 8 18.6
125.042 2 8 18.48
125.196 1 8 1
125.196 3 8 55.68
125.351 4 8 1
125.506 1 8 1
125.506 2 8 1
125.66 1 8 18.6
125.815 3 8 18.48
125.815 4 8 1
125.969 2 8 1
126.124 1 8 18.6
126.124 4 8 1
126.279 3 8 18.48
126.433 1 8 18.6
126.433 4 8 18.6
126.588 3 8 18.6
126.743 2 8 18.48
126.743 1 8 1
126.897 3 8 18.6
127.052 1 8 1
127.052 4 8 18.48
127.206 3 8 18.6
127.361 1 8 1
127.361 4 8 18.6
127.516 2 8 18.48
127.67 3 8 18.6
127.825 2 8 1
127.98 4 8 1
127.98 2 8 12.36
128.134 2 8 18.6
128.289 3 8 1
128.289 4 8 18.48
128.443 1 8 18.6
128.598 3 8 37.08
128.753 4 8 1
128.907 2 8 18.6
128.907 1 8 1
129.217 2 8 1
129.217 3 8 18.48
129.217 4 8 1
129.371 1 8 18.6
129.371 4 8 1
129.526 2 8 18.48
129.68 3 8 1
129.835 4 8 1
129.835 1 8 18.6
129.99 3 8 1
130.144 1 8 185.52
130.144 2 8 1
130.144 4 8 1
130.299 2 8 1
130.454 3 8 1
130.763 2 8 1
130.763 4 8 1
131.072 2 8 1
131.072 3 8 1
131.072 4 8 1
131.381 3 8 1
131.69 2 8 1
131.69 4 8 18.6
131.845 3 8 1
132 1 8 1
132 4 8 55.68
132.309 2 8 74.16
132.618 1 8 1
132.618 3 8 18.6
132.618 4 8 1
132.927 1 8 1
132.927 3 8 30.24
132.927 4 8 1
133.237 2 8 55.68
133.237 3 8 18.48
133.546 3 8 18.6
133.546 4 8 1
133.855 1 8 74.28
133.855 2 8 6.24
133.855 4 8 1
134.164 3 8 1
134.474 2 8 1
134.474 3 8 37.08
134.474 4 8 1
134.783 1 8 1
134.783 2 8 1
134.783 4 8 92.76
135.092 3 8 37.08
135.401 1 8 1
135.401 2 8 1
135.711 3 8 1
135.711 4 8 37.08
136.02 2 8 1
136.329 1 8 1
136.329 2 8 1
136.329 4 8 1
136.638 1 8 1
136.638 3 8 1
136.638 4 8 1
136.948 1 8 1
137.102 3 8 1
137.257 1 8 1
137.257 4 8 1
137.566 1 8 74.28
137.566 3 8 1
137.566 2 8 1
137.875 2 8 37.2
138.185 4 8 37.08
138.494 1 8 37.08
138.803 4 8 74.28
139.112 2 8 37.2
139.112 1 8 1
139.422 3 8 37.08
139.731 1 8 37.08
140.04 3 8 1
140.349 1 8 74.28
140.349 2 8 1
140.349 3 8 74.28
140.659 4 8 1
140.968 2 8 37.08
141.277 4 8 37.08
141.586 3 8 18.6
141.741 2 8 18.6
141.896 1 8 18.48
142.205 2 8 37.08
142.205 1 8 37.08
142.514 3 8 37.08
142.514 4 8 20.88
142.823 1 8 1
142.823 4 8 37.2
143.133 2 8 37.08
143.442 3 8 37.08
143.751 1 8 111.36
143.751 2 8 1
144.06 2 8 74.28
144.369 4 8 1
144.679 4 8 1
144.833 2 8 1
144.988 1 8 1
144.988 4 8 74.16
145.143 3 8 1
145.297 2 8 1
145.606 1 8 111.36
145.916 4 8 1
146.225 4 8 148.44
146.534 3 8 1
146.843 2 8 1
147.153 3 8 1
147.462 1 8 92.76
147.617 4 8 18.48
147.771 2 8 1
148.08 2 8 1
148.39 2 8 1
148.39 4 8 37.08
148.544 3 8 18.6
148.699 2 8 37.08
149.008 1 8 37.08
149.317 3 8 37.2
149.627 2 8 37.08
149.627 4 8 1
149.936 3 8 37.08
150.245 1 8 1
150.554 1 8 37.2
150.554 2 8 37.2
150.554 3 8 1
150.864 4 8 18.48
151.173 2 8 18.48
151.482 1 8 37.08
151.482 2 8 18.6
151.791 2 8 1
151.791 3 8 1
151.791 4 8 1
151.946 2 8 1
151.946 1 8 1
152.101 3 8 1
152.101 4 8 1
152.255 1 8 1
152.255 4 8 1
152.41 2 8 1
152.41 3 8 1
152.41 1 8 74.16
153.028 2 8 18.6
153.028 4 8 1
153.338 1 8 1
153.338 3 8 55.56
153.338 4 8 185.52
153.647 1 8 1
153.801 2 8 1
153.956 1 8 1
153.956 3 8 1
154.265 1 8 1
154.265 2 8 1
154.42 3 8 1
154.575 1 8 1
154.729 3 8 1
154.884 1 8 37.08
154.884 2 8 1
155.038 4 8 1
155.193 3 8 37.08
155.193 4 8 37.08
155.502 1 8 1
155.657 2 8 1
155.812 1 8 1
155.812 2 8 1
155.966 3 8 18.6
156.121 1 8 111.24
156.121 2 8 1
156.121 4 8 148.44
156.43 3 8 1
156.739 2 8 1
156.739 3 8 1
157.048 2 8 1
157.048 3 8 1
157.203 1 8 18.6
157.358 2 8 1
157.667 3 8 1
157.667 4 8 1
157.976 4 8 1
157.976 1 8 1
158.285 1 8 1
158.285 2 8 1
158.285 3 8 1
158.595 2 8 1
158.595 1 8 1
158.595 3 8 1
158.904 2 8 1
158.904 3 8 1
158.904 4 8 1
159.213 1 8 1
159.213 3 8 1
159.213 4 8 1
159.368 2 8 1
159.368 3 8 1
159.522 1 8 1
159.522 2 8 1
159.522 4 8 1
159.677 3 8 1
159.832 1 8 1
159.832 2 8 74.16
159.832 4 8 1
160.141 3 8 1
160.45 3 8 1
160.759 1 8 1
160.759 2 8 1
160.759 4 8 74.28
161.069 1 8 185.52
161.378 2 8 1
161.687 3 8 1
161.842 4 8 1
162.306 2 8 1
162.306 3 8 1
162.615 3 8 74.16
162.615 4 8 74.16
163.079 2 8 1
163.233 1 8 74.28
163.233 2 8 1
163.543 4 8 1
163.852 3 8 1
164.161 3 8 1
164.161 4 8 1
164.316 2 8 1
164.47 1 8 111.36
164.47 3 8 1
164.47 4 8 1
165.089 2 8 1
165.089 3 8 1
165.398 3 8 1
165.398 4 8 185.52
165.707 1 8 1
165.862 3 8 1
166.017 1 8 1
166.017 2 8 1
166.326 1 8 1
166.326 2 8 1
166.326 3 8 1
166.635 2 8 1
166.944 1 8 74.28
166.944 3 8 1
167.254 4 8 1
167.254 2 8 37.08
167.254 3 8 1
167.563 3 8 1
167.872 4 8 37.08
167.872 2 8 1
168.181 1 8 185.52
168.181 2 8 1
168.491 2 8 37.08
168.491 3 8 1
168.8 3 8 1
168.8 4 8 1
169.109 4 8 1
169.727 2 8 1
169.727 4 8 37.2
170.037 2 8 1
170.037 1 8 278.28
170.037 3 8 1
170.346 4 8 1
170.655 2 8 1
170.964 4 8 1
170.964 3 8 1
171.274 3 8 1
171.583 2 8 1
171.583 3 8 1
171.892 2 8 1
171.892 4 8 1
172.201 4 8 37.2
172.511 1 8 148.44
172.511 2 8 1
172.82 2 8 1
172.82 3 8 1
173.129 4 8 1
173.438 2 8 1
173.438 4 8 1
173.748 4 8 1
173.748 2 8 1
173.748 3 8 1
174.057 1 8 1
174.057 4 8 1
174.366 2 8 1
174.366 3 8 1
174.366 4 8 1
174.675 1 8 1
174.675 2 8 1
174.675 4 8 18.6
174.83 3 8 18.6
174.985 4 8 18.48
175.139 2 8 1
175.294 1 8 18.48
175.294 3 8 1
175.448 3 8 74.28
175.603 1 8 1
175.603 4 8 37.08
175.758 2 8 18.48
175.912 1 8 1
176.067 2 8 1
176.222 3 8 1
176.222 4 8 1
176.376 1 8 1
176.376 4 8 37.08
176.531 1 8 55.68
176.531 3 8 18.48
176.685 2 8 18.6
176.84 4 8 1
176.995 3 8 18.48
177.149 1 8 27.84
177.149 4 8 1
177.304 3 8 18.6
177.459 2 8 18.48
177.459 4 8 37.08
177.459 1 8 1
177.613 3 8 37.08
177.768 1 8 1
178.077 4 8 18.6
178.077 3 8 1
178.232 1 8 37.08
178.386 2 8 92.76
178.386 3 8 1
178.386 4 8 1
178.696 4 8 1
178.85 4 8 37.08
179.005 3 8 1
179.314 2 8 129.84
179.314 4 8 1
179.623 3 8 37.2
179.933 1 8 1
179.933 4 8 1
180.242 4 8 1
180.242 1 8 1
180.706 3 8 1
180.86 1 8 1
180.86 4 8 1
181.169 4 8 1
181.169 1 8 1
181.169 2 8 1
181.169 3 8 1
181.479 2 8 1
181.788 1 8 1
181.788 2 8 1
182.097 3 8 1
182.097 4 8 18.6
182.252 1 8 1
182.252 2 8 18.48
182.406 3 8 18.6
182.561 2 8 55.68
182.716 4 8 1
182.716 1 8 1
183.025 1 8 1
183.025 3 8 37.08
183.025 4 8 1
183.334 2 8 18.6
183.334 4 8 37.08
183.489 1 8 1
183.643 2 8 1
183.643 3 8 1
183.953 1 8 37.08
183.953 3 8 1
183.953 4 8 18.48
184.107 2 8 18.6
184.262 3 8 18.6
184.417 2 8 1
184.571 1 8 1
184.571 4 8 37.08
184.726 3 8 18.48
184.88 1 8 37.2
184.88 2 8 1
185.035 3 8 1
185.19 2 8 37.08
185.344 3 8 1
185.499 1 8 37.08
185.499 4 8 1
185.654 2 8 18.48
185.808 3 8 1
185.808 4 8 37.08
186.117 3 8 37.2
186.117 1 8 1
186.427 1 8 37.08
186.427 2 8 1
186.736 2 8 1
186.736 3 8 37.08
186.736 4 8 1
187.354 1 8 1
187.354 2 8 1
187.664 1 8 37.08
187.664 4 8 1
187.818 3 8 1
187.973 2 8 37.08
187.973 4 8 1
188.127 1 8 1
188.282 1 8 1
188.282 4 8 18.6
188.437 3 8 37.08
188.591 1 8 1
188.591 2 8 1
188.591 4 8 1
188.746 1 8 37.08
188.901 2 8 18.48
189.055 3 8 18.6
189.055 4 8 1
189.21 4 8 37.08
189.364 2 8 18.6
189.519 1 8 241.2
189.519 3 8 1
190.447 4 8 1
190.756 2 8 1
191.065 4 8 1
191.375 2 8 1
191.529 3 8 1
191.819 4 8 1
191.993 3 8 1
192.302 1 8 1
192.302 3 8 1
192.457 2 8 1
192.534 3 8 1
192.663 4 8 1
193.23 2 8 1
194.158 3 8 1
194.158 4 8 1
194.467 2 8 1
194.776 3 8 1
195.085 1 8 1
195.085 4 8 1
195.085 3 8 1
195.395 1 8 1
195.395 2 8 1
195.395 3 8 1
195.704 2 8 1
195.704 3 8 1
195.704 4 8 1
196.013 1 8 1
196.013 3 8 1
196.013 4 8 1
196.322 1 8 1
196.322 2 8 1
196.322 4 8 1
196.632 1 8 1
196.632 2 8 1
196.632 3 8 1
196.786 1 8 1
196.786 3 8 1
196.786 4 8 1
196.941 1 8 1
196.941 2 8 1
196.941 3 8 1
196.941 4 8 222.6
197.25 2 8 1
197.405 1 8 1
197.559 1 8 1
197.869 1 8 1
197.869 3 8 1
198.178 2 8 1
198.333 3 8 1
198.487 1 8 1
198.487 2 8 1
198.796 1 8 1
198.796 3 8 222.72
199.106 1 8 1
199.415 2 8 1
199.569 1 8 1
199.724 2 8 1
199.724 4 8 1
200.033 1 8 1
200.188 1 8 1
200.343 2 8 1
200.343 4 8 1
200.497 2 8 1
200.652 1 8 1
200.652 2 8 1
200.652 4 8 111.36
200.961 1 8 1
201.27 2 8 1
201.27 3 8 1
201.58 2 8 1
201.58 1 8 74.16
201.889 3 8 1
202.043 2 8 1
202.198 3 8 1
202.198 4 8 1
202.507 1 8 37.2
202.817 4 8 1
203.126 1 8 37.08
203.28 4 8 1
203.435 4 8 1
203.435 2 8 1
203.744 4 8 1
204.054 1 8 1
204.054 2 8 1
204.054 3 8 1
204.363 2 8 1
204.363 3 8 1
204.363 4 8 148.44
204.672 2 8 1
204.981 1 8 1
204.981 3 8 1
205.291 1 8 1
205.291 3 8 1
205.445 2 8 1
205.6 2 8 18.48
205.754 3 8 1
205.909 1 8 1
205.909 4 8 204.12
206.218 1 8 1
206.218 2 8 1
206.527 3 8 1
206.682 1 8 1
206.837 2 8 1
206.991 3 8 1
207.146 1 8 1
207.146 2 8 1
207.301 1 8 1
207.455 3 8 1
207.61 2 8 1
207.764 1 8 334.08
207.764 3 8 1
207.764 4 8 1
207.919 2 8 1
208.074 3 8 1
208.074 4 8 1
208.228 2 8 1
208.383 3 8 1
208.538 3 8 1
208.692 4 8 1
208.847 2 8 1
208.847 3 8 1
209.001 2 8 1
209.001 4 8 1
209.156 3 8 1
209.311 2 8 1
209.465 3 8 1
209.62 3 8 1
209.62 4 8 1
209.775 4 8 18.48
209.929 2 8 1
210.238 2 8 1
210.238 3 8 1
210.238 4 8 148.44
210.548 2 8 1
210.548 3 8 1
210.857 2 8 1
210.857 1 8 1
211.166 2 8 1
211.166 3 8 1
211.475 1 8 1
211.475 2 8 1
211.785 1 8 111.24
211.785 2 8 74.16
211.785 3 8 1
212.094 4 8 1
212.403 3 8 18.6
212.403 4 8 1
212.712 4 8 1
212.712 2 8 37.2
212.712 3 8 167.04
213.022 1 8 1
213.331 1 8 1
213.331 2 8 18.48
213.485 4 8 1
213.64 1 8 1
213.64 2 8 83.52
213.949 4 8 1
214.259 3 8 18.48
214.259 1 8 1
214.413 1 8 1
214.568 2 8 1
214.568 3 8 55.68
214.568 4 8 74.16
214.877 2 8 1
215.186 2 8 18.6
215.186 1 8 18.6
215.341 3 8 18.6
215.496 1 8 92.76
215.496 4 8 18.48
215.805 2 8 1
216.114 2 8 1
216.114 3 8 9.24
216.423 4 8 83.52
216.423 1 8 55.68
216.423 2 8 1
216.733 3 8 18.48
216.887 2 8 1
217.042 1 8 55.68
217.042 3 8 1
217.042 2 8 9.24
217.351 4 8 1
217.351 3 8 27.84
217.66 1 8 18.6
217.66 4 8 18.6
217.815 2 8 1
217.97 4 8 18.48
218.124 2 8 1
218.279 2 8 1
218.279 3 8 1
218.279 4 8 55.68
218.433 1 8 1
218.588 2 8 1
218.743 1 8 1
218.897 3 8 1
218.897 4 8 18.6
219.052 1 8 1
219.206 1 8 1
219.206 4 8 18.6
219.516 3 8 1
219.67 4 8 1
219.825 1 8 18.6
219.825 3 8 1
219.98 2 8 1
220.134 3 8 1
220.134 1 8 55.68
220.134 4 8 1
220.443 4 8 1
220.598 3 8 1
220.753 3 8 1
220.753 4 8 1
220.907 1 8 18.6
220.907 2 8 1
221.062 3 8 37.08
221.062 4 8 74.16
221.371 1 8 1
221.526 1 8 1
221.68 3 8 37.2
221.68 2 8 1
221.835 1 8 1
221.835 2 8 18.6
221.99 1 8 37.08
221.99 4 8 37.08
222.299 3 8 1
222.608 1 8 18.6
222.608 4 8 1
222.763 3 8 1
222.917 1 8 18.6
222.917 2 8 1
223.072 4 8 18.6
223.227 2 8 18.48
223.227 3 8 1
223.536 3 8 18.6
223.536 4 8 1
223.691 2 8 1
223.845 1 8 1
223.845 2 8 1
223.845 4 8 37.08
224 3 8 18.48
224.154 1 8 37.2
224.154 2 8 18.6
224.309 3 8 1
224.464 3 8 37.08
224.464 4 8 27.84
224.618 1 8 1
224.773 4 8 1
224.927 2 8 18.6
225.082 4 8 18.6
225.237 2 8 1
225.391 2 8 1
225.391 4 8 18.6
225.546 3 8 18.6
225.701 1 8 37.08
225.701 2 8 37.08
225.701 4 8 18.48
226.01 3 8 1
226.164 1 8 1
226.164 2 8 1
226.319 3 8 1
226.319 4 8 1
226.474 2 8 1
226.474 3 8 1
226.628 1 8 92.76
226.628 4 8 74.28
226.938 3 8 1
227.247 2 8 1
227.247 3 8 18.48
227.556 1 8 18.6
227.556 3 8 74.28
227.556 4 8 92.76
227.865 2 8 1
228.175 1 8 18.48
228.175 2 8 1
228.484 4 8 111.36
228.484 3 8 1
228.793 1 8 1
228.948 3 8 1
229.102 1 8 1
229.102 2 8 1
229.412 1 8 92.76
229.412 3 8 37.08
229.721 4 8 1
230.03 2 8 18.6
230.03 4 8 1
230.185 3 8 1
230.339 1 8 1
230.339 4 8 92.76
230.648 2 8 1
230.958 1 8 18.48
230.958 2 8 1
231.267 1 8 1
231.267 4 8 74.16
231.267 2 8 18.6
231.576 3 8 1
231.885 3 8 1
231.885 1 8 1
232.04 2 8 1
232.195 4 8 18.48
232.195 3 8 46.32
232.504 1 8 1
232.659 4 8 55.56
232.659 3 8 1
232.813 1 8 1
232.813 2 8 1
232.968 1 8 1
232.968 2 8 1
233.122 3 8 18.6
233.122 2 8 37.2
233.277 1 8 55.68
233.277 4 8 1
233.432 3 8 1
233.586 2 8 18.6
233.741 3 8 1
233.741 4 8 37.08
234.05 1 8 18.6
234.05 3 8 1
234.205 2 8 1
234.514 2 8 1
234.669 4 8 18.48
234.978 1 8 55.68
234.978 2 8 1
234.978 4 8 1
235.133 3 8 1
235.287 3 8 18.6
235.596 3 8 18.6
235.596 4 8 1
235.751 4 8 18.6
235.906 3 8 9.24
235.906 1 8 92.76
236.06 2 8 18.6
236.215 4 8 18.6
236.37 2 8 1
236.524 3 8 1
236.679 3 8 1
236.679 4 8 1
236.833 4 8 37.2
236.833 1 8 18.6
236.833 2 8 18.6
236.833 3 8 1
237.143 1 8 37.08
237.452 2 8 1
237.452 3 8 1
237.606 2 8 1
237.761 3 8 18.6
237.761 4 8 18.6
237.761 1 8 1
237.916 2 8 18.48
238.07 4 8 18.6
238.225 1 8 18.6
238.38 3 8 18.48
238.534 2 8 18.6
238.689 4 8 18.48
238.689 1 8 1
238.689 3 8 1
238.998 3 8 18.6
239.153 1 8 18.48
239.307 4 8 1
239.307 3 8 18.6
239.462 2 8 1
239.617 1 8 18.48
239.617 4 8 37.08
239.926 2 8 18.48
239.926 1 8 37.08
240.235 4 8 1
240.235 2 8 18.6
240.39 3 8 74.16
240.544 1 8 1
240.544 2 8 1
240.544 4 8 92.76
240.854 1 8 1
240.854 2 8 18.48
241.008 1 8 1
241.163 1 8 1
241.317 3 8 1
241.472 2 8 167.04
241.472 1 8 1
241.781 1 8 1
241.936 3 8 1
242.091 3 8 1
242.091 4 8 1
242.245 1 8 1
242.4 3 8 1
242.4 4 8 1
242.554 1 8 1
242.709 3 8 1
242.864 3 8 1
243.018 1 8 1
243.018 4 8 1
243.173 3 8 1
243.327 1 8 1
243.327 2 8 1
243.482 3 8 1
243.637 1 8 1
243.637 2 8 37.08
243.791 4 8 1
243.791 1 8 1
243.946 3 8 1
243.946 4 8 1
244.101 2 8 1
244.255 1 8 1
244.255 4 8 74.28
244.41 3 8 1
244.564 2 8 1
244.719 2 8 1
244.874 1 8 1
244.874 3 8 1
245.028 3 8 1
245.183 1 8 129.84
245.183 4 8 1
245.338 3 8 1
245.492 2 8 1
245.647 4 8 1
245.801 3 8 1
245.956 2 8 1
246.111 2 8 1
246.111 4 8 1
246.265 3 8 1
246.42 2 8 1
246.42 4 8 1
246.575 3 8 1
246.729 1 8 1
246.884 3 8 1
247.038 2 8 1
247.038 4 8 1
247.193 1 8 1
247.348 2 8 1
247.348 4 8 1
247.502 1 8 1
247.657 2 8 1
247.657 3 8 1
247.812 4 8 18.48
247.966 1 8 37.08
247.966 2 8 37.08
248.275 3 8 74.28
248.275 4 8 37.2
248.585 1 8 1
248.585 2 8 565.92
248.894 4 8 528.84
248.894 1 8 528.84
