8.547 3 8 1
9.229 2 8 1
9.667 1 8 1
10.02 2 8 1
10.885 3 8 1
11.534 3 8 1
11.924 4 8 1
12.273 3 8 1
12.784 2 8 1
13.977 2 8 1
14.403 3 8 1
15.061 3 8 1
15.341 4 8 1
15.706 3 8 1
16.12 3 8 1
16.57 2 8 1
17.045 1 8 1
17.459 2 8 1
18.53 3 8 1
18.969 1 8 1
19.943 3 8 1
20.344 4 8 1
20.673 3 8 1
21.773 1 8 1
21.773 3 8 1
21.773 4 8 1
22.193 4 8 1
22.4 3 8 23.4
22.595 2 8 50.28
22.814 1 8 1
23.014 3 8 25.56
23.227 1 8 23.4
23.422 2 8 1
23.422 4 8 1
23.836 3 8 1
24.037 3 8 25.56
24.25 4 8 1
24.445 3 8 25.56
24.658 1 8 1
24.658 4 8 1
24.858 4 8 24.12
25.059 1 8 1
25.059 2 8 1
25.479 1 8 26.28
25.79 3 8 1
25.881 4 8 26.28
26.1 2 8 23.4
26.295 1 8 24.84
26.502 3 8 24
26.702 1 8 1
26.903 4 8 1
27.104 2 8 25.56
27.317 3 8 24.84
27.512 1 8 1
27.524 2 8 24.12
27.725 1 8 24.12
27.725 4 8 1
27.926 3 8 35.04
28.34 4 8 1
28.34 2 8 1
28.747 2 8 26.28
28.966 3 8 24.12
29.167 1 8 23.4
29.362 3 8 24.84
29.569 2 8 26.28
29.788 3 8 24.12
29.989 1 8 1
29.989 2 8 24.12
30.19 3 8 1
30.384 4 8 1
30.591 3 8 26.28
30.81 2 8 24.12
31.011 3 8 48.24
31.212 1 8 1
31.413 1 8 26.28
31.632 2 8 1
31.632 4 8 1
31.833 3 8 1
32.04 1 8 1
32.234 2 8 26.4
32.454 4 8 48.12
32.654 1 8 1
32.855 3 8 50.4
33.062 2 8 1
33.275 1 8 24.12
33.476 4 8 1
33.677 1 8 25.56
33.677 2 8 25.56
33.89 4 8 1
33.987 2 8 1
34.085 3 8 49.56
34.085 4 8 49.56
34.498 1 8 1
34.498 2 8 49.68
34.912 4 8 1
34.912 3 8 48.96
35.32 1 8 48.24
35.32 4 8 1
35.722 3 8 1
35.722 4 8 48.84
36.129 2 8 49.68
36.543 4 8 1
36.543 1 8 26.28
36.762 3 8 1
36.957 1 8 1
36.957 4 8 23.4
37.152 2 8 1
37.219 3 8 65.64
37.365 4 8 1
37.766 1 8 1
37.766 2 8 1
38.186 1 8 1
38.186 4 8 24.12
38.387 3 8 24.12
38.588 1 8 1
38.588 2 8 49.68
39.002 1 8 24.84
39.002 4 8 1
39.209 3 8 1
39.318 2 8 1
39.41 4 8 50.4
39.41 3 8 1
39.83 1 8 1
39.83 2 8 48.12
40.231 3 8 26.28
40.45 1 8 17.52
40.45 2 8 1
40.651 1 8 47.52
40.651 2 8 1
41.047 4 8 1
41.108 3 8 1
41.162 2 8 1
41.217 1 8 1
41.217 3 8 32.16
41.272 4 8 1
41.485 2 8 1
41.485 4 8 1
41.692 2 8 1
41.728 4 8 1
41.765 3 8 1
41.801 2 8 1
41.856 3 8 1
41.856 4 8 46.08
42.24 3 8 49.56
42.24 1 8 1
42.653 2 8 27.12
42.653 4 8 1
42.879 3 8 1
43.025 2 8 26.28
43.025 4 8 1
43.335 2 8 1
43.426 1 8 12.48
43.426 4 8 1
43.627 1 8 10.92
43.822 2 8 44.52
43.822 4 8 1
44.011 3 8 1
44.011 4 8 1
44.193 3 8 1
44.193 4 8 48.24
44.394 3 8 1
44.595 1 8 1
44.595 2 8 1
44.777 4 8 1
44.99 2 8 1
44.99 3 8 1
45.179 2 8 1
45.185 3 8 1
45.362 1 8 1
45.362 2 8 48.12
45.362 4 8 1
45.562 4 8 1
45.763 1 8 46.08
45.763 3 8 1
45.946 4 8 1
46.147 3 8 1
46.147 4 8 1
46.238 2 8 1
46.329 1 8 1
46.329 4 8 1
46.439 2 8 1
46.53 3 8 1
46.53 4 8 1
46.731 1 8 1
46.731 4 8 1
46.822 2 8 1
46.913 4 8 48.24
46.932 3 8 21.84
47.315 2 8 21.96
47.498 3 8 1
47.699 1 8 1
47.699 2 8 1
47.699 4 8 1
47.899 3 8 1
47.991 4 8 1
48.082 1 8 1
48.082 3 8 1
48.1 2 8 1
48.283 2 8 1
48.484 1 8 1
48.484 4 8 1
48.684 2 8 1
48.867 1 8 1
48.867 3 8 1
48.867 4 8 1
49.068 4 8 1
49.25 1 8 1
49.25 3 8 1
49.451 1 8 1
49.652 2 8 1
49.652 3 8 1
49.652 4 8 1
49.835 2 8 1
50.035 1 8 1
50.035 3 8 1
50.236 3 8 1
50.419 1 8 1
50.419 2 8 1
50.419 4 8 1
50.62 3 8 1
50.821 1 8 1
50.821 2 8 1
51.003 4 8 1
51.113 2 8 1
51.204 1 8 1
51.204 3 8 1
51.204 4 8 1
51.405 3 8 1
51.587 1 8 1
51.587 2 8 1
51.587 4 8 1
51.788 3 8 1
51.989 2 8 1
51.989 3 8 1
51.989 4 8 1
52.172 1 8 1
52.372 1 8 1
52.372 4 8 1
52.573 2 8 1
52.774 2 8 1
52.774 4 8 1
52.957 3 8 1
53.157 2 8 1
53.157 3 8 1
53.358 1 8 1
53.541 4 8 1
53.541 1 8 1
53.541 2 8 1
53.742 3 8 1
53.943 1 8 1
53.943 3 8 1
54.125 2 8 1
54.235 3 8 1
54.326 1 8 1
54.326 4 8 1
54.527 3 8 1
54.709 4 8 1
54.709 2 8 1
54.91 4 8 1
55.111 1 8 1
55.111 2 8 1
55.111 3 8 1
55.294 4 8 1
55.494 1 8 1
55.494 4 8 1
55.695 2 8 1
55.878 1 8 1
55.878 3 8 1
55.878 4 8 1
56.079 2 8 1
56.28 1 8 1
56.28 3 8 1
56.28 2 8 1
56.462 3 8 1
56.663 1 8 1
56.663 2 8 1
56.663 4 8 1
56.864 4 8 1
57.046 1 8 1
57.046 3 8 1
57.247 2 8 1
57.448 1 8 1
57.448 3 8 1
57.448 4 8 1
57.631 1 8 1
57.831 3 8 1
57.831 4 8 1
58.032 2 8 1
58.215 1 8 1
58.215 3 8 1
58.215 4 8 1
58.416 2 8 1
58.616 1 8 1
58.616 4 8 1
58.799 3 8 1
59 2 8 1
59 1 8 1
59 4 8 1
59.201 1 8 1
59.201 2 8 1
59.383 3 8 1
59.383 4 8 1
59.584 2 8 1
59.584 4 8 1
59.785 1 8 1
59.785 2 8 1
59.785 3 8 1
59.968 1 8 1
59.968 3 8 1
59.968 4 8 1
60.168 1 8 1
60.168 4 8 1
60.26 2 8 1
60.369 2 8 1
60.46 3 8 1
60.552 1 8 1
60.552 4 8 1
60.661 3 8 1
60.753 1 8 1
60.844 3 8 1
60.953 1 8 1
60.953 2 8 1
61.045 4 8 1
61.136 1 8 1
61.246 3 8 1
61.337 1 8 1
61.337 4 8 1
61.428 2 8 1
61.538 1 8 1
61.629 3 8 1
61.72 2 8 1
61.72 4 8 1
61.83 2 8 1
61.921 3 8 1
62.012 2 8 1
62.122 1 8 1
62.122 4 8 1
62.213 3 8 1
62.304 1 8 1
62.414 2 8 1
62.505 3 8 1
62.505 4 8 1
62.597 2 8 1
62.706 3 8 1
62.797 2 8 1
62.889 1 8 1
62.889 4 8 1
62.998 3 8 1
63.09 2 8 1
63.181 3 8 1
63.29 1 8 1
63.29 2 8 1
63.382 4 8 1
63.473 2 8 1
63.582 1 8 1
63.674 4 8 1
63.674 3 8 1
63.765 1 8 1
63.875 2 8 1
63.966 3 8 1
64.057 1 8 1
64.057 4 8 1
64.167 3 8 1
64.258 1 8 1
64.349 3 8 1
64.459 2 8 1
64.459 4 8 1
64.55 1 8 1
64.641 2 8 1
64.751 3 8 1
64.842 1 8 1
64.842 4 8 1
64.934 2 8 1
65.043 3 8 1
65.134 1 8 1
65.226 3 8 1
65.226 4 8 1
65.335 2 8 1
65.426 4 8 1
65.518 3 8 1
65.627 1 8 1
65.627 4 8 1
65.719 3 8 1
65.81 2 8 1
65.919 3 8 1
66.011 1 8 1
66.011 4 8 1
66.102 2 8 1
66.212 1 8 1
66.303 3 8 1
66.412 1 8 21.96
66.412 4 8 1
66.595 2 8 1
66.704 2 8 1
66.796 1 8 1
66.796 3 8 1
66.899 4 8 1
66.978 1 8 1
67.088 3 8 1
67.179 1 8 1
67.179 4 8 1
67.27 4 8 1
67.38 2 8 1
67.471 2 8 1
67.563 3 8 1
67.563 4 8 1
67.672 1 8 1
67.763 2 8 1
67.873 3 8 1
67.964 1 8 1
67.964 2 8 1
68.056 4 8 1
68.147 3 8 1
68.256 1 8 1
68.348 3 8 1
68.348 4 8 1
68.439 1 8 1
68.548 2 8 1
68.64 3 8 1
68.731 1 8 1
68.731 4 8 1
68.841 3 8 1
68.932 2 8 1
69.041 3 8 1
69.133 1 8 1
69.133 2 8 1
69.224 4 8 1
69.315 3 8 1
69.425 2 8 1
69.528 1 8 1
69.528 4 8 1
69.607 2 8 1
69.723 3 8 1
69.82 2 8 1
69.9 1 8 1
69.9 4 8 1
70.015 3 8 1
70.113 2 8 1
70.21 3 8 1
70.307 2 8 1
70.307 4 8 1
70.405 1 8 1
70.502 3 8 1
70.599 2 8 1
70.685 1 8 1
70.697 4 8 1
70.794 2 8 1
70.892 4 8 1
70.989 1 8 1
71.086 2 8 1
71.086 4 8 1
71.184 3 8 1
71.281 1 8 1
71.281 4 8 1
71.476 1 8 1
71.476 4 8 1
71.573 2 8 1
71.671 3 8 1
71.671 1 8 1
71.768 2 8 1
71.865 2 8 1
71.865 3 8 1
72.06 2 8 1
72.255 1 8 1
72.255 2 8 1
72.255 4 8 1
72.644 2 8 23.4
72.644 3 8 1
72.644 4 8 1
72.839 3 8 23.4
73.034 4 8 1
73.034 1 8 1
73.131 3 8 1
73.228 4 8 1
73.423 2 8 1
73.423 4 8 1
73.618 3 8 1
73.813 1 8 1
73.813 3 8 1
73.813 2 8 1
73.91 1 8 1
74.007 1 8 1
74.202 2 8 1
74.202 4 8 1
74.397 3 8 1
74.592 2 8 1
74.592 4 8 1
74.689 3 8 1
74.786 1 8 1
74.981 3 8 23.4
74.981 4 8 1
75.176 2 8 1
75.231 4 8 1
75.304 2 8 1
75.371 1 8 1
75.371 3 8 1
75.565 2 8 23.4
75.76 1 8 1
75.76 4 8 23.4
75.955 1 8 1
76.15 1 8 1
76.15 2 8 1
76.15 4 8 1
76.247 3 8 1
76.344 2 8 1
76.539 2 8 1
76.539 4 8 1
76.734 1 8 1
76.929 4 8 1
76.929 3 8 1
77.026 3 8 1
77.123 1 8 1
77.318 2 8 1
77.318 3 8 1
77.513 1 8 1
77.708 1 8 1
77.708 3 8 1
77.708 4 8 1
77.902 2 8 1
78.097 3 8 1
78.097 4 8 1
78.225 1 8 1
78.341 4 8 1
78.487 3 8 1
78.487 1 8 1
78.487 2 8 23.28
78.681 3 8 23.4
78.876 1 8 23.4
78.876 2 8 1
78.876 4 8 1
79.071 3 8 1
79.266 1 8 1
79.266 3 8 1
79.266 4 8 1
79.363 2 8 1
79.46 3 8 1
79.655 1 8 1
79.655 4 8 1
79.85 3 8 1
80.045 1 8 1
80.045 2 8 1
80.045 3 8 1
80.142 4 8 1
80.239 2 8 1
80.434 1 8 1
80.434 3 8 1
80.434 4 8 23.4
80.629 2 8 1
80.824 2 8 1
80.824 1 8 1
80.824 4 8 1
80.921 3 8 1
81.018 2 8 1
81.213 1 8 1
81.213 3 8 1
81.213 2 8 23.4
81.408 1 8 1
81.493 3 8 1
81.548 1 8 1
81.603 2 8 1
81.603 4 8 1
81.797 3 8 1
81.992 1 8 23.4
81.992 2 8 1
82.187 3 8 1
82.284 2 8 1
82.382 1 8 1
82.382 3 8 1
82.382 4 8 1
82.576 3 8 1
82.674 2 8 1
82.771 3 8 1
82.771 4 8 1
82.966 1 8 1
83.063 2 8 1
83.063 3 8 1
83.161 1 8 1
83.161 4 8 1
83.258 3 8 1
83.355 2 8 1
83.453 3 8 1
83.55 1 8 1
83.55 2 8 1
83.55 4 8 1
83.842 1 8 1
83.842 3 8 1
83.842 4 8 1
84.134 1 8 1
84.134 3 8 1
84.134 4 8 1
84.329 2 8 1
84.329 3 8 1
84.329 4 8 1
85.108 1 8 1
85.108 3 8 1
85.108 4 8 1
85.303 2 8 1
85.4 3 8 1
85.497 1 8 1
85.497 2 8 1
85.692 2 8 23.4
85.887 4 8 23.4
86.082 1 8 1
86.082 2 8 1
86.276 3 8 23.4
86.276 4 8 1
86.471 1 8 1
86.666 1 8 23.4
86.666 2 8 1
86.861 3 8 1
86.958 2 8 1
87.055 3 8 1
87.055 4 8 1
87.25 4 8 1
87.445 3 8 23.4
87.64 1 8 1
87.64 2 8 1
87.834 4 8 46.8
87.834 1 8 1
88.029 3 8 1
88.224 3 8 1
88.224 1 8 1
88.321 2 8 1
88.419 4 8 1
88.516 2 8 1
88.613 1 8 1
88.613 3 8 1
88.613 4 8 1
88.808 3 8 1
89.003 2 8 23.4
89.198 4 8 1
89.198 3 8 1
89.392 1 8 1
89.392 4 8 23.4
89.587 1 8 1
89.782 4 8 1
89.782 2 8 1
89.977 1 8 1
90.074 2 8 1
90.171 1 8 1
90.171 4 8 1
90.366 3 8 1
90.463 2 8 1
90.561 4 8 1
90.658 1 8 1
90.756 3 8 1
90.756 4 8 1
90.853 2 8 1
90.95 1 8 1
90.95 4 8 1
91.048 3 8 1
91.145 1 8 1
91.242 2 8 1
91.34 4 8 1
91.34 1 8 1
91.535 2 8 1
91.729 1 8 1
91.729 4 8 1
91.924 3 8 1
92.119 1 8 1
92.119 2 8 23.4
92.314 4 8 1
92.314 3 8 1
92.411 3 8 1
92.508 2 8 1
92.508 4 8 1
92.606 3 8 1
92.703 2 8 1
92.8 3 8 1
92.898 1 8 1
92.898 4 8 1
93.093 3 8 1
93.214 2 8 1
93.287 3 8 1
93.287 4 8 1
93.482 1 8 11.64
93.579 2 8 1
93.677 1 8 1
93.774 3 8 1
93.872 2 8 1
93.872 1 8 1
93.969 3 8 1
93.969 4 8 1
94.066 2 8 1
94.066 1 8 1
94.261 3 8 23.4
94.456 1 8 1
94.456 4 8 23.4
94.845 4 8 1
94.845 3 8 1
95.04 2 8 1
95.04 1 8 1
95.235 3 8 1
95.235 4 8 1
95.429 1 8 1
95.429 2 8 1
95.624 1 8 1
95.624 4 8 1
95.819 3 8 1
96.014 1 8 1
96.014 4 8 1
96.403 1 8 1
96.403 4 8 1
96.598 2 8 1
96.598 3 8 1
96.793 2 8 1
96.987 1 8 1
96.987 4 8 1
97.182 4 8 1
97.182 3 8 1
97.377 2 8 116.88
97.572 3 8 1
97.961 3 8 1
98.156 3 8 1
98.351 1 8 1
98.351 4 8 70.08
98.545 1 8 1
98.74 3 8 1
98.838 2 8 1
98.935 2 8 1
99.13 1 8 1
99.13 4 8 23.28
99.324 2 8 23.4
99.519 1 8 1
99.519 4 8 1
99.617 3 8 1
99.714 2 8 1
99.811 3 8 58.44
99.909 4 8 1
100.103 4 8 1
100.298 1 8 1
100.493 1 8 1
100.59 2 8 1
100.688 3 8 23.28
100.688 4 8 1
101.077 1 8 1
101.175 2 8 1
101.272 4 8 1
101.369 3 8 1
101.467 1 8 1
101.467 2 8 23.28
101.661 3 8 1
101.856 1 8 1
101.953 2 8 1
102.051 4 8 1
102.148 1 8 1
102.246 2 8 1
102.246 3 8 1
102.246 4 8 23.28
102.44 3 8 23.4
102.635 1 8 23.4
102.83 2 8 1
102.83 3 8 1
103.025 2 8 1
103.025 4 8 1
103.122 3 8 1
103.219 1 8 1
103.317 2 8 1
103.414 1 8 1
103.414 4 8 1
103.511 3 8 1
103.609 1 8 1
103.609 2 8 1
103.706 4 8 1
103.804 1 8 1
103.804 2 8 93.48
103.804 3 8 1
104.583 3 8 70.08
105.167 2 8 23.4
105.362 3 8 1
105.362 4 8 46.68
105.556 1 8 1
105.751 2 8 23.4
105.751 3 8 1
105.946 1 8 1
105.946 3 8 23.4
106.141 4 8 1
106.141 1 8 46.68
106.335 4 8 1
106.53 2 8 1
106.92 3 8 1
107.114 3 8 1
107.309 2 8 1
107.504 3 8 1
107.698 3 8 1
107.698 1 8 1
107.911 4 8 1
108.088 4 8 1
108.283 3 8 1
108.477 1 8 46.8
108.575 4 8 1
108.672 3 8 1
108.867 4 8 1
108.964 3 8 1
109.062 2 8 1
109.062 4 8 1
109.159 3 8 1
109.256 2 8 35.16
109.549 3 8 1
109.646 1 8 1
109.646 2 8 1
109.646 4 8 1
109.841 3 8 1
109.938 2 8 1
110.035 1 8 1
110.035 3 8 23.4
110.035 4 8 1
110.23 2 8 1
110.328 3 8 1
110.425 1 8 1
110.425 4 8 1
110.62 2 8 23.28
110.814 1 8 1
110.814 4 8 35.16
111.009 3 8 1
111.204 1 8 1
111.204 4 8 1
111.204 2 8 1
111.399 1 8 23.28
111.593 4 8 1
111.593 2 8 23.4
111.593 3 8 1
111.788 3 8 23.4
111.983 1 8 1
111.983 2 8 1
111.983 4 8 23.4
112.178 2 8 23.28
112.372 1 8 23.4
112.372 4 8 1
112.567 3 8 1
112.762 1 8 1
112.762 2 8 23.4
112.762 4 8 1
112.957 3 8 1
113.151 1 8 1
113.151 2 8 23.4
113.346 3 8 1
113.443 1 8 1
113.541 1 8 1
113.541 3 8 1
113.541 4 8 46.68
113.736 2 8 1
113.93 1 8 1
113.93 3 8 48.96
114.125 2 8 1
114.338 2 8 1
114.338 4 8 1
114.515 1 8 23.28
114.709 2 8 23.4
114.709 4 8 1
114.904 3 8 23.4
115.099 2 8 1
115.099 1 8 23.4
115.099 4 8 1
115.294 3 8 23.28
115.488 2 8 1
115.488 4 8 1
115.586 1 8 1
115.683 3 8 1
115.78 2 8 1
115.878 1 8 1
115.878 4 8 1
115.975 3 8 1
116.073 2 8 1
116.17 1 8 1
116.267 3 8 23.4
116.267 4 8 1
116.462 2 8 1
116.559 3 8 11.76
116.657 1 8 1
116.657 2 8 1
116.657 4 8 1
116.852 2 8 23.28
117.046 1 8 46.8
117.046 4 8 1
117.241 3 8 1
117.436 2 8 46.68
117.436 3 8 1
117.631 3 8 1
117.825 1 8 1
117.825 3 8 23.4
118.02 2 8 11.64
118.215 1 8 1
118.215 4 8 23.4
118.41 3 8 23.28
118.604 1 8 1
118.604 2 8 23.4
118.799 4 8 1
118.994 1 8 1
118.994 3 8 1
119.188 4 8 23.4
119.383 1 8 36.6
119.383 3 8 1
119.578 2 8 1
119.773 1 8 1
119.773 2 8 1
119.773 3 8 23.28
119.967 4 8 1
120.065 4 8 1
120.162 3 8 1
120.162 2 8 46.8
120.357 3 8 1
120.552 1 8 46.68
120.552 3 8 1
120.552 4 8 1
120.746 4 8 23.4
120.941 2 8 1
120.941 3 8 1
121.136 3 8 1
121.331 1 8 1
121.331 4 8 1
121.331 2 8 1
121.525 2 8 23.4
121.72 1 8 1
121.72 4 8 46.8
121.915 3 8 23.4
122.11 1 8 1
122.11 2 8 1
122.304 2 8 23.4
122.304 4 8 1
122.499 1 8 1
122.499 4 8 1
122.597 3 8 1
122.694 2 8 1
122.791 4 8 1
122.889 1 8 1
122.889 3 8 1
122.986 4 8 1
123.083 3 8 1
123.181 2 8 1
123.278 1 8 1
123.278 4 8 1
123.376 2 8 1
123.473 3 8 1
123.57 4 8 1
123.668 1 8 1
123.668 4 8 1
123.765 3 8 1
123.862 2 8 1
123.96 1 8 1
124.057 2 8 1
124.057 4 8 1
124.155 3 8 1
124.252 1 8 1
124.349 3 8 1
124.447 4 8 1
124.447 1 8 1
124.544 2 8 1
124.641 3 8 1
124.739 2 8 1
124.836 1 8 1
124.836 4 8 1
124.933 1 8 1
125.031 3 8 1
125.128 2 8 1
125.226 1 8 1
125.226 4 8 1
125.323 1 8 1
125.42 3 8 1
125.518 2 8 1
125.615 1 8 1
125.615 4 8 1
125.712 2 8 1
125.81 3 8 1
125.907 2 8 1
126.005 1 8 1
126.005 4 8 1
126.102 3 8 1
126.199 2 8 1
126.297 3 8 1
126.394 1 8 1
126.394 4 8 1
126.491 2 8 1
126.589 3 8 1
126.686 4 8 1
126.784 1 8 1
126.784 4 8 1
126.881 2 8 1
126.978 3 8 1
127.076 3 8 1
127.173 1 8 1
127.173 4 8 1
127.27 2 8 1
127.368 3 8 1
127.465 2 8 1
127.563 1 8 1
127.563 4 8 1
127.66 2 8 1
127.757 4 8 1
127.855 3 8 1
127.952 1 8 1
127.952 2 8 1
128.049 1 8 1
128.147 4 8 1
128.244 2 8 1
128.342 1 8 1
128.342 4 8 1
128.439 3 8 1
128.536 2 8 1
128.634 4 8 1
128.731 1 8 1
128.731 2 8 1
128.828 3 8 1
128.926 2 8 1
129.023 4 8 1
129.121 3 8 1
129.121 1 8 1
129.218 2 8 1
129.315 3 8 1
129.413 4 8 1
129.51 1 8 1
129.51 2 8 1
129.607 1 8 1
129.705 3 8 1
129.802 2 8 1
129.9 1 8 1
129.9 4 8 1
129.997 2 8 1
130.094 3 8 1
130.192 1 8 1
130.289 4 8 1
130.289 1 8 1
130.386 2 8 1
130.484 3 8 1
130.581 4 8 1
130.678 1 8 1
130.678 3 8 1
130.776 2 8 1
130.873 2 8 1
130.971 3 8 1
131.068 1 8 1
131.068 4 8 1
131.165 2 8 1
131.263 3 8 1
131.36 2 8 1
131.457 1 8 1
131.457 4 8 1
131.555 3 8 1
131.652 2 8 1
131.75 3 8 1
131.847 1 8 1
131.847 4 8 1
131.944 3 8 1
132.042 2 8 1
132.139 3 8 1
132.236 2 8 1
132.236 4 8 1
132.334 1 8 1
132.431 2 8 1
132.529 3 8 1
132.626 1 8 1
132.723 4 8 1
132.821 1 8 1
132.918 3 8 1
133.015 2 8 1
133.015 4 8 1
133.113 3 8 1
133.21 4 8 1
133.308 3 8 1
133.405 1 8 1
133.405 4 8 1
133.502 2 8 1
133.6 3 8 1
133.6 1 8 1
133.697 2 8 1
133.794 1 8 1
133.794 4 8 1
133.892 3 8 1
133.989 2 8 1
133.989 4 8 1
134.087 3 8 1
134.184 2 8 1
134.184 4 8 1
134.379 3 8 1
134.573 1 8 1
134.573 2 8 1
134.573 4 8 1
134.963 1 8 1
134.963 2 8 1
134.963 4 8 1
135.158 2 8 1
135.352 3 8 1
135.352 1 8 1
135.45 3 8 1
135.553 2 8 1
135.742 1 8 1
135.742 3 8 1
135.937 4 8 1
136.137 3 8 1
136.137 1 8 1
136.229 3 8 1
136.326 3 8 1
136.539 2 8 1
136.539 3 8 1
136.716 1 8 1
136.91 1 8 1
136.91 3 8 1
137.014 2 8 1
137.105 1 8 1
137.3 2 8 1
137.3 4 8 1
137.495 2 8 1
137.562 4 8 1
137.641 1 8 1
137.689 2 8 1
137.884 3 8 23.4
138.079 4 8 1
138.079 2 8 1
138.274 2 8 1
138.468 1 8 1
138.468 3 8 1
138.566 4 8 1
138.663 4 8 1
138.858 3 8 1
138.858 2 8 1
139.053 1 8 1
139.247 1 8 1
139.247 4 8 1
139.345 3 8 1
139.442 1 8 1
139.637 2 8 1
139.637 3 8 1
139.832 3 8 1
140.026 2 8 1
140.026 4 8 1
140.221 2 8 1
140.416 2 8 1
140.416 4 8 1
140.537 3 8 1
140.592 2 8 1
140.611 1 8 1
140.757 4 8 1
140.811 1 8 1
140.83 2 8 20.4
141 3 8 23.4
141.195 2 8 23.4
141.195 4 8 1
141.39 3 8 1
141.584 1 8 1
141.584 3 8 1
141.584 4 8 1
141.779 2 8 1
141.974 1 8 1
141.974 2 8 1
142.168 4 8 1
142.363 1 8 1
142.363 4 8 1
142.363 2 8 1
142.461 3 8 1
142.558 2 8 1
142.753 2 8 1
142.753 4 8 1
142.947 3 8 1
143.142 1 8 1
143.142 4 8 1
143.24 3 8 1
143.337 2 8 1
143.532 1 8 1
143.532 2 8 1
143.532 4 8 23.28
143.726 2 8 1
143.806 3 8 1
143.873 1 8 1
143.921 2 8 1
143.921 3 8 1
143.921 4 8 1
144.116 2 8 1
144.311 1 8 23.28
144.311 2 8 1
144.505 3 8 1
144.603 2 8 1
144.7 1 8 1
144.7 3 8 1
144.7 4 8 1
144.895 2 8 1
144.992 3 8 1
145.09 1 8 1
145.09 4 8 1
145.284 2 8 1
145.382 3 8 1
145.479 1 8 1
145.479 2 8 1
145.479 4 8 1
145.577 3 8 1
145.674 2 8 1
145.771 3 8 1
145.869 1 8 1
145.869 2 8 1
145.869 4 8 1
146.161 1 8 1
146.161 2 8 1
146.161 4 8 1
146.453 3 8 1
146.453 4 8 1
146.648 1 8 1
146.648 2 8 1
146.648 4 8 1
147.427 3 8 1
147.427 4 8 1
147.621 1 8 1
147.719 2 8 1
147.816 3 8 1
147.816 4 8 1
148.011 3 8 1
148.206 4 8 23.28
148.4 1 8 1
148.4 2 8 1
148.595 1 8 1
148.595 4 8 1
148.79 2 8 23.4
148.985 3 8 1
148.985 4 8 1
149.179 2 8 1
149.277 2 8 1
149.374 4 8 1
149.374 1 8 1
149.569 4 8 23.4
149.764 3 8 23.28
149.958 1 8 1
149.958 2 8 1
150.153 2 8 23.4
150.153 4 8 1
150.348 4 8 11.64
150.543 4 8 1
150.543 3 8 1
150.64 2 8 1
150.737 1 8 1
150.835 3 8 1
150.932 4 8 1
150.932 1 8 1
151.127 1 8 1
151.322 2 8 23.28
151.516 4 8 1
151.516 3 8 1
151.711 1 8 23.4
151.711 2 8 1
151.906 4 8 1
152.101 3 8 1
152.101 4 8 1
152.295 2 8 1
152.393 3 8 1
152.49 4 8 1
152.49 1 8 1
152.587 2 8 1
152.685 3 8 1
152.782 2 8 1
152.88 4 8 1
152.977 1 8 1
153.074 3 8 1
153.074 4 8 1
153.172 2 8 1
153.269 1 8 1
153.269 3 8 1
153.269 4 8 1
153.366 2 8 1
153.464 1 8 1
153.561 3 8 1
153.658 1 8 1
153.658 4 8 1
153.853 4 8 1
154.048 1 8 1
154.048 4 8 1
154.243 2 8 23.28
154.437 1 8 23.4
154.632 3 8 1
154.632 4 8 1
154.827 1 8 1
154.827 2 8 1
154.924 3 8 1
155.022 1 8 1
155.119 2 8 1
155.216 3 8 23.4
155.216 4 8 1
155.411 1 8 1
155.49 2 8 1
155.557 3 8 1
155.606 1 8 1
155.606 4 8 23.4
155.801 2 8 1
155.898 3 8 1
155.995 2 8 1
156.093 3 8 1
156.19 1 8 1
156.19 4 8 1
156.288 2 8 1
156.385 3 8 1
156.385 4 8 1
156.58 1 8 23.28
156.774 4 8 1
156.774 3 8 1
157.164 1 8 1
157.164 2 8 1
157.359 1 8 1
157.359 4 8 1
157.535 2 8 1
157.736 3 8 1
157.736 4 8 1
157.943 1 8 1
157.943 2 8 1
158.138 3 8 1
158.332 1 8 1
158.332 4 8 1
158.722 1 8 1
158.722 4 8 1
158.917 2 8 1
158.917 3 8 1
159.111 3 8 1
159.306 1 8 1
159.306 2 8 1
159.501 1 8 1
159.501 4 8 1
159.696 2 8 23.28
159.89 1 8 1
159.89 3 8 93.48
160.28 2 8 1
160.475 2 8 1
160.669 1 8 70.2
160.669 4 8 1
160.864 4 8 1
161.059 4 8 1
161.254 3 8 23.28
161.448 1 8 23.4
161.448 4 8 1
161.643 3 8 1
161.643 2 8 23.4
161.838 1 8 1
161.838 4 8 1
161.935 2 8 1
162.033 3 8 1
162.13 4 8 1
162.227 1 8 1
162.227 3 8 46.8
162.617 1 8 1
162.812 1 8 1
162.909 1 8 1
163.006 1 8 1
163.006 2 8 23.4
163.396 4 8 1
163.493 3 8 1
163.591 2 8 1
163.688 1 8 1
163.785 3 8 1
163.785 4 8 1
163.98 2 8 1
164.175 3 8 1
164.175 4 8 1
164.272 2 8 1
164.37 1 8 1
164.467 2 8 1
164.564 1 8 1
164.564 3 8 23.4
164.759 1 8 23.4
164.954 4 8 23.28
165.148 2 8 23.4
165.343 4 8 1
165.343 1 8 1
165.343 3 8 1
165.441 2 8 1
165.538 4 8 1
165.538 3 8 1
165.635 1 8 1
165.733 3 8 1
165.781 2 8 1
165.83 1 8 1
165.927 2 8 1
165.927 4 8 1
166.025 3 8 1
166.122 4 8 1
166.122 1 8 93.48
166.122 2 8 1
166.901 2 8 93.48
167.68 1 8 1
167.68 3 8 23.4
167.875 4 8 23.4
168.07 2 8 1
168.07 3 8 23.28
168.264 1 8 1
168.264 4 8 23.4
168.459 3 8 1
168.459 1 8 46.8
168.654 4 8 1
169.043 3 8 1
169.238 2 8 1
169.238 3 8 1
169.433 2 8 1
169.676 3 8 1
169.822 1 8 1
169.822 3 8 8.76
170.005 4 8 94.92
170.005 2 8 1
170.212 1 8 1
170.407 1 8 1
170.601 2 8 1
170.796 1 8 1
170.893 3 8 1
170.991 2 8 1
171.088 4 8 1
171.186 1 8 1
171.186 3 8 1
171.283 2 8 1
171.38 3 8 1
171.38 4 8 1
171.478 2 8 1
171.575 1 8 35.04
171.867 2 8 1
171.965 1 8 1
171.965 3 8 1
171.965 4 8 1
172.062 2 8 1
172.159 2 8 1
172.354 1 8 1
172.354 2 8 23.4
172.354 4 8 1
172.549 3 8 11.64
172.646 2 8 1
172.744 1 8 1
172.744 4 8 1
172.938 2 8 23.4
173.133 4 8 1
173.133 1 8 46.8
173.328 3 8 1
173.523 3 8 1
173.523 4 8 1
173.523 2 8 1
173.717 4 8 23.4
173.912 1 8 1
173.912 2 8 1
174.107 2 8 23.4
174.302 1 8 1
174.302 4 8 1
174.302 3 8 1
174.496 3 8 23.4
174.691 1 8 46.8
174.691 4 8 1
174.886 2 8 1
175.081 3 8 1
175.081 4 8 1
175.275 3 8 23.4
175.47 1 8 1
175.47 2 8 23.4
175.665 3 8 1
175.762 3 8 1
175.86 1 8 1
175.86 2 8 1
175.86 4 8 1
176.054 3 8 23.4
176.249 1 8 1
176.249 4 8 46.68
176.444 2 8 1
176.638 2 8 1
176.638 1 8 1
176.638 3 8 1
176.833 3 8 1
177.028 2 8 23.4
177.028 4 8 1
177.223 1 8 23.28
177.417 3 8 46.8
177.417 4 8 1
177.417 2 8 1
177.612 1 8 1
177.807 1 8 1
177.807 2 8 1
177.807 4 8 1
177.904 3 8 1
178.002 2 8 1
178.099 1 8 1
178.196 3 8 1
178.196 4 8 1
178.294 2 8 1
178.391 3 8 1
178.489 1 8 1
178.586 2 8 11.64
178.586 4 8 1
178.781 2 8 1
178.878 3 8 1
178.975 1 8 1
178.975 2 8 23.4
178.975 4 8 1
179.17 3 8 23.4
179.365 1 8 1
179.365 4 8 46.68
179.754 2 8 1
179.754 1 8 1
179.949 2 8 23.4
180.144 1 8 1
180.144 3 8 46.68
180.339 2 8 1
180.533 1 8 1
180.533 4 8 1
180.728 2 8 23.4
180.923 4 8 1
180.923 3 8 23.4
181.118 1 8 1
181.312 2 8 23.4
181.312 3 8 1
181.312 4 8 1
181.507 3 8 1
181.702 2 8 1
181.702 4 8 46.68
181.897 3 8 1
182.091 1 8 1
182.091 3 8 23.4
182.286 1 8 1
182.383 4 8 1
182.481 3 8 1
182.481 2 8 23.4
182.676 1 8 1
182.87 1 8 1
182.87 4 8 46.8
183.26 2 8 1
183.26 3 8 1
183.455 3 8 1
183.552 2 8 1
183.649 1 8 1
183.649 3 8 1
183.649 4 8 1
183.844 2 8 1
184.039 2 8 23.4
184.039 4 8 1
184.234 4 8 23.28
184.428 1 8 1
184.428 3 8 23.4
184.623 4 8 1
184.818 1 8 1
184.818 2 8 1
184.915 3 8 1
185.013 4 8 1
185.11 3 8 1
185.207 1 8 1
185.207 4 8 1
185.305 2 8 1
185.402 4 8 1
185.499 3 8 1
185.597 1 8 1
185.597 2 8 1
185.694 1 8 1
185.792 4 8 1
185.889 3 8 1
185.986 1 8 1
185.986 4 8 1
186.084 2 8 1
186.181 3 8 1
186.278 4 8 1
186.376 1 8 1
186.376 3 8 1
186.473 2 8 1
186.571 3 8 1
186.668 1 8 1
186.765 1 8 1
186.765 4 8 1
186.863 2 8 1
186.96 3 8 1
187.057 1 8 1
187.155 3 8 1
187.155 4 8 1
187.252 2 8 1
187.35 3 8 1
187.447 2 8 1
187.544 1 8 1
187.544 4 8 1
187.642 1 8 1
187.739 3 8 1
187.836 2 8 1
187.934 1 8 1
187.934 4 8 1
188.031 1 8 1
188.128 3 8 1
188.226 2 8 1
188.323 1 8 1
188.323 4 8 1
188.421 4 8 1
188.518 2 8 1
188.615 3 8 1
188.713 1 8 1
188.713 4 8 1
188.81 2 8 1
188.907 3 8 1
189.005 2 8 1
189.102 1 8 1
189.102 4 8 1
189.2 3 8 1
189.297 2 8 1
189.394 2 8 1
189.492 1 8 1
189.492 4 8 1
189.589 2 8 1
189.686 3 8 1
189.784 1 8 1
189.881 2 8 1
189.881 4 8 1
189.979 3 8 1
190.076 1 8 1
190.173 3 8 1
190.271 1 8 1
190.271 4 8 1
190.368 2 8 1
190.465 1 8 1
190.563 3 8 1
190.66 1 8 1
190.66 4 8 1
190.758 2 8 1
190.855 1 8 1
190.855 3 8 1
190.952 4 8 1
191.05 1 8 1
191.05 2 8 1
191.147 3 8 1
191.244 2 8 1
191.342 4 8 1
191.439 2 8 1
191.439 3 8 1
191.537 1 8 1
191.634 4 8 1
191.731 3 8 1
191.829 1 8 1
191.829 2 8 1
191.926 4 8 1
192.023 2 8 1
192.121 3 8 1
192.218 1 8 1
192.218 4 8 1
192.316 4 8 1
192.413 3 8 1
192.51 2 8 1
192.608 1 8 1
192.608 4 8 1
192.705 3 8 1
192.802 2 8 1
192.9 1 8 1
192.997 2 8 1
192.997 4 8 1
193.095 3 8 1
193.192 1 8 1
193.289 2 8 1
193.387 1 8 1
193.387 4 8 1
193.484 3 8 1
193.581 2 8 1
193.679 4 8 1
193.776 3 8 1
193.776 4 8 1
193.873 1 8 1
193.971 2 8 1
194.068 3 8 1
194.166 1 8 1
194.166 4 8 1
194.263 2 8 1
194.36 3 8 1
194.458 2 8 1
194.555 3 8 1
194.555 4 8 1
194.652 1 8 1
194.75 2 8 1
194.847 2 8 1
194.945 1 8 1
194.945 3 8 1
195.042 2 8 1
195.139 4 8 1
195.237 1 8 1
195.334 2 8 1
195.334 3 8 1
195.431 4 8 1
195.529 1 8 1
195.626 2 8 1
195.724 1 8 1
195.724 4 8 1
195.821 3 8 1
195.918 1 8 1
195.918 4 8 1
196.016 2 8 1
196.113 1 8 1
196.113 3 8 1
196.21 4 8 1
196.308 1 8 1
196.308 2 8 1
196.405 3 8 1
196.503 1 8 1
196.503 4 8 1
196.697 3 8 1
196.892 1 8 1
196.892 3 8 1
196.892 4 8 1
197.282 1 8 1
197.282 2 8 1
197.282 3 8 1
197.282 4 8 1
197.476 3 8 1
197.671 4 8 1
197.671 1 8 1
197.768 3 8 1
197.866 3 8 1
198.061 1 8 1
198.061 3 8 1
198.255 1 8 1
198.45 3 8 1
198.45 4 8 1
198.547 2 8 1
198.645 3 8 1
198.84 2 8 1
198.84 3 8 1
199.034 3 8 1
199.229 1 8 1
199.229 2 8 1
199.326 1 8 1
199.424 4 8 1
199.618 1 8 1
199.618 3 8 1
199.813 1 8 1
199.892 3 8 1
199.959 2 8 1
200.008 1 8 1
200.008 3 8 1
200.203 1 8 1
200.397 2 8 1
200.397 4 8 1
200.592 3 8 1
200.787 3 8 1
200.787 4 8 1
200.884 2 8 1
200.982 3 8 1
201.176 2 8 1
201.176 1 8 1
201.371 1 8 1
201.566 3 8 1
201.566 1 8 1
201.663 1 8 1
201.761 3 8 1
201.955 2 8 1
201.955 3 8 1
202.15 2 8 1
202.345 1 8 1
202.345 3 8 1
202.54 3 8 1
202.734 1 8 1
202.734 2 8 1
202.795 3 8 1
202.868 4 8 1
202.996 3 8 1
203.124 1 8 1
203.124 2 8 23.4
203.319 3 8 23.28
203.513 4 8 1
203.513 1 8 1
203.708 3 8 1
203.903 2 8 1
203.903 3 8 1
203.903 4 8 1
204 2 8 1
204.098 3 8 1
204.292 1 8 1
204.292 3 8 1
204.487 1 8 1
204.682 3 8 1
204.682 4 8 1
204.779 2 8 1
204.877 2 8 1
205.071 1 8 1
205.071 4 8 1
205.266 1 8 1
205.461 2 8 1
205.461 1 8 1
205.461 4 8 1
205.558 3 8 1
205.656 2 8 1
205.85 4 8 1
205.85 1 8 1
206.045 3 8 1
206.118 2 8 1
206.173 1 8 1
206.24 3 8 1
206.24 4 8 1
206.435 3 8 1
206.629 1 8 1
206.629 4 8 1
206.824 2 8 1
206.921 3 8 1
207.019 1 8 1
207.019 4 8 1
207.019 2 8 1
207.214 3 8 1
207.311 2 8 1
207.408 1 8 1
207.408 3 8 1
207.408 4 8 1
207.603 2 8 1
207.7 3 8 1
207.798 1 8 1
207.798 4 8 1
207.895 2 8 1
207.993 3 8 1
208.09 2 8 1
208.187 1 8 1
208.187 3 8 1
208.187 4 8 1
208.479 1 8 1
208.479 3 8 1
208.479 4 8 1
208.772 1 8 1
208.772 2 8 1
208.772 4 8 1
208.966 1 8 1
208.966 3 8 1
208.966 4 8 1
209.745 1 8 1
209.745 4 8 1
209.745 2 8 1
209.94 2 8 1
210.135 2 8 1
210.33 2 8 1
210.524 2 8 1
210.719 2 8 1
210.914 2 8 1
211.011 1 8 1
211.108 4 8 1
211.303 1 8 1
211.303 3 8 1
211.303 4 8 1
211.498 3 8 1
211.693 3 8 1
211.887 3 8 1
212.082 3 8 1
212.277 3 8 1
212.472 1 8 1
212.569 2 8 1
212.666 3 8 1
212.861 1 8 1
212.861 4 8 1
213.056 1 8 1
213.251 1 8 1
213.445 1 8 1
213.64 1 8 1
213.64 4 8 1
213.64 2 8 1
213.835 3 8 1
214.03 1 8 1
214.127 2 8 1
214.224 4 8 1
214.419 1 8 1
214.419 3 8 1
214.419 4 8 1
214.614 2 8 1
214.711 4 8 1
214.809 1 8 1
214.906 2 8 1
215.003 4 8 1
215.101 3 8 1
215.198 1 8 1
215.198 2 8 1
215.198 4 8 1
215.296 3 8 1
215.393 1 8 1
215.49 2 8 1
215.588 3 8 1
215.782 2 8 1
215.977 1 8 1
215.977 3 8 1
215.977 4 8 1
216.172 2 8 1
216.269 3 8 1
216.464 2 8 1
216.561 3 8 1
216.659 4 8 1
216.756 1 8 1
216.853 3 8 1
216.951 2 8 1
217.048 2 8 1
217.243 2 8 1
217.34 3 8 1
217.438 1 8 1
217.535 2 8 1
217.535 4 8 1
217.632 3 8 1
217.73 2 8 1
217.827 1 8 1
218.022 2 8 1
218.119 3 8 1
218.217 4 8 1
218.314 3 8 1
218.411 2 8 1
218.509 1 8 1
218.606 2 8 1
218.801 3 8 1
218.898 2 8 1
218.996 4 8 1
219.093 1 8 1
219.093 3 8 1
219.19 2 8 1
219.288 4 8 1
219.385 3 8 1
219.58 2 8 1
219.677 1 8 1
219.775 4 8 1
219.872 3 8 1
219.969 2 8 1
220.067 2 8 1
220.164 3 8 1
220.456 3 8 1
220.554 1 8 1
220.651 2 8 1
220.651 4 8 1
220.748 1 8 1
220.846 3 8 1
220.943 2 8 1
221.138 3 8 1
221.235 2 8 1
221.333 1 8 1
221.43 3 8 1
221.43 4 8 1
221.527 2 8 1
221.625 3 8 1
221.722 2 8 1
221.82 3 8 1
222.014 1 8 1
222.112 2 8 1
222.209 1 8 1
222.209 3 8 1
222.209 4 8 1
222.306 2 8 1
222.404 1 8 1
222.404 4 8 1
222.501 2 8 1
222.598 1 8 1
222.598 4 8 1
222.696 3 8 1
222.793 1 8 1
222.891 3 8 1
222.988 1 8 1
222.988 2 8 1
223.085 4 8 1
223.183 1 8 1
223.28 3 8 1
223.377 1 8 1
223.475 4 8 1
223.572 3 8 1
223.67 1 8 1
223.767 2 8 1
223.767 4 8 1
223.864 1 8 1
223.962 3 8 1
224.059 1 8 1
224.156 4 8 1
224.254 2 8 1
224.351 1 8 1
224.449 4 8 1
224.546 2 8 1
224.643 3 8 1
224.741 1 8 1
224.838 4 8 1
224.935 2 8 1
225.033 3 8 1
225.13 1 8 1
225.228 2 8 1
225.325 3 8 1
225.325 4 8 1
225.422 2 8 1
225.52 4 8 1
225.617 3 8 1
225.714 1 8 1
225.812 4 8 1
225.909 2 8 1
226.007 1 8 1
226.104 3 8 1
226.201 2 8 1
226.299 3 8 1
226.396 2 8 1
226.493 1 8 1
226.591 2 8 1
226.688 4 8 1
226.786 3 8 1
226.883 2 8 1
226.883 1 8 1
226.98 4 8 1
227.078 2 8 1
227.175 1 8 1
227.272 2 8 1
227.37 3 8 1
227.467 4 8 1
227.565 3 8 1
227.662 1 8 1
227.759 2 8 1
227.857 4 8 1
227.954 2 8 1
228.051 3 8 1
228.149 1 8 1
228.246 2 8 1
228.344 3 8 1
228.441 4 8 23.4
228.636 3 8 35.04
229.025 3 8 23.4
229.22 4 8 46.68
229.804 1 8 11.64
229.999 1 8 23.4
230.194 2 8 9.48
230.388 2 8 23.4
230.583 3 8 23.4
230.778 4 8 46.68
231.167 3 8 1
231.362 3 8 23.4
231.557 2 8 35.04
231.849 3 8 35.04
232.141 2 8 23.4
232.336 4 8 46.68
232.92 1 8 1
233.115 2 8 23.4
233.31 1 8 23.28
233.504 4 8 23.4
233.699 3 8 1
233.894 4 8 46.68
234.283 3 8 23.4
234.478 2 8 23.4
234.673 1 8 46.68
234.867 3 8 1
235.062 2 8 23.4
235.257 3 8 11.64
235.452 4 8 93.48
235.841 3 8 1
236.231 3 8 23.28
236.425 2 8 23.4
236.62 1 8 23.4
236.815 2 8 1
236.815 3 8 23.4
237.01 1 8 1
237.01 4 8 46.68
237.399 2 8 23.4
237.594 3 8 23.4
237.789 2 8 23.28
237.789 4 8 1
238.178 3 8 1
238.178 4 8 23.4
238.373 1 8 1
238.47 3 8 1
238.568 1 8 1
238.568 2 8 46.68
238.957 1 8 46.8
238.957 3 8 1
238.957 4 8 1
239.347 2 8 1
239.347 4 8 23.28
239.541 3 8 1
239.639 2 8 1
239.736 1 8 1
239.736 4 8 1
239.931 2 8 23.4
239.931 3 8 1
240.126 1 8 1
240.126 3 8 1
240.126 4 8 1
240.223 1 8 1
240.223 2 8 1
240.32 4 8 1
240.369 3 8 1
240.418 2 8 1
240.466 1 8 1
240.515 3 8 1
240.515 4 8 1
240.905 3 8 23.28
240.905 4 8 46.68
241.099 1 8 23.4
241.294 2 8 1
241.294 3 8 1
241.391 1 8 1
241.489 3 8 23.4
241.684 1 8 40.8
241.684 2 8 46.68
241.878 4 8 1
242.073 3 8 46.8
242.073 1 8 1
242.17 2 8 1
242.268 4 8 23.4
242.463 1 8 46.68
242.463 2 8 1
242.657 3 8 23.4
242.852 4 8 1
242.852 2 8 11.64
242.949 3 8 1
243.047 1 8 1
243.242 3 8 25.56
243.242 2 8 1
243.455 1 8 1
243.564 1 8 1
243.564 2 8 1
243.631 4 8 46.8
243.631 3 8 1
243.826 2 8 1
244.021 1 8 1
244.021 3 8 46.68
244.215 2 8 23.4
244.41 1 8 1
244.41 4 8 1
244.507 3 8 1
244.605 2 8 5.76
244.8 2 8 46.68
244.8 4 8 23.28
244.994 1 8 23.4
245.189 3 8 1
245.189 4 8 1
245.286 1 8 1
245.384 2 8 23.4
245.579 1 8 23.28
245.579 3 8 46.68
245.773 4 8 23.4
245.968 1 8 1
245.968 2 8 46.68
246.163 1 8 23.28
246.357 3 8 11.76
246.357 4 8 1
246.455 2 8 1
246.522 4 8 1
246.698 4 8 1
246.747 1 8 23.4
246.747 2 8 1
246.942 3 8 23.28
247.136 2 8 1
247.136 1 8 1
247.136 4 8 46.8
247.331 2 8 23.4
247.526 1 8 1
247.526 3 8 23.4
247.721 4 8 23.28
247.915 1 8 46.8
247.915 2 8 1
248.11 3 8 23.4
248.305 2 8 1
248.305 4 8 1
248.402 3 8 1
248.5 4 8 23.28
248.694 1 8 1
248.694 3 8 46.8
248.889 2 8 23.4
249.084 1 8 1
249.084 4 8 1
249.181 2 8 1
249.279 1 8 1
249.473 3 8 1
249.473 4 8 23.4
249.668 1 8 1
249.717 3 8 1
249.79 2 8 8.76
249.863 3 8 1
249.863 4 8 1
250.058 3 8 23.28
250.252 1 8 23.4
250.252 4 8 23.4
250.447 2 8 1
250.545 4 8 58.32
250.642 1 8 1
250.642 3 8 1
250.837 2 8 1
250.934 1 8 1
251.031 2 8 1
251.031 3 8 23.4
251.226 1 8 1
251.226 2 8 1
251.324 3 8 1
251.421 1 8 1
251.421 2 8 1
251.421 4 8 1
251.518 3 8 1
251.616 2 8 1
251.713 1 8 1
251.81 2 8 1
251.81 3 8 1
251.81 4 8 1
252.102 1 8 1
252.102 2 8 1
252.395 1 8 1
252.395 3 8 1
252.395 4 8 1
252.589 2 8 1
252.589 4 8 1
