0.177 1 8 1
0.45 2 8 1
0.723 2 8 1
0.996 2 8 1
1.268 1 8 1
1.541 1 8 1
1.814 2 8 1
2.086 2 8 1
2.359 3 8 1
2.632 4 8 1
2.905 3 8 1
3.177 3 8 1
3.45 3 8 1
3.723 1 8 1
3.996 1 8 1
4.268 2 8 1
4.541 3 8 1
4.814 2 8 1
5.086 2 8 1
5.359 1 8 1
5.632 1 8 1
5.905 1 8 1
6.177 1 8 1
6.45 2 8 1
6.723 3 8 1
6.996 3 8 1
7.268 3 8 1
7.541 3 8 1
7.814 2 8 1
8.086 1 8 1
8.359 3 8 16.44
8.632 3 8 16.32
8.905 2 8 16.32
9.177 3 8 1
9.45 3 8 1
9.723 3 8 1
9.996 2 8 1
10.268 3 8 1
10.541 2 8 16.32
10.814 2 8 16.32
11.086 4 8 16.44
11.359 3 8 16.32
11.632 3 8 1
11.905 3 8 1
12.177 2 8 1
12.45 2 8 1
12.723 1 8 1
12.995 2 8 5.52
13.268 4 8 16.44
13.541 2 8 1
13.814 4 8 1
14.086 3 8 1
14.359 1 8 16.32
14.632 2 8 32.76
14.905 3 8 16.32
15.177 2 8 16.44
15.45 2 8 16.32
15.723 2 8 1
15.995 3 8 1
16.268 2 8 1
16.541 2 8 1
16.814 3 8 1
17.086 2 8 1
17.359 3 8 16.32
17.632 4 8 16.32
17.905 2 8 16.32
18.177 3 8 1
18.45 3 8 1
18.723 2 8 1
18.995 3 8 1
19.268 2 8 1
19.541 3 8 16.32
19.814 4 8 16.32
19.95 1 8 49.08
20.086 4 8 16.44
20.359 2 8 1
20.632 3 8 1
20.905 3 8 1
21.177 1 8 1
21.45 3 8 1
21.723 2 8 32.64
21.859 1 8 16.32
21.995 4 8 16.44
22.064 1 8 16.32
22.132 2 8 1
22.2 3 8 1
22.268 4 8 32.76
22.541 3 8 38.88
22.677 1 8 1
22.814 1 8 1
22.882 4 8 10.2
22.967 1 8 30.72
23.086 2 8 16.44
23.086 4 8 1
23.223 4 8 1
23.359 1 8 1
23.359 2 8 49.08
23.632 3 8 1
23.768 4 8 1
23.905 3 8 1
23.99 2 8 1
24.177 1 8 32.76
24.177 4 8 1
24.314 2 8 1
24.45 2 8 1
24.45 4 8 32.76
24.723 1 8 1
24.995 2 8 1
25.268 3 8 1
25.541 3 8 1
25.814 2 8 1
26.086 2 8 16.44
26.359 4 8 49.08
26.427 3 8 57.24
26.495 1 8 16.44
26.632 2 8 32.64
26.904 1 8 1
27.177 3 8 1
27.45 1 8 1
27.723 2 8 1
27.995 3 8 32.76
28.268 4 8 21.84
28.336 3 8 1
28.541 4 8 65.4
28.609 3 8 1
28.814 2 8 32.64
29.086 3 8 1
29.359 2 8 1
29.632 3 8 1
29.904 2 8 1
30.177 3 8 32.76
30.45 2 8 16.32
30.586 3 8 1
30.723 4 8 32.64
30.995 3 8 16.44
31.132 2 8 21.84
31.268 1 8 1
31.268 4 8 32.76
31.404 3 8 16.44
31.541 2 8 49.08
31.677 1 8 1
31.745 3 8 1
31.814 4 8 1
31.95 4 8 1
32.086 1 8 16.44
32.359 4 8 32.76
32.495 2 8 1
32.632 1 8 98.16
32.768 3 8 16.32
32.904 2 8 1
33.177 3 8 1
33.45 4 8 1
33.723 3 8 1
33.995 2 8 32.76
34.268 1 8 16.32
34.541 3 8 24.48
34.814 1 8 32.64
34.882 2 8 1
34.95 4 8 1
35.086 2 8 49.08
35.086 3 8 1
35.359 4 8 1
35.495 3 8 1
35.632 4 8 1
35.632 2 8 1
35.904 2 8 1
36.177 2 8 32.76
36.177 4 8 1
36.177 3 8 1
36.314 1 8 1
36.45 3 8 32.76
36.586 1 8 1
36.723 2 8 24.48
36.723 4 8 1
36.927 1 8 1
36.995 3 8 1
36.995 4 8 65.52
37.132 2 8 1
37.268 1 8 1
37.268 2 8 1
37.404 3 8 1
37.541 2 8 1
37.677 2 8 1
37.814 3 8 1
37.814 1 8 1
37.814 4 8 1
38.086 2 8 1
38.223 4 8 1
38.359 1 8 1
38.359 3 8 16.32
38.495 4 8 1
38.632 3 8 32.64
38.768 1 8 1
38.904 2 8 16.44
38.904 4 8 1
39.041 4 8 16.32
39.177 2 8 1
39.177 3 8 32.76
39.314 1 8 1
39.45 2 8 1
39.45 4 8 1
39.586 3 8 16.44
39.723 2 8 1
39.859 3 8 1
39.995 4 8 1
39.995 1 8 1
40.268 2 8 1
40.404 3 8 1
40.541 2 8 1
40.541 3 8 16.32
40.541 1 8 1
40.677 4 8 1
40.814 2 8 16.32
40.95 3 8 49.08
41.086 1 8 1
41.086 4 8 1
41.223 2 8 1
41.359 4 8 65.4
41.495 2 8 1
41.632 1 8 1
41.632 2 8 1
41.768 3 8 1
41.904 2 8 1
42.041 3 8 1
42.177 1 8 1
42.177 4 8 1
42.45 3 8 1
42.586 2 8 1
42.723 1 8 1
42.723 3 8 32.64
42.859 4 8 1
42.995 2 8 16.44
43.132 3 8 16.32
43.268 1 8 81.84
43.268 2 8 1
43.268 4 8 1
43.404 4 8 1
43.541 3 8 1
43.677 2 8 1
43.813 2 8 1
43.813 4 8 1
44.086 2 8 16.44
44.223 3 8 1
44.359 1 8 1
44.359 4 8 1
44.632 2 8 1
44.768 2 8 1
44.904 4 8 32.76
44.904 3 8 1
45.041 1 8 1
45.177 3 8 65.52
45.313 1 8 1
45.45 2 8 1
45.45 4 8 1
45.586 1 8 1
45.723 2 8 32.64
45.723 4 8 1
45.859 3 8 1
45.995 1 8 1
45.995 3 8 1
46.132 2 8 16.32
46.268 4 8 1
46.404 2 8 1
46.541 1 8 1
46.541 3 8 1
46.541 4 8 1
46.813 2 8 49.2
46.95 3 8 1
47.086 3 8 1
47.086 1 8 1
47.223 3 8 16.32
47.359 2 8 81.84
47.359 4 8 1
47.495 1 8 16.44
47.632 4 8 1
47.632 3 8 1
47.904 3 8 81.84
47.904 4 8 1
48.041 1 8 1
48.177 2 8 1
48.177 4 8 1
48.313 4 8 1
48.45 2 8 1
48.586 2 8 1
48.723 1 8 1
48.723 3 8 1
48.723 4 8 1
48.995 2 8 1
49.132 1 8 1
49.268 2 8 16.32
49.268 3 8 1
49.404 3 8 8.28
49.473 1 8 8.16
49.541 4 8 32.64
49.677 2 8 49.08
49.813 3 8 16.44
49.813 1 8 1
50.086 1 8 32.76
50.086 4 8 49.08
50.223 2 8 1
50.359 3 8 32.76
50.632 2 8 16.32
50.632 4 8 32.64
50.768 3 8 16.32
50.904 1 8 1
50.904 2 8 1
51.041 3 8 1
51.177 1 8 16.32
51.177 2 8 16.32
51.313 3 8 1
51.45 4 8 16.32
51.45 2 8 1
51.723 4 8 16.32
51.723 3 8 16.32
51.859 1 8 1
51.859 2 8 16.32
51.995 3 8 16.44
51.995 4 8 1
52.132 4 8 49.08
52.268 2 8 1
52.404 2 8 1
52.541 1 8 1
52.541 3 8 65.4
53.086 1 8 65.52
53.632 4 8 65.4
53.904 3 8 1
54.177 2 8 1
54.313 4 8 1
54.45 1 8 32.76
54.501 3 8 1
54.586 4 8 1
54.654 2 8 1
54.723 4 8 65.4
55.268 3 8 1
55.813 1 8 32.76
56.359 1 8 32.76
56.359 4 8 1
56.632 3 8 27.24
56.723 1 8 1
56.768 4 8 1
56.813 2 8 1
56.859 4 8 70.92
56.904 1 8 1
57.45 1 8 1
57.995 2 8 65.52
57.995 4 8 1
58.541 1 8 32.64
58.541 3 8 1
58.813 3 8 32.76
58.916 1 8 1
58.995 2 8 1
59.086 2 8 49.08
59.086 1 8 1
59.359 4 8 1
59.427 3 8 1
59.495 1 8 1
59.632 4 8 98.16
59.904 2 8 1
60.177 3 8 1
60.45 2 8 1
60.722 1 8 1
60.859 4 8 32.76
61.132 2 8 16.32
61.268 1 8 65.4
61.268 4 8 1
61.813 4 8 65.52
62.359 2 8 32.76
62.632 1 8 1
62.632 3 8 32.64
62.904 1 8 130.92
62.904 2 8 1
63.041 4 8 24.48
63.177 2 8 1
63.245 3 8 1
63.313 2 8 1
63.382 4 8 8.16
63.45 2 8 65.4
63.45 3 8 1
63.722 4 8 1
64.268 4 8 32.76
64.541 1 8 49.08
65.086 4 8 1
65.086 3 8 32.76
65.359 4 8 18.36
65.495 2 8 1
65.541 3 8 1
65.586 1 8 1
65.632 3 8 32.64
65.677 2 8 1
65.904 2 8 32.76
66.041 3 8 1
66.177 4 8 65.4
66.45 1 8 1
66.722 1 8 32.76
66.995 2 8 1
67.268 1 8 1
67.268 3 8 32.76
67.541 4 8 32.64
67.745 3 8 8.16
67.813 2 8 1
67.813 1 8 49.08
68.086 4 8 16.32
68.222 2 8 16.44
68.359 3 8 40.92
68.359 4 8 1
68.495 2 8 32.76
68.768 3 8 16.32
68.904 1 8 65.52
69.177 2 8 1
69.45 3 8 57.24
69.45 4 8 1
69.722 2 8 16.44
69.859 1 8 1
69.927 2 8 8.16
69.995 4 8 32.76
69.995 1 8 65.52
69.995 3 8 16.44
70.132 2 8 16.32
70.541 4 8 1
70.541 3 8 1
71.086 1 8 32.76
71.359 2 8 1
71.359 4 8 81.84
71.632 1 8 1
71.632 3 8 1
71.904 2 8 16.44
72.041 3 8 1
72.177 2 8 65.4
72.45 3 8 1
72.722 1 8 1
72.722 4 8 1
72.995 3 8 1
73.268 2 8 1
73.268 1 8 65.4
73.541 2 8 65.4
73.541 3 8 1
73.813 4 8 1
73.813 3 8 1
74.086 3 8 98.16
74.086 4 8 1
74.359 2 8 1
74.631 4 8 1
74.904 1 8 1
75.177 4 8 1
75.45 3 8 32.64
75.722 4 8 65.52
75.995 1 8 1
75.995 3 8 1
76.268 1 8 65.4
76.268 2 8 16.32
76.404 3 8 1
76.541 2 8 32.64
76.813 4 8 1
76.813 3 8 32.76
77.086 1 8 1
77.086 2 8 1
77.086 4 8 65.4
77.359 1 8 1
77.359 3 8 1
77.631 2 8 65.52
77.904 3 8 1
78.177 1 8 1
78.177 4 8 1
78.45 2 8 1
78.722 1 8 65.52
78.722 3 8 1
78.995 4 8 1
79.268 3 8 1
79.541 4 8 49.08
79.813 2 8 1
79.813 3 8 16.44
80.086 2 8 10.2
80.086 4 8 32.76
80.359 3 8 1
80.359 2 8 16.32
80.631 1 8 130.92
80.631 2 8 1
80.904 2 8 1
81.177 4 8 1
81.45 3 8 1
81.45 4 8 1
81.722 2 8 1
81.995 3 8 65.52
82.268 1 8 32.76
82.268 2 8 1
82.541 2 8 32.64
82.541 4 8 32.64
82.813 1 8 130.92
83.086 4 8 1
83.359 3 8 1
83.631 2 8 1
83.631 3 8 1
83.904 3 8 1
84.177 3 8 65.4
84.45 2 8 1
84.722 2 8 16.44
84.995 4 8 32.76
84.995 2 8 16.32
85.268 1 8 65.4
85.268 2 8 16.32
85.404 3 8 32.76
85.541 2 8 32.64
85.813 4 8 16.44
85.813 3 8 81.84
86.086 4 8 49.08
86.086 1 8 65.4
88.268 2 8 1
88.677 1 8 16.32
89.018 1 8 8.16
89.268 2 8 1
89.359 3 8 10.92
89.54 2 8 1
89.546 1 8 10.2
89.631 4 8 1
89.631 3 8 10.32
89.717 2 8 14.28
89.717 1 8 6.12
89.768 3 8 1
89.836 1 8 1
89.904 4 8 1
89.995 3 8 1
90.04 4 8 1
90.109 2 8 1
90.177 3 8 1
90.177 4 8 1
90.177 1 8 1
90.268 2 8 1
90.359 3 8 1
90.45 4 8 1
90.45 1 8 1
90.518 2 8 1
90.586 1 8 1
90.654 4 8 1
90.722 2 8 1
90.722 1 8 1
90.813 3 8 1
90.859 2 8 1
90.91 1 8 1
90.995 3 8 1
90.995 4 8 1
91.063 2 8 1
91.131 3 8 1
91.2 2 8 1
91.268 4 8 1
91.268 1 8 32.64
91.268 3 8 1
91.54 2 8 1
91.54 4 8 1
91.609 3 8 1
91.722 1 8 1
91.813 2 8 1
91.813 3 8 1
91.813 4 8 1
91.904 1 8 1
91.995 3 8 1
92.086 2 8 1
92.086 4 8 1
92.154 1 8 1
92.171 3 8 1
92.239 2 8 1
92.308 4 8 1
92.359 1 8 1
92.359 3 8 1
92.404 4 8 1
92.45 2 8 1
92.54 1 8 1
92.586 2 8 1
92.631 3 8 1
92.631 1 8 1
92.7 4 8 1
92.768 1 8 1
92.819 2 8 1
92.904 4 8 32.76
92.904 3 8 1
92.972 1 8 1
93.177 2 8 16.32
93.245 3 8 16.32
93.381 4 8 1
93.45 1 8 8.16
93.45 3 8 8.16
93.518 2 8 1
93.586 4 8 16.32
93.586 1 8 1
93.586 3 8 1
93.722 2 8 18.48
93.722 3 8 24.6
93.995 2 8 1
93.995 1 8 1
93.995 3 8 4.08
94.063 4 8 1
94.131 3 8 1
94.2 2 8 1
94.268 1 8 1
94.268 4 8 1
94.336 3 8 1
94.404 2 8 1
94.472 3 8 1
94.54 2 8 1
94.54 4 8 1
94.54 1 8 1
94.631 3 8 1
94.745 4 8 1
94.796 2 8 18.48
94.813 1 8 8.16
94.95 3 8 1
94.95 4 8 1
94.995 1 8 1
95.086 3 8 1
95.086 4 8 24.48
95.086 2 8 24.48
95.359 3 8 1
95.359 4 8 1
95.359 1 8 32.64
95.495 2 8 1
95.631 2 8 1
95.631 3 8 32.76
95.631 4 8 1
95.904 1 8 16.32
95.904 4 8 1
96.04 3 8 1
96.177 1 8 1
96.177 3 8 1
96.177 4 8 1
96.245 2 8 1
96.313 4 8 1
96.359 1 8 1
96.45 3 8 1
96.45 2 8 1
96.518 1 8 1
96.586 4 8 1
96.654 2 8 1
96.722 3 8 1
96.722 4 8 1
96.79 1 8 1
96.859 2 8 1
96.927 3 8 1
96.995 1 8 1
96.995 4 8 1
97.063 3 8 1
97.131 2 8 1
97.183 4 8 1
97.268 2 8 1
97.268 3 8 1
97.336 4 8 1
97.404 2 8 1
97.472 3 8 1
97.54 1 8 1
97.54 4 8 1
97.609 3 8 1
97.677 1 8 1
97.677 4 8 1
97.745 3 8 1
97.813 1 8 1
97.813 4 8 1
97.881 2 8 1
97.95 3 8 1
98.018 4 8 24.48
98.086 3 8 16.32
98.222 2 8 1
98.29 3 8 1
98.359 1 8 1
98.359 2 8 1
98.359 4 8 1
98.427 3 8 1
98.563 3 8 1
98.631 1 8 1
98.7 2 8 1
98.768 3 8 1
98.836 1 8 1
98.836 4 8 1
98.904 3 8 1
98.904 2 8 1
98.972 1 8 1
99.04 4 8 1
99.109 3 8 13.56
99.177 2 8 1
99.177 1 8 1
99.268 4 8 1
99.313 2 8 6.12
99.381 3 8 8.28
99.45 4 8 16.32
99.45 1 8 1
99.586 3 8 8.16
99.654 2 8 8.16
99.722 1 8 16.44
99.722 4 8 1
99.79 3 8 1
99.859 2 8 1
99.927 3 8 1
99.995 4 8 1
99.995 1 8 1
100.063 3 8 24.6
100.2 1 8 1
100.268 4 8 1
100.336 1 8 1
100.404 2 8 1
100.472 4 8 1
100.54 2 8 1
100.54 3 8 1
100.609 4 8 1
100.66 1 8 1
100.711 3 8 1
100.768 4 8 1
100.813 2 8 1
100.813 3 8 1
100.881 1 8 1
100.95 3 8 1
100.95 4 8 1
101.018 2 8 1
101.086 1 8 1
101.086 3 8 1
101.086 4 8 1
101.154 2 8 1
101.222 4 8 1
101.29 1 8 1
101.359 3 8 1
101.359 4 8 1
101.427 2 8 1
101.495 4 8 1
101.563 3 8 1
101.631 1 8 1
101.631 2 8 1
101.677 3 8 1
101.722 1 8 1
101.768 2 8 1
101.836 4 8 1
101.887 2 8 1
101.887 1 8 1
101.95 3 8 1
101.995 4 8 1
102.04 2 8 1
102.086 1 8 1
102.131 3 8 1
102.177 2 8 1
102.177 4 8 8.16
102.177 1 8 1
102.313 3 8 1
102.359 2 8 1
102.404 3 8 5.52
102.45 1 8 1
102.45 2 8 1
102.45 4 8 10.8
102.54 3 8 1
102.552 1 8 1
102.569 2 8 1
102.722 2 8 1
102.722 3 8 22.56
102.842 2 8 18.36
102.995 1 8 8.16
102.995 4 8 1
103.063 3 8 1
103.131 2 8 1
103.2 3 8 1
103.2 4 8 1
103.268 2 8 1
103.268 1 8 24.48
103.404 3 8 8.16
103.472 4 8 8.16
103.54 3 8 1
103.54 2 8 8.28
103.609 1 8 16.32
103.677 3 8 8.16
103.745 2 8 16.32
103.813 4 8 1
103.813 1 8 8.16
103.881 3 8 1
103.95 2 8 16.32
104.086 4 8 16.32
104.086 1 8 1
104.086 3 8 1
104.222 2 8 1
104.222 3 8 16.44
104.359 1 8 1
104.359 2 8 1
104.359 4 8 1
104.495 3 8 24.6
104.563 2 8 8.16
104.631 1 8 1
104.7 4 8 12.24
104.768 2 8 1
104.836 3 8 1
104.904 4 8 1
104.904 2 8 1
104.972 3 8 1
105.04 1 8 1
105.109 2 8 1
105.177 4 8 1
105.177 1 8 1
105.245 3 8 1
105.313 4 8 1
105.381 2 8 1
105.449 1 8 1
105.449 3 8 1
105.449 4 8 1
105.518 2 8 1
105.586 3 8 1
105.654 1 8 1
105.722 4 8 1
105.722 3 8 1
105.768 2 8 1
105.813 1 8 1
105.876 4 8 1
105.876 2 8 1
105.927 3 8 1
105.995 2 8 1
105.995 1 8 1
106.063 4 8 1
106.131 3 8 1
106.199 2 8 8.28
106.268 1 8 32.64
106.54 3 8 10.92
106.54 4 8 1
106.631 1 8 1
106.745 2 8 1
106.813 4 8 1
106.881 1 8 1
106.949 2 8 1
107.018 1 8 1
107.018 4 8 1
107.086 2 8 1
107.154 3 8 1
107.222 4 8 1
107.29 1 8 1
107.29 2 8 1
107.359 3 8 1
107.427 2 8 1
107.495 1 8 1
107.54 3 8 1
107.563 2 8 1
107.631 1 8 1
107.631 4 8 1
107.699 3 8 1
107.836 2 8 1
107.904 1 8 1
107.904 4 8 1
107.949 3 8 1
107.995 1 8 1
108.04 3 8 1
108.086 1 8 1
108.131 4 8 1
108.16 2 8 1
108.177 1 8 1
108.177 3 8 1
108.54 2 8 1
108.54 1 8 1
108.62 3 8 1
108.722 1 8 1
108.722 2 8 1
108.722 4 8 1
108.722 3 8 1
109.268 1 8 1
109.268 4 8 1
109.268 2 8 1
109.359 1 8 1
109.449 3 8 1
109.54 4 8 1
109.54 2 8 1
109.631 3 8 1
109.722 1 8 1
109.722 2 8 1
109.813 2 8 1
109.813 3 8 1
109.813 4 8 1
109.898 1 8 1
109.995 1 8 1
109.995 2 8 1
110.086 4 8 1
110.086 3 8 1
110.154 2 8 1
110.29 2 8 1
110.29 3 8 1
110.359 1 8 1
110.359 4 8 1
110.427 2 8 1
110.495 3 8 1
110.563 2 8 1
110.631 3 8 1
110.631 4 8 1
110.699 1 8 1
110.699 2 8 1
110.768 4 8 1
110.836 2 8 8.16
110.836 1 8 2.76
110.904 3 8 8.16
110.904 4 8 8.16
111.109 3 8 1
111.177 2 8 16.32
111.177 1 8 10.2
111.449 4 8 5.52
111.449 1 8 1
111.495 3 8 5.4
111.722 2 8 1
111.859 3 8 1
111.995 1 8 1
111.995 4 8 1
111.995 3 8 1
112.268 2 8 1
112.353 3 8 1
112.404 4 8 1
112.472 3 8 1
112.523 2 8 1
112.54 4 8 1
112.54 1 8 1
113.086 3 8 1
113.086 4 8 1
113.086 1 8 1
113.631 2 8 1
113.631 3 8 1
113.631 4 8 1
113.904 2 8 1
113.995 4 8 21.84
114.086 3 8 1
114.177 2 8 32.64
114.177 1 8 16.32
114.449 3 8 98.28
115.813 3 8 1
116.086 4 8 32.76
116.222 1 8 1
116.359 3 8 1
116.631 3 8 1
116.904 1 8 1
116.904 2 8 1
117.177 1 8 1
117.313 3 8 1
117.449 2 8 1
117.722 2 8 12.24
117.927 2 8 1
117.995 4 8 65.4
118.268 3 8 1
118.404 3 8 1
118.54 2 8 1
118.813 2 8 1
119.086 4 8 1
119.086 3 8 1
119.359 1 8 32.64
119.495 3 8 1
119.631 2 8 1
119.631 3 8 1
119.904 2 8 32.76
120.177 3 8 32.64
120.177 4 8 16.32
120.313 1 8 1
120.449 2 8 16.44
120.586 1 8 1
120.722 2 8 1
120.722 4 8 16.44
120.995 4 8 16.32
121.131 2 8 1
121.268 2 8 1
121.336 3 8 1
121.54 4 8 98.16
121.677 3 8 1
121.813 1 8 1
121.813 2 8 1
122.086 3 8 32.64
122.154 1 8 1
122.358 2 8 1
122.631 1 8 32.76
122.768 2 8 1
122.904 3 8 1
122.904 4 8 1
123.177 2 8 1
123.449 3 8 1
123.722 2 8 1
123.858 4 8 1
123.995 3 8 1
124.268 2 8 1
124.54 1 8 32.76
124.813 3 8 1
124.813 4 8 32.76
124.949 2 8 1
125.086 3 8 1
125.358 1 8 1
125.631 2 8 1
125.631 3 8 1
125.904 1 8 1
126.04 2 8 1
126.177 3 8 1
126.177 4 8 1
126.449 4 8 32.76
126.586 1 8 1
126.722 2 8 32.76
126.722 3 8 1
126.995 1 8 32.76
126.995 3 8 1
127.131 2 8 1
127.268 3 8 1
127.268 4 8 1
127.54 1 8 1
127.813 1 8 1
127.813 3 8 1
128.086 2 8 1
128.222 3 8 1
128.358 2 8 1
128.358 1 8 1
128.631 2 8 32.76
128.631 3 8 1
128.904 3 8 1
128.904 4 8 49.08
129.177 2 8 1
129.313 1 8 1
129.449 2 8 1
129.449 3 8 81.84
129.722 1 8 1
129.858 2 8 1
129.995 2 8 1
129.995 4 8 1
130.268 1 8 65.4
130.404 2 8 1
130.54 3 8 1
130.54 4 8 1
130.813 3 8 1
130.813 4 8 81.84
130.881 2 8 1
130.949 1 8 1
131.086 2 8 1
131.086 3 8 1
131.358 1 8 1
131.495 2 8 1
131.495 3 8 1
131.631 4 8 1
131.631 1 8 1
131.904 3 8 1
132.04 2 8 1
132.177 1 8 1
132.177 3 8 32.64
132.313 2 8 1
132.449 2 8 32.76
132.586 3 8 1
132.586 4 8 1
132.722 3 8 32.76
132.722 1 8 1
132.995 2 8 1
132.995 4 8 81.84
133.131 3 8 1
133.268 2 8 1
133.268 1 8 1
133.404 2 8 1
133.54 3 8 1
133.677 2 8 1
133.813 3 8 1
133.813 4 8 1
134.086 3 8 1
134.222 2 8 1
134.358 2 8 1
134.358 3 8 1
134.427 1 8 19.08
134.631 3 8 65.52
134.768 2 8 1
134.904 1 8 1
134.904 4 8 1
135.177 4 8 98.16
135.313 1 8 1
135.449 2 8 1
135.449 3 8 1
135.586 2 8 1
135.722 3 8 1
135.858 3 8 1
135.995 2 8 1
135.995 1 8 1
136.268 3 8 1
136.404 2 8 1
136.54 1 8 1
136.54 3 8 32.76
136.677 1 8 1
136.813 2 8 24.48
136.949 3 8 16.44
137.017 1 8 8.28
137.086 2 8 32.64
137.086 4 8 1
137.358 4 8 98.28
137.358 3 8 1
137.495 3 8 1
137.631 1 8 1
137.631 2 8 1
137.767 3 8 1
137.904 2 8 1
138.04 3 8 1
138.177 2 8 1
138.177 1 8 1
138.177 3 8 1
138.449 3 8 1
138.586 2 8 1
138.722 2 8 16.32
138.722 4 8 1
138.858 3 8 32.76
138.995 2 8 1
139.131 4 8 8.16
139.267 2 8 1
139.267 4 8 98.28
139.54 1 8 1
139.677 3 8 1
139.813 2 8 1
139.949 1 8 1
140.086 3 8 16.32
140.222 2 8 1
140.358 3 8 1
140.358 4 8 1
140.631 2 8 1
140.767 4 8 1
140.904 2 8 32.76
140.904 3 8 1
141.177 3 8 8.16
141.313 3 8 49.08
141.449 1 8 1
141.449 2 8 1
141.449 4 8 1
141.722 1 8 32.76
141.858 3 8 1
141.995 2 8 24.48
142.267 2 8 24.6
142.404 4 8 1
142.54 4 8 1
142.54 1 8 1
142.813 3 8 1
142.881 2 8 1
143.086 4 8 1
143.086 2 8 16.32
143.222 3 8 1
143.358 1 8 24.6
143.495 3 8 1
143.631 3 8 1
143.631 1 8 65.52
143.631 4 8 1
143.767 2 8 1
143.904 3 8 1
144.04 2 8 1
144.177 2 8 1
144.177 4 8 1
144.449 1 8 1
144.586 3 8 1
144.722 3 8 1
144.722 4 8 1
144.995 3 8 16.32
145.131 2 8 16.32
145.267 3 8 1
145.267 4 8 32.76
145.404 1 8 1
145.54 3 8 65.52
145.677 4 8 1
145.813 2 8 1
145.813 1 8 1
146.086 2 8 98.16
146.154 4 8 1
146.358 1 8 1
146.358 3 8 1
146.631 3 8 1
146.767 3 8 1
146.904 1 8 1
146.904 4 8 1
147.177 1 8 1
147.177 3 8 1
147.449 2 8 1
147.449 4 8 32.76
147.586 3 8 1
147.722 3 8 16.32
147.722 1 8 8.16
147.858 2 8 16.44
147.927 4 8 1
147.995 1 8 32.64
147.995 3 8 16.32
148.267 2 8 1
148.267 4 8 32.76
148.267 3 8 16.44
148.404 1 8 16.32
148.54 2 8 32.76
148.54 3 8 32.76
148.813 1 8 8.16
148.813 4 8 32.76
148.949 1 8 16.44
149.086 2 8 1
149.086 3 8 1
149.358 3 8 1
149.358 2 8 16.44
149.495 1 8 16.32
149.631 3 8 1
149.631 4 8 32.76
149.767 2 8 1
149.904 3 8 16.32
150.04 4 8 16.44
150.177 2 8 16.32
150.313 3 8 16.32
150.449 1 8 32.76
150.586 2 8 16.32
150.722 3 8 1
150.722 4 8 65.4
151.267 1 8 1
151.813 1 8 32.76
151.813 4 8 65.4
152.086 3 8 1
152.358 1 8 1
152.358 2 8 32.76
152.631 1 8 98.16
152.767 3 8 1
152.904 2 8 1
153.449 4 8 1
153.995 2 8 34.68
154.54 1 8 49.08
154.813 4 8 1
154.881 2 8 90
154.949 3 8 1
155.086 1 8 1
155.631 1 8 1
155.631 4 8 1
156.176 1 8 65.52
156.722 2 8 16.32
156.722 4 8 1
156.995 1 8 1
156.995 3 8 34.68
157.131 2 8 34.8
157.284 4 8 1
157.421 4 8 1
157.54 1 8 65.52
157.54 2 8 10.92
157.745 3 8 1
157.813 2 8 1
158.086 2 8 1
158.086 4 8 24.48
158.358 1 8 1
158.358 4 8 49.08
158.631 1 8 1
158.904 2 8 65.4
158.904 4 8 1
159.176 4 8 1
159.449 3 8 65.52
159.449 4 8 1
159.722 1 8 1
159.995 1 8 1
160.267 4 8 1
160.54 1 8 65.52
160.813 3 8 1
160.813 2 8 1
161.086 3 8 16.32
161.29 2 8 1
161.358 4 8 98.16
161.358 3 8 65.52
161.631 2 8 1
161.904 2 8 1
162.176 3 8 1
162.449 3 8 32.76
162.722 2 8 32.76
162.995 1 8 65.4
162.995 4 8 1
163.267 2 8 1
163.267 3 8 1
163.54 2 8 24.6
163.54 4 8 1
163.745 3 8 139.08
163.813 4 8 1
164.086 1 8 1
164.358 2 8 1
164.358 4 8 1
164.631 2 8 1
164.904 2 8 1
165.176 2 8 32.76
165.449 4 8 1
165.722 1 8 24.48
165.722 3 8 24.48
165.858 2 8 1
165.995 1 8 16.32
165.995 4 8 32.64
166.131 3 8 1
166.267 2 8 16.44
166.267 1 8 16.44
166.404 3 8 16.32
166.54 1 8 32.76
166.54 2 8 49.08
166.813 3 8 98.16
166.813 4 8 16.32
167.086 4 8 65.4
167.222 1 8 1
167.358 2 8 16.44
167.631 1 8 1
167.631 2 8 60
168.176 3 8 1
168.222 4 8 1
168.33 2 8 1
168.381 4 8 1
168.415 3 8 1
168.449 1 8 1
168.495 2 8 1
168.54 3 8 1
168.585 4 8 1
168.654 1 8 1
168.722 3 8 1
168.722 4 8 1
168.79 2 8 1
168.858 1 8 1
168.858 4 8 1
168.926 2 8 1
168.995 3 8 1
168.995 4 8 1
169.063 1 8 1
169.131 2 8 1
169.199 3 8 1
169.267 1 8 1
169.267 4 8 1
169.335 2 8 1
169.404 3 8 1
169.472 4 8 1
169.523 3 8 1
169.54 1 8 1
169.608 2 8 1
169.676 3 8 1
169.676 4 8 1
169.813 1 8 1
169.813 4 8 1
169.813 3 8 1
170.085 2 8 1
170.085 3 8 1
170.188 1 8 1
170.239 3 8 1
170.307 2 8 1
170.358 1 8 1
170.358 4 8 1
170.426 3 8 13.68
170.495 2 8 6.12
170.563 1 8 2.64
170.631 3 8 1
170.631 4 8 1
170.722 2 8 1
170.767 3 8 1
170.767 4 8 1
170.858 1 8 1
170.904 2 8 1
170.904 3 8 1
170.972 1 8 1
171.04 2 8 1
171.108 4 8 1
171.176 2 8 1
171.245 3 8 1
171.358 2 8 1
171.449 1 8 32.76
171.449 3 8 32.76
171.722 2 8 16.32
171.722 4 8 16.32
171.79 1 8 1
171.858 3 8 16.44
171.995 2 8 1
171.995 1 8 16.32
171.995 4 8 1
172.199 1 8 8.16
172.199 2 8 40.92
172.267 3 8 1
172.54 3 8 16.32
172.54 4 8 10.92
172.676 1 8 1
172.745 2 8 1
172.813 3 8 1
172.881 4 8 1
172.949 1 8 1
172.949 3 8 1
173.017 2 8 1
173.085 3 8 1
173.085 4 8 1
173.154 2 8 1
173.222 1 8 1
173.29 3 8 1
173.358 1 8 14.4
173.358 2 8 1
173.426 4 8 1
173.495 3 8 1
173.54 2 8 1
173.585 1 8 1
173.631 3 8 16.32
173.631 4 8 16.32
173.767 1 8 1
173.835 2 8 1
173.904 1 8 1
173.904 4 8 16.32
174.04 2 8 5.4
174.108 3 8 8.16
174.176 4 8 1
174.176 1 8 8.28
174.176 2 8 4.08
174.313 2 8 10.2
174.313 3 8 1
174.449 1 8 1
174.449 4 8 1
174.517 3 8 1
174.585 4 8 1
174.654 3 8 1
174.722 2 8 1
174.722 4 8 1
174.722 1 8 1
174.79 3 8 1
174.858 2 8 1
174.926 1 8 1
174.995 2 8 1
174.995 3 8 1
175.063 4 8 1
175.131 1 8 1
175.199 3 8 1
175.199 4 8 1
175.267 2 8 1
175.267 1 8 1
175.335 4 8 1
175.387 3 8 1
175.449 2 8 1
175.523 1 8 1
175.54 2 8 1
175.585 4 8 1
175.585 3 8 1
175.659 1 8 1
175.676 2 8 1
175.722 4 8 1
175.767 3 8 1
175.813 1 8 1
175.813 2 8 1
175.881 3 8 1
175.949 1 8 1
176.017 2 8 1
176.085 3 8 1
176.085 4 8 1
176.154 2 8 1
176.222 4 8 1
176.222 1 8 1
176.29 3 8 32.76
176.29 2 8 1
176.358 4 8 24.6
176.358 1 8 1
176.631 1 8 24.48
176.699 2 8 16.32
176.835 3 8 1
176.904 4 8 1
176.972 1 8 1
176.995 3 8 1
177.04 4 8 1
177.108 2 8 1
177.176 1 8 1
177.176 3 8 1
177.245 2 8 1
177.313 3 8 1
177.381 2 8 1
177.449 1 8 1
177.449 3 8 1
177.449 4 8 1
177.517 2 8 1
177.585 4 8 1
177.654 3 8 1
177.722 1 8 1
177.722 2 8 1
177.79 3 8 1
177.858 2 8 1
177.926 3 8 1
177.995 2 8 1
177.995 4 8 1
178.085 1 8 1
178.267 3 8 1
178.267 4 8 1
178.335 1 8 1
178.404 3 8 1
178.404 4 8 1
178.472 1 8 1
178.54 3 8 1
178.54 2 8 1
178.54 4 8 1
178.631 2 8 1
178.71 1 8 1
178.813 3 8 1
178.813 4 8 1
178.813 2 8 1
178.904 3 8 1
178.949 2 8 1
179.017 3 8 1
179.085 4 8 1
179.085 1 8 1
179.137 2 8 1
179.188 3 8 1
179.239 2 8 1
179.29 1 8 1
179.358 3 8 1
179.358 4 8 1
179.426 2 8 1
179.495 3 8 1
179.563 1 8 1
179.631 2 8 1
179.631 4 8 1
179.699 3 8 1
179.767 2 8 1
179.835 1 8 1
179.904 3 8 1
179.904 4 8 1
179.972 2 8 1
180.04 3 8 1
180.108 2 8 1
180.176 1 8 1
180.176 4 8 1
180.245 3 8 1
180.313 2 8 1
180.381 1 8 1
180.449 3 8 16.32
180.449 4 8 32.76
180.585 1 8 1
180.585 2 8 1
180.722 3 8 1
180.722 1 8 16.32
180.722 2 8 16.32
180.858 3 8 1
180.926 1 8 1
180.926 2 8 1
180.995 4 8 16.32
180.995 3 8 16.32
181.267 3 8 16.44
181.267 4 8 1
181.267 2 8 1
181.404 1 8 10.92
181.54 2 8 8.16
181.608 1 8 16.44
181.676 2 8 1
181.676 3 8 16.44
181.745 4 8 1
181.813 1 8 1
181.813 2 8 1
181.881 3 8 1
181.949 4 8 1
182.017 2 8 1
182.085 3 8 16.44
182.222 1 8 1
182.29 2 8 8.16
182.358 3 8 1
182.358 4 8 8.16
182.426 1 8 1
182.495 2 8 16.32
182.563 3 8 1
182.631 1 8 16.32
182.699 3 8 1
182.767 2 8 1
182.835 3 8 1
182.904 1 8 1
182.904 2 8 1
182.972 4 8 1
182.972 3 8 16.32
183.04 1 8 1
183.108 2 8 1
183.176 4 8 1
183.176 1 8 1
183.222 2 8 1
183.267 1 8 1
183.296 4 8 1
183.313 3 8 1
183.381 2 8 1
183.449 3 8 1
183.449 4 8 1
183.517 2 8 1
183.585 1 8 1
183.654 2 8 1
183.722 3 8 1
183.79 4 8 1
183.858 3 8 1
183.926 2 8 1
183.995 1 8 1
183.995 3 8 1
183.995 4 8 1
184.063 2 8 1
184.131 3 8 1
184.199 4 8 1
184.267 1 8 1
184.267 2 8 1
184.335 3 8 1
184.404 1 8 1
184.404 4 8 1
184.472 2 8 1
184.54 4 8 30.72
184.54 3 8 1
184.608 1 8 22.56
184.625 2 8 1
184.796 3 8 34.68
185.085 2 8 1
185.154 3 8 1
185.29 1 8 1
185.358 2 8 1
185.404 3 8 1
185.449 1 8 1
185.494 2 8 1
185.54 4 8 1
185.585 3 8 1
185.631 1 8 1
185.648 2 8 1
185.676 3 8 1
185.733 4 8 1
185.767 2 8 1
185.813 1 8 1
185.904 3 8 1
185.904 4 8 1
185.972 1 8 1
185.972 2 8 1
186.057 3 8 1
186.125 1 8 1
186.176 2 8 1
186.176 3 8 1
186.176 4 8 1
186.244 1 8 1
186.404 3 8 1
186.449 1 8 1
186.494 4 8 1
186.517 2 8 1
186.54 1 8 1
186.585 4 8 1
186.585 3 8 1
186.637 1 8 1
186.722 2 8 1
186.722 4 8 1
186.722 3 8 1
187.085 2 8 1
187.085 3 8 1
187.267 1 8 1
187.267 2 8 1
187.267 4 8 1
187.813 1 8 1
187.813 4 8 1
187.813 3 8 1
187.904 2 8 1
187.994 3 8 1
188.085 3 8 1
188.188 4 8 1
188.188 1 8 1
188.267 2 8 1
188.358 3 8 1
188.358 4 8 1
188.358 1 8 1
188.449 2 8 1
188.54 3 8 1
188.631 2 8 1
188.631 1 8 1
188.722 3 8 1
188.813 2 8 1
188.904 3 8 1
188.904 1 8 1
188.904 4 8 1
188.972 2 8 1
189.04 4 8 1
189.108 3 8 1
189.176 4 8 1
189.176 2 8 1
189.176 1 8 1
189.244 3 8 1
189.313 2 8 1
189.364 4 8 1
189.449 1 8 1
189.449 2 8 1
189.449 3 8 1
189.722 1 8 16.32
189.722 2 8 16.32
189.994 4 8 32.76
189.994 3 8 32.76
190.267 1 8 1
190.54 1 8 1
190.54 3 8 1
190.54 4 8 1
190.813 4 8 1
190.813 3 8 32.64
191.085 1 8 1
191.085 2 8 1
191.449 3 8 1
191.449 2 8 1
191.631 4 8 1
191.631 3 8 1
192.176 1 8 1
192.176 2 8 1
192.176 3 8 1
192.176 4 8 1
192.449 3 8 1
