0.25 3 8 1
0.25 4 8 1
0.535 1 8 1
0.821 4 8 1
1.107 4 8 1
1.392 1 8 1
1.392 2 8 1
1.678 4 8 1
1.964 1 8 1
2.25 4 8 1
2.535 1 8 1
2.535 2 8 1
2.821 4 8 1
3.107 3 8 1
3.392 1 8 1
3.678 3 8 1
3.678 4 8 1
3.964 1 8 1
4.249 4 8 1
4.535 3 8 1
4.821 1 8 1
4.821 2 8 1
4.821 4 8 1
5.107 1 8 1
5.297 3 8 1
5.392 2 8 1
5.392 4 8 1
5.678 1 8 1
5.678 3 8 1
5.964 2 8 1
5.964 4 8 1
6.154 1 8 1
6.154 3 8 1
6.535 2 8 1
6.535 4 8 1
6.821 2 8 1
6.821 3 8 1
7.107 1 8 1
7.107 2 8 1
7.107 4 8 1
7.392 2 8 1
7.392 4 8 1
7.678 2 8 1
7.678 3 8 1
7.964 3 8 1
7.964 2 8 1
8.249 2 8 1
8.249 3 8 1
8.726 2 8 1
8.821 3 8 1
9.011 2 8 1
9.107 3 8 1
9.297 4 8 1
9.392 1 8 1
9.392 2 8 1
9.678 3 8 1
9.868 1 8 1
9.964 2 8 1
10.154 2 8 1
10.249 3 8 1
10.44 1 8 1
10.535 3 8 1
10.535 4 8 1
10.821 2 8 1
11.011 4 8 1
11.106 2 8 1
11.106 3 8 1
11.297 3 8 1
11.392 2 8 1
11.583 2 8 1
11.678 1 8 1
11.678 3 8 1
11.964 3 8 1
11.964 4 8 1
12.249 1 8 1
12.535 2 8 1
12.535 3 8 1
12.821 3 8 1
12.821 4 8 1
13.106 2 8 1
13.297 3 8 1
13.392 1 8 1
13.583 3 8 1
13.678 2 8 1
13.868 4 8 1
13.964 2 8 1
13.964 3 8 1
14.249 4 8 1
14.44 3 8 1
14.535 2 8 1
14.725 2 8 1
14.821 3 8 1
15.011 2 8 1
15.106 4 8 1
15.106 3 8 1
15.392 3 8 1
15.583 2 8 1
15.678 4 8 1
15.868 3 8 1
15.963 1 8 1
16.154 3 8 1
16.249 2 8 1
16.249 3 8 1
16.535 4 8 1
16.535 2 8 1
16.821 3 8 1
17.106 1 8 1
17.106 2 8 1
17.392 3 8 1
17.392 4 8 1
17.678 3 8 1
17.868 3 8 1
17.963 4 8 1
18.154 2 8 1
18.249 3 8 1
18.44 3 8 1
18.535 2 8 1
18.535 4 8 1
18.821 2 8 1
19.011 2 8 1
19.106 3 8 1
19.297 4 8 1
19.392 1 8 1
19.582 2 8 1
19.678 3 8 1
19.678 4 8 1
19.963 2 8 1
20.154 3 8 1
20.249 4 8 1
20.44 3 8 1
20.535 1 8 1
20.725 3 8 1
20.821 1 8 1
20.821 2 8 1
21.106 3 8 1
21.392 2 8 1
21.678 3 8 1
21.678 2 8 1
21.963 2 8 1
21.963 4 8 1
22.249 3 8 1
22.44 2 8 1
22.535 4 8 1
22.725 2 8 1
22.82 1 8 1
23.011 3 8 1
23.106 4 8 1
23.106 2 8 1
23.392 2 8 1
23.582 2 8 1
23.678 3 8 1
23.868 4 8 1
23.963 3 8 1
24.154 1 8 1
24.249 2 8 1
24.249 4 8 1
24.535 2 8 1
24.725 3 8 1
24.82 2 8 1
25.011 3 8 1
25.106 4 8 1
25.297 2 8 1
25.392 3 8 1
25.392 4 8 1
25.678 2 8 1
25.678 3 8 1
25.963 3 8 1
26.249 2 8 1
26.535 3 8 1
26.535 4 8 1
27.57 3 8 1
27.624 1 8 1
27.678 4 8 1
27.963 3 8 1
27.963 4 8 1
28.249 4 8 1
28.249 2 8 1
28.535 3 8 1
28.725 1 8 1
28.82 3 8 1
28.82 4 8 1
29.011 4 8 1
29.106 1 8 1
29.392 1 8 1
29.392 2 8 1
29.677 2 8 1
29.963 1 8 1
29.963 3 8 1
30.249 4 8 1
30.535 4 8 1
30.82 4 8 1
31.011 3 8 1
31.106 2 8 1
31.106 4 8 1
31.392 1 8 1
31.677 1 8 1
31.677 2 8 1
31.963 1 8 1
32.249 1 8 1
32.249 3 8 1
32.535 1 8 1
32.82 1 8 1
32.82 3 8 1
33.106 3 8 1
33.296 3 8 1
33.392 2 8 1
33.392 4 8 1
33.582 1 8 1
33.677 3 8 1
33.963 3 8 1
33.963 4 8 1
34.249 4 8 1
34.535 4 8 1
34.535 2 8 1
34.82 3 8 1
35.106 1 8 1
35.106 2 8 1
35.392 4 8 1
35.582 3 8 1
35.677 2 8 1
35.677 4 8 1
35.868 2 8 1
35.963 4 8 1
36.249 4 8 1
36.534 3 8 1
36.82 1 8 1
36.82 2 8 1
36.82 4 8 1
37.106 1 8 1
37.392 1 8 1
37.677 2 8 1
37.868 4 8 1
37.963 1 8 1
37.963 4 8 1
38.153 3 8 1
38.249 1 8 1
38.534 1 8 1
38.534 3 8 1
38.82 2 8 1
39.106 1 8 1
39.106 2 8 1
39.392 1 8 1
39.392 3 8 1
39.677 4 8 1
39.963 1 8 1
39.963 3 8 1
40.153 2 8 1
40.249 1 8 1
40.249 4 8 1
40.534 2 8 1
40.534 4 8 1
40.82 4 8 1
41.106 1 8 1
41.106 3 8 1
41.391 3 8 1
41.391 4 8 1
41.677 4 8 1
41.963 3 8 1
41.963 4 8 1
42.153 3 8 1
42.249 2 8 1
42.249 4 8 1
42.439 1 8 1
42.534 2 8 1
42.534 4 8 1
42.82 1 8 1
43.106 1 8 1
43.106 3 8 1
43.296 1 8 1
43.391 1 8 1
43.391 3 8 1
43.677 3 8 1
43.677 4 8 1
43.963 1 8 1
43.963 3 8 1
44.249 4 8 1
44.249 2 8 1
44.534 4 8 1
44.534 3 8 1
44.82 1 8 1
44.82 4 8 1
44.82 2 8 1
45.296 4 8 1
45.391 3 8 1
45.582 2 8 1
45.582 1 8 1
45.677 4 8 1
45.868 1 8 1
45.868 3 8 1
45.963 4 8 1
45.963 2 8 1
45.963 3 8 1
46.249 1 8 1
46.439 4 8 1
46.439 3 8 1
46.534 1 8 1
46.534 2 8 1
46.534 3 8 1
46.725 1 8 1
46.725 3 8 1
46.82 2 8 1
46.82 4 8 1
47.01 3 8 1
47.106 2 8 1
47.106 1 8 1
47.106 4 8 1
47.391 3 8 1
47.391 4 8 1
47.582 1 8 1
47.582 2 8 1
47.677 1 8 1
47.677 3 8 1
47.677 4 8 1
47.868 3 8 1
47.868 4 8 1
47.963 1 8 1
47.963 2 8 1
48.153 1 8 1
48.153 2 8 1
48.248 2 8 1
48.248 3 8 1
48.248 4 8 1
48.534 1 8 1
48.534 2 8 1
48.534 4 8 1
48.725 3 8 1
48.82 1 8 1
48.82 2 8 1
48.82 4 8 1
49.106 1 8 1
49.106 3 8 1
49.391 2 8 1
49.391 4 8 1
49.677 1 8 1
49.677 3 8 1
49.868 2 8 1
49.868 3 8 1
49.868 4 8 1
49.963 2 8 1
49.963 1 8 1
49.963 3 8 1
50.153 2 8 1
50.153 4 8 1
50.248 1 8 1
50.248 2 8 1
50.439 3 8 1
50.439 4 8 1
50.534 1 8 1
50.534 2 8 1
50.82 1 8 1
50.82 2 8 1
51.01 2 8 1
51.01 3 8 1
51.01 4 8 1
51.106 1 8 1
51.106 3 8 1
51.106 4 8 1
51.296 1 8 1
51.296 3 8 1
51.391 2 8 1
51.391 4 8 1
51.582 3 8 1
51.582 1 8 1
51.677 4 8 1
51.677 3 8 1
51.963 1 8 1
51.963 4 8 1
52.153 2 8 1
52.248 1 8 1
52.248 3 8 1
52.248 4 8 1
52.439 2 8 1
52.439 4 8 1
52.534 1 8 1
52.534 2 8 1
52.725 4 8 1
52.82 1 8 1
52.82 2 8 1
52.82 3 8 1
53.106 3 8 1
53.106 4 8 1
53.296 2 8 1
53.391 1 8 1
53.391 2 8 1
53.391 4 8 1
53.677 3 8 1
53.677 4 8 1
53.963 1 8 1
53.963 2 8 1
54.153 3 8 1
54.153 4 8 1
54.248 1 8 1
54.248 2 8 1
54.439 3 8 1
54.534 1 8 1
54.534 2 8 1
54.534 4 8 1
54.725 3 8 1
54.82 2 8 1
54.82 4 8 1
55.01 3 8 1
55.105 2 8 1
55.105 4 8 1
55.105 1 8 1
55.391 2 8 1
55.391 3 8 1
55.582 2 8 1
55.582 4 8 1
55.677 1 8 1
55.677 3 8 1
55.677 4 8 1
55.867 2 8 1
55.963 3 8 1
55.963 4 8 1
56.153 1 8 1
56.153 3 8 1
56.248 2 8 1
56.248 3 8 1
56.248 4 8 1
56.534 2 8 1
56.534 3 8 1
56.724 2 8 1
56.724 1 8 1
56.82 1 8 1
56.82 3 8 1
56.82 4 8 1
57.01 2 8 1
57.01 4 8 1
57.105 3 8 1
57.296 1 8 1
57.296 2 8 1
57.296 4 8 1
57.391 1 8 1
57.391 4 8 1
57.677 2 8 1
57.677 3 8 1
57.677 4 8 1
57.963 1 8 1
57.963 2 8 1
57.963 4 8 1
58.248 3 8 1
58.248 4 8 1
58.534 3 8 1
58.534 4 8 1
58.724 2 8 1
58.82 1 8 1
58.82 3 8 1
59.01 2 8 1
59.01 1 8 1
59.105 3 8 1
59.105 4 8 1
59.296 2 8 1
59.296 1 8 1
59.391 3 8 1
59.391 4 8 1
59.582 2 8 1
59.582 4 8 1
59.677 1 8 1
59.677 3 8 1
59.867 3 8 1
59.963 1 8 1
59.963 2 8 1
60.153 3 8 1
60.153 4 8 1
60.248 4 8 1
60.248 1 8 1
60.248 3 8 1
60.439 2 8 1
60.439 3 8 1
60.534 2 8 1
60.534 4 8 1
60.724 1 8 1
60.724 3 8 1
60.82 4 8 1
60.82 2 8 1
61.105 2 8 1
61.105 3 8 1
61.296 1 8 1
61.296 2 8 1
61.391 2 8 1
61.391 3 8 1
61.391 4 8 1
61.582 3 8 1
61.582 4 8 1
61.677 1 8 1
61.677 2 8 1
61.867 1 8 1
61.867 4 8 1
61.962 2 8 1
61.962 3 8 1
61.962 4 8 1
62.248 1 8 1
62.248 2 8 1
62.439 3 8 1
62.439 4 8 1
62.534 2 8 1
62.534 1 8 1
62.534 4 8 1
62.82 2 8 1
62.82 1 8 1
62.82 3 8 1
63.105 1 8 1
63.105 3 8 1
63.105 4 8 1
63.296 3 8 1
63.296 4 8 1
63.391 2 8 1
63.391 4 8 1
63.581 2 8 1
63.677 1 8 1
63.677 4 8 1
63.677 3 8 1
63.772 2 8 1
63.867 4 8 1
63.962 1 8 1
63.962 3 8 1
64.058 2 8 1
64.153 4 8 1
64.248 2 8 1
64.248 1 8 1
64.248 3 8 1
64.248 4 8 1
64.534 3 8 1
64.534 2 8 1
64.724 4 8 1
64.82 2 8 1
64.82 3 8 1
64.82 1 8 1
65.105 3 8 1
65.105 4 8 1
65.296 3 8 1
65.296 1 8 1
65.391 1 8 1
65.391 2 8 1
65.391 4 8 1
65.581 3 8 1
65.581 4 8 1
65.677 1 8 1
65.677 2 8 1
65.962 1 8 1
65.962 3 8 1
65.962 4 8 1
66.248 2 8 1
66.248 3 8 1
66.534 1 8 1
66.534 2 8 1
66.534 4 8 1
66.82 3 8 1
67.01 4 8 1
67.105 1 8 1
67.105 2 8 1
67.105 3 8 1
67.391 3 8 1
67.391 4 8 1
67.581 2 8 1
67.677 1 8 1
67.677 3 8 1
67.677 4 8 1
67.867 4 8 1
67.962 1 8 1
67.962 3 8 1
68.248 2 8 1
68.248 1 8 1
68.248 3 8 1
68.248 4 8 1
68.534 1 8 1
68.534 3 8 1
68.819 1 8 1
68.819 2 8 1
68.819 4 8 1
69.105 2 8 1
69.105 3 8 1
69.296 1 8 1
69.391 2 8 1
69.391 3 8 1
69.391 4 8 1
69.677 3 8 1
69.677 4 8 1
69.867 2 8 1
69.867 1 8 1
69.962 2 8 1
69.962 3 8 1
69.962 4 8 1
70.153 3 8 1
70.153 4 8 1
70.248 1 8 1
70.248 2 8 1
70.534 2 8 1
70.534 3 8 1
70.534 4 8 1
70.819 1 8 1
70.819 3 8 1
71.105 2 8 1
71.105 3 8 1
71.105 4 8 1
71.391 1 8 1
71.391 2 8 1
71.581 3 8 1
71.581 2 8 1
71.677 1 8 1
71.677 3 8 1
71.677 4 8 1
71.962 1 8 1
71.962 2 8 1
71.962 3 8 1
72.153 4 8 1
72.248 1 8 1
72.248 2 8 1
72.248 3 8 1
72.438 2 8 1
72.534 1 8 1
72.534 4 8 1
72.819 1 8 1
72.819 3 8 1
72.819 4 8 1
73.105 1 8 1
73.105 3 8 1
73.105 4 8 1
73.391 1 8 1
73.391 2 8 1
73.391 4 8 1
73.676 2 8 1
73.676 3 8 1
73.867 2 8 1
73.867 1 8 1
73.962 4 8 1
73.962 1 8 1
73.962 3 8 1
74.248 2 8 1
74.248 1 8 1
74.438 3 8 1
74.438 4 8 1
74.534 1 8 1
74.534 2 8 1
74.534 3 8 1
74.724 4 8 1
74.819 2 8 1
74.819 3 8 1
75.105 2 8 1
75.105 3 8 1
75.105 4 8 1
75.105 1 8 1
75.391 1 8 1
75.391 3 8 1
75.676 1 8 1
75.676 2 8 1
75.676 4 8 1
75.962 2 8 1
76.153 3 8 1
76.153 4 8 1
76.248 1 8 1
76.248 2 8 1
76.248 3 8 1
76.534 2 8 1
76.534 4 8 1
76.724 1 8 1
76.819 2 8 1
76.819 3 8 1
77.01 4 8 1
77.105 3 8 1
77.105 2 8 1
77.391 3 8 1
77.391 1 8 1
77.391 4 8 1
77.676 3 8 1
77.676 4 8 1
77.962 1 8 1
77.962 3 8 1
77.962 4 8 1
78.248 2 8 1
78.248 3 8 1
78.438 2 8 1
78.534 1 8 1
78.534 3 8 1
78.534 4 8 1
78.724 4 8 1
78.819 1 8 1
78.819 2 8 1
79.01 3 8 1
79.01 4 8 1
79.105 1 8 1
79.105 2 8 1
79.105 4 8 1
79.391 2 8 1
79.391 3 8 1
79.676 1 8 1
79.676 3 8 1
79.676 4 8 1
79.867 3 8 1
79.867 4 8 1
79.962 2 8 1
80.153 1 8 1
80.248 2 8 1
80.248 4 8 1
80.248 3 8 1
80.533 1 8 1
80.533 2 8 1
80.533 4 8 1
80.819 1 8 1
80.819 3 8 1
80.819 4 8 1
81.105 1 8 1
81.105 3 8 1
81.105 2 8 1
81.391 2 8 1
81.391 3 8 1
81.391 4 8 1
81.867 2 8 1
81.962 3 8 1
81.962 4 8 1
82.152 3 8 1
82.248 2 8 1
82.248 4 8 1
82.438 3 8 1
82.533 1 8 1
82.533 2 8 1
82.533 3 8 1
82.533 4 8 1
82.819 1 8 1
82.819 2 8 1
82.819 3 8 1
83.01 4 8 1
83.01 3 8 1
83.105 1 8 1
83.105 3 8 1
83.105 4 8 1
83.295 2 8 1
83.295 1 8 1
83.391 3 8 1
83.391 4 8 1
83.581 1 8 1
83.581 2 8 1
83.676 4 8 1
83.676 2 8 1
83.962 3 8 1
83.962 1 8 1
84.152 3 8 1
84.152 4 8 1
84.248 1 8 1
84.248 2 8 1
84.248 4 8 1
84.438 3 8 1
84.438 1 8 1
84.533 3 8 1
84.533 4 8 1
84.724 1 8 1
84.724 2 8 1
84.819 3 8 1
84.819 1 8 1
84.819 4 8 1
85.105 2 8 1
85.105 1 8 1
85.105 3 8 1
85.295 3 8 1
85.391 1 8 1
85.391 2 8 1
85.391 4 8 1
85.676 3 8 1
85.676 4 8 1
85.962 2 8 1
85.962 1 8 1
85.962 3 8 1
86.248 4 8 1
86.438 2 8 1
86.438 3 8 1
86.533 1 8 1
86.533 2 8 1
86.533 4 8 1
86.724 2 8 1
86.724 4 8 1
86.819 1 8 1
86.819 3 8 1
87.01 2 8 1
87.01 4 8 1
87.01 3 8 1
87.105 1 8 1
87.105 4 8 1
87.39 3 8 1
87.39 4 8 1
87.581 2 8 1
87.581 1 8 1
87.676 1 8 1
87.676 2 8 1
87.676 4 8 1
87.867 1 8 1
87.867 3 8 1
87.962 3 8 1
87.962 4 8 1
88.152 2 8 1
88.152 4 8 1
88.248 1 8 1
88.248 3 8 1
88.533 3 8 1
88.533 4 8 1
88.724 1 8 1
88.724 2 8 1
88.819 1 8 1
88.819 3 8 1
88.819 4 8 1
89.009 1 8 1
89.009 3 8 1
89.105 2 8 1
89.105 4 8 1
89.295 2 8 1
89.295 3 8 1
89.39 1 8 1
89.39 3 8 1
89.39 4 8 1
89.676 2 8 1
89.676 3 8 1
89.676 4 8 1
89.867 3 8 1
89.962 1 8 1
89.962 2 8 1
89.962 4 8 1
90.248 1 8 1
90.248 3 8 1
90.248 4 8 1
90.533 2 8 1
90.533 3 8 1
90.533 4 8 1
90.724 3 8 1
90.819 1 8 1
90.819 4 8 1
91.009 2 8 1
91.009 3 8 1
91.105 1 8 1
91.105 4 8 1
91.105 2 8 1
91.295 1 8 1
91.295 3 8 1
91.39 2 8 1
91.39 4 8 1
91.581 2 8 1
91.581 3 8 1
91.676 1 8 1
91.676 3 8 1
91.676 4 8 1
91.962 2 8 1
91.962 3 8 1
91.962 4 8 1
92.152 1 8 1
92.152 2 8 1
92.152 4 8 1
92.248 3 8 1
92.248 2 8 1
92.438 3 8 1
92.533 2 8 1
92.533 4 8 1
92.533 1 8 1
92.724 2 8 1
92.724 1 8 1
92.819 3 8 1
92.819 4 8 1
93.105 1 8 1
93.105 2 8 1
93.105 4 8 1
93.295 1 8 1
93.295 2 8 1
93.295 3 8 1
93.39 2 8 1
93.39 3 8 1
93.39 4 8 1
93.581 2 8 1
93.581 4 8 1
93.676 1 8 1
93.676 2 8 1
93.867 3 8 1
93.867 4 8 1
93.962 1 8 1
93.962 2 8 1
94.247 2 8 1
94.247 3 8 1
94.247 4 8 1
94.438 2 8 1
94.533 1 8 1
94.533 3 8 1
94.533 4 8 1
94.819 1 8 1
94.819 4 8 1
95.105 3 8 1
95.105 4 8 1
95.39 2 8 1
95.39 4 8 1
95.581 1 8 1
95.581 3 8 1
95.676 1 8 1
95.676 2 8 1
95.676 4 8 1
95.866 3 8 1
95.866 4 8 1
95.962 2 8 1
95.962 1 8 1
96.152 3 8 1
96.152 4 8 1
96.247 4 8 1
96.247 2 8 1
96.533 1 8 1
96.533 3 8 1
96.724 2 8 1
96.724 4 8 1
96.819 4 8 1
96.819 3 8 1
97.009 1 8 1
97.009 2 8 1
97.105 3 8 1
97.105 4 8 1
97.295 2 8 1
97.39 1 8 1
97.39 3 8 1
97.39 4 8 1
97.676 1 8 1
97.676 3 8 1
97.866 1 8 1
97.866 2 8 1
97.962 1 8 1
97.962 3 8 1
97.962 4 8 1
98.152 1 8 1
98.152 3 8 1
98.247 2 8 1
98.247 1 8 1
98.438 3 8 1
98.438 4 8 1
98.533 1 8 1
98.533 2 8 1
98.533 3 8 1
98.819 2 8 1
98.819 4 8 1
99.009 3 8 1
99.105 1 8 1
99.105 2 8 1
99.105 4 8 1
99.39 1 8 1
99.39 2 8 1
99.39 3 8 1
99.676 3 8 1
99.676 1 8 1
99.676 4 8 1
99.866 3 8 1
99.962 2 8 1
99.962 4 8 1
100.152 3 8 1
100.247 1 8 1
100.247 2 8 1
100.247 4 8 1
100.343 3 8 1
100.438 2 8 1
100.533 3 8 1
100.533 4 8 1
100.628 2 8 1
100.724 1 8 1
100.819 2 8 1
100.819 3 8 1
100.819 4 8 1
101.104 1 8 1
101.104 2 8 1
101.104 3 8 1
101.295 4 8 1
101.39 1 8 1
101.39 2 8 1
101.39 3 8 1
101.581 4 8 1
101.676 2 8 1
101.676 3 8 1
101.866 1 8 1
101.866 2 8 1
101.962 1 8 1
101.962 3 8 1
101.962 4 8 1
102.152 3 8 1
102.152 4 8 1
102.247 2 8 1
102.247 1 8 1
102.533 1 8 1
102.533 3 8 1
102.533 4 8 1
102.819 1 8 1
102.819 3 8 1
103.104 1 8 1
103.104 3 8 1
103.104 4 8 1
103.39 2 8 1
103.581 3 8 1
103.581 4 8 1
103.676 1 8 1
103.676 4 8 1
103.676 2 8 1
103.866 2 8 1
103.962 3 8 1
103.962 4 8 1
104.152 4 8 1
104.247 2 8 1
104.247 3 8 1
104.247 1 8 1
104.438 1 8 1
104.533 2 8 1
104.533 4 8 1
104.819 1 8 1
104.819 2 8 1
104.819 3 8 1
105.104 3 8 1
105.104 4 8 1
105.39 2 8 1
105.39 3 8 1
105.39 4 8 1
105.676 2 8 1
105.676 3 8 1
105.866 1 8 1
105.866 4 8 1
105.961 2 8 1
105.961 3 8 1
105.961 4 8 1
106.247 1 8 1
106.247 2 8 1
106.438 3 8 1
106.438 4 8 1
106.533 1 8 1
106.533 2 8 1
106.723 2 8 1
106.723 4 8 1
106.819 1 8 1
106.819 3 8 1
107.104 2 8 1
107.104 3 8 1
107.104 4 8 1
107.39 4 8 1
107.39 1 8 1
107.676 2 8 1
107.676 3 8 1
107.676 4 8 1
107.961 3 8 1
107.961 4 8 1
108.152 2 8 1
108.247 1 8 1
108.247 3 8 1
108.247 4 8 1
108.533 1 8 1
108.533 3 8 1
108.723 2 8 1
108.723 4 8 1
108.819 1 8 1
108.819 3 8 1
109.009 1 8 1
109.009 2 8 1
109.104 3 8 1
109.104 4 8 1
109.39 1 8 1
109.39 3 8 1
109.39 4 8 1
109.676 2 8 1
109.676 3 8 1
109.676 4 8 1
109.961 1 8 1
109.961 2 8 1
109.961 4 8 1
110.247 2 8 1
110.247 3 8 1
110.438 2 8 1
110.438 4 8 1
110.533 1 8 1
110.533 2 8 1
110.533 3 8 1
110.819 1 8 1
110.819 2 8 1
111.009 3 8 1
111.009 4 8 1
111.104 2 8 1
111.104 1 8 1
111.295 3 8 1
111.295 4 8 1
111.39 2 8 1
111.39 1 8 1
111.676 1 8 1
111.676 3 8 1
111.676 4 8 1
111.961 2 8 1
111.961 4 8 1
112.247 1 8 1
112.247 3 8 1
112.247 4 8 1
112.533 2 8 1
112.533 3 8 1
112.723 4 8 1
112.818 1 8 1
112.818 2 8 1
112.818 3 8 1
113.009 2 8 1
113.104 2 8 1
113.104 3 8 1
113.104 4 8 1
113.295 2 8 1
113.295 3 8 1
113.39 4 8 1
113.39 1 8 1
113.39 3 8 1
113.58 4 8 1
113.676 1 8 1
113.676 3 8 1
113.961 2 8 1
113.961 3 8 1
113.961 4 8 1
114.247 2 8 1
114.247 4 8 1
114.533 1 8 1
114.533 3 8 1
114.533 4 8 1
114.818 2 8 1
114.818 3 8 1
115.009 4 8 1
115.104 2 8 1
115.104 3 8 1
115.104 4 8 1
115.295 1 8 1
115.295 2 8 1
115.39 3 8 1
115.39 4 8 1
115.58 1 8 1
115.676 3 8 1
115.676 2 8 1
115.676 4 8 1
115.961 3 8 1
115.961 4 8 1
116.152 4 8 1
116.247 1 8 1
116.247 2 8 1
116.247 3 8 1
116.437 4 8 1
116.533 3 8 1
116.723 1 8 1
116.723 2 8 1
116.818 3 8 1
116.818 4 8 1
116.818 2 8 1
117.104 2 8 1
117.104 3 8 1
117.104 1 8 1
117.39 2 8 1
117.39 3 8 1
117.39 4 8 1
117.676 1 8 1
117.676 2 8 1
117.676 4 8 1
117.961 2 8 420
117.961 3 8 1
117.961 4 8 1
118.009 4 8 1
119.104 3 8 105
120.342 3 8 134.28
121.461 1 8 137.16
122.033 4 8 205.68
122.604 2 8 1
122.622 3 8 135
123.747 2 8 192.84
123.747 1 8 274.2
124.89 3 8 1
125.461 2 8 54.24
126.032 2 8 57.96
126.032 4 8 57.96
126.604 2 8 68.52
126.604 4 8 68.52
127.175 1 8 62.16
127.175 3 8 137.16
127.747 1 8 68.52
127.747 2 8 1
128.318 4 8 1
128.318 2 8 1
128.604 2 8 1
128.89 1 8 1
129.175 3 8 1
129.372 2 8 1
129.461 4 8 1
129.657 3 8 1
129.747 4 8 1
130.032 3 8 1
130.318 1 8 1
130.604 1 8 1
130.604 2 8 1
130.604 3 8 1
130.89 2 8 1
131.175 4 8 1
131.461 3 8 1
131.657 2 8 1
131.747 1 8 1
131.943 2 8 1
132.032 3 8 1
132.318 4 8 1
132.604 2 8 1
132.889 1 8 1
132.889 3 8 1
132.889 4 8 1
133.175 3 8 1
133.461 1 8 1
133.747 2 8 1
133.747 3 8 1
133.943 4 8 1
134.032 2 8 1
134.032 3 8 1
134.229 4 8 1
134.318 3 8 1
134.318 2 8 1
134.604 4 8 1
134.8 2 8 1
134.889 3 8 1
135.086 1 8 1
135.175 2 8 1
135.175 3 8 1
135.175 4 8 1
135.461 2 8 1
135.461 3 8 1
135.747 4 8 1
136.032 2 8 1
136.229 1 8 1
136.318 3 8 1
136.514 4 8 1
136.604 1 8 1
136.604 3 8 1
136.889 2 8 1
137.175 3 8 1
137.461 2 8 1
137.461 4 8 1
137.461 1 8 1
137.747 1 8 1
137.747 3 8 1
137.943 3 8 1
137.943 2 8 1
138.032 1 8 1
138.032 4 8 1
138.229 4 8 1
138.318 2 8 1
138.318 3 8 1
138.514 4 8 1
138.604 2 8 1
138.604 3 8 1
138.604 1 8 1
138.8 4 8 1
138.889 1 8 1
138.889 2 8 1
138.889 3 8 1
139.086 3 8 1
139.175 2 8 1
139.175 4 8 1
139.461 1 8 1
139.461 2 8 1
139.746 1 8 1
139.746 3 8 1
139.746 4 8 1
140.032 1 8 1
140.032 2 8 1
140.229 3 8 1
140.229 4 8 1
140.318 1 8 1
140.318 2 8 1
140.514 4 8 1
140.604 1 8 1
140.604 2 8 1
140.604 3 8 1
140.8 4 8 1
140.889 2 8 1
140.889 3 8 1
141.086 2 8 1
141.086 4 8 1
141.175 1 8 1
141.175 3 8 1
141.461 3 8 1
141.461 4 8 1
141.746 2 8 1
141.746 4 8 1
142.032 1 8 1
142.032 3 8 1
142.032 2 8 1
142.318 2 8 1
142.318 3 8 1
142.514 2 8 1
142.514 4 8 1
142.604 1 8 1
142.604 2 8 1
142.604 3 8 1
142.8 4 8 1
142.889 1 8 1
142.889 2 8 1
142.889 3 8 1
143.086 3 8 1
143.086 4 8 1
143.175 1 8 1
143.175 2 8 1
143.175 4 8 1
143.461 2 8 1
143.461 3 8 1
143.657 2 8 1
143.657 1 8 1
143.746 3 8 1
143.746 4 8 1
143.943 1 8 1
143.943 3 8 1
144.032 2 8 1
144.032 4 8 1
144.229 3 8 1
144.318 1 8 1
144.318 2 8 1
144.318 4 8 1
144.603 1 8 1
144.603 3 8 1
144.603 4 8 1
144.889 1 8 1
144.889 3 8 1
144.889 4 8 1
145.175 1 8 1
145.175 2 8 1
145.175 4 8 1
145.461 1 8 1
145.461 3 8 1
145.461 4 8 1
145.943 3 8 1
146.032 4 8 1
146.228 2 8 1
146.318 4 8 1
146.514 3 8 1
146.603 1 8 1
146.603 2 8 1
146.8 3 8 1
146.889 4 8 1
147.068 2 8 1
147.175 1 8 1
147.175 4 8 1
147.175 3 8 1
147.371 3 8 1
147.371 2 8 1
147.461 1 8 1
147.461 4 8 1
147.657 1 8 1
147.657 3 8 1
147.746 4 8 1
147.746 2 8 1
148.032 3 8 1
148.032 4 8 1
148.211 1 8 1
148.211 2 8 1
148.318 1 8 1
148.318 3 8 1
148.318 4 8 1
148.514 3 8 1
148.514 4 8 1
148.603 1 8 1
148.603 2 8 1
148.8 3 8 1
148.8 4 8 1
148.889 1 8 1
148.889 2 8 1
148.889 4 8 1
149.175 2 8 1
149.175 3 8 1
149.371 3 8 1
149.461 1 8 1
149.461 2 8 1
149.461 4 8 1
149.746 3 8 1
149.746 4 8 1
150.032 1 8 1
150.032 4 8 1
150.032 2 8 1
150.318 2 8 1
150.514 3 8 1
150.514 4 8 1
150.603 1 8 1
150.603 2 8 1
150.603 4 8 1
150.8 3 8 1
150.889 2 8 1
150.889 4 8 1
151.085 2 8 1
151.085 4 8 1
151.175 1 8 1
151.175 3 8 1
151.46 3 8 1
151.46 4 8 1
151.657 3 8 1
151.657 2 8 1
151.746 1 8 1
151.746 4 8 1
151.746 3 8 1
151.943 1 8 1
151.943 2 8 1
152.032 3 8 1
152.032 4 8 1
152.228 2 8 1
152.228 4 8 1
152.318 1 8 1
152.318 3 8 1
152.318 2 8 1
152.603 3 8 1
152.603 4 8 1
152.8 1 8 1
152.8 2 8 1
152.889 2 8 1
152.889 3 8 1
152.889 4 8 1
153.085 1 8 1
153.085 3 8 1
153.175 3 8 1
153.175 4 8 1
153.371 2 8 1
153.371 3 8 1
153.46 1 8 1
153.46 2 8 1
153.46 4 8 1
153.746 2 8 1
153.746 3 8 1
153.943 2 8 1
154.032 1 8 1
154.032 3 8 1
154.032 4 8 1
154.318 2 8 1
154.318 4 8 1
154.603 1 8 1
154.603 2 8 1
154.603 4 8 1
154.8 3 8 1
154.889 2 8 1
154.889 4 8 1
155.085 3 8 1
155.175 1 8 1
155.175 2 8 1
155.175 4 8 1
155.371 3 8 1
155.371 2 8 1
155.46 1 8 1
155.46 4 8 1
155.657 3 8 1
155.746 1 8 1
155.746 2 8 1
155.746 4 8 1
156.032 3 8 1
156.032 4 8 1
156.228 2 8 1
156.228 3 8 1
156.318 1 8 1
156.318 4 8 1
156.318 2 8 1
156.514 3 8 1
156.514 4 8 1
156.603 1 8 1
156.603 2 8 1
156.8 3 8 1
156.8 4 8 1
156.889 1 8 1
156.889 3 8 1
156.889 4 8 1
157.175 3 8 1
157.175 2 8 1
157.371 4 8 1
157.371 3 8 1
157.46 2 8 1
157.46 1 8 1
157.46 4 8 1
157.657 3 8 1
157.657 2 8 1
157.746 3 8 1
157.746 4 8 1
157.942 2 8 1
157.942 1 8 1
158.032 3 8 1
158.032 4 8 1
158.317 2 8 1
158.317 1 8 1
158.317 3 8 1
158.514 2 8 1
158.603 1 8 1
158.603 4 8 1
158.603 3 8 1
158.889 2 8 1
158.889 4 8 1
159.175 1 8 1
159.175 3 8 1
159.46 4 8 1
159.657 1 8 1
159.657 2 8 1
159.746 3 8 1
159.746 4 8 1
159.925 2 8 1
159.925 3 8 1
160.032 1 8 1
160.032 3 8 1
160.228 4 8 1
160.228 2 8 1
160.317 3 8 1
160.317 4 8 1
160.603 3 8 1
160.603 4 8 1
160.8 2 8 1
160.8 4 8 1
160.889 1 8 1
160.889 2 8 1
160.889 3 8 1
161.085 2 8 1
161.085 3 8 1
161.175 1 8 1
161.175 4 8 1
161.371 4 8 1
161.46 3 8 1
161.46 1 8 1
161.46 2 8 1
161.746 2 8 1
161.746 3 8 1
161.942 3 8 1
161.942 4 8 1
162.032 1 8 1
162.032 2 8 1
162.032 4 8 1
162.228 2 8 1
162.228 3 8 1
162.317 1 8 1
162.317 2 8 1
162.514 3 8 1
162.514 4 8 1
162.603 1 8 1
162.603 2 8 1
162.603 4 8 1
162.889 1 8 1
162.889 3 8 1
163.085 4 8 1
163.175 1 8 1
163.175 2 8 1
163.175 3 8 1
163.46 2 8 1
163.46 3 8 1
163.746 1 8 1
163.746 2 8 1
163.746 4 8 1
163.942 3 8 1
163.942 4 8 1
164.032 1 8 1
164.032 2 8 1
164.121 3 8 1
164.228 3 8 1
164.317 1 8 1
164.317 2 8 1
164.317 4 8 1
164.407 3 8 1
164.514 2 8 1
164.603 4 8 1
164.603 3 8 1
164.692 1 8 1
164.799 2 8 1
164.889 1 8 1
164.889 2 8 1
164.889 3 8 1
164.889 4 8 1
165.174 1 8 1
165.174 2 8 1
165.371 4 8 1
165.46 3 8 1
165.46 1 8 1
165.46 2 8 1
165.746 1 8 1
165.746 2 8 1
165.942 2 8 1
165.942 4 8 1
166.032 1 8 1
166.032 2 8 1
166.032 3 8 1
166.228 1 8 1
166.317 4 8 1
166.317 3 8 1
166.603 1 8 1
166.603 2 8 1
166.603 4 8 1
166.889 1 8 1
166.889 3 8 1
167.174 3 8 1
167.174 2 8 1
167.174 4 8 1
167.46 1 8 1
167.657 2 8 1
167.657 3 8 1
167.746 1 8 1
167.746 3 8 1
167.746 4 8 1
168.032 1 8 1
168.032 2 8 1
168.228 2 8 1
168.317 3 8 1
168.317 4 8 1
168.514 4 8 1
168.603 1 8 1
168.603 3 8 1
168.889 1 8 1
168.889 2 8 1
168.889 4 8 1
169.174 2 8 1
169.174 4 8 1
169.46 1 8 1
169.46 3 8 1
169.46 4 8 1
169.746 2 8 1
169.746 3 8 1
169.942 1 8 1
170.032 3 8 1
170.032 4 8 1
170.032 2 8 1
170.317 2 8 1
170.317 4 8 1
170.514 3 8 1
170.514 4 8 1
170.603 1 8 1
170.603 2 8 1
170.603 3 8 1
170.799 4 8 1
170.889 1 8 1
170.889 2 8 1
171.174 1 8 1
171.174 3 8 1
171.174 4 8 1
171.46 4 8 1
171.46 2 8 1
171.746 1 8 1
171.746 2 8 1
171.746 3 8 1
172.031 3 8 1
172.228 1 8 1
172.228 2 8 1
172.317 1 8 1
172.317 3 8 1
172.317 4 8 1
172.603 2 8 1
172.603 3 8 1
172.603 1 8 1
172.799 4 8 1
172.889 1 8 1
172.889 3 8 1
172.889 2 8 1
173.085 1 8 1
173.085 2 8 1
173.174 3 8 1
173.174 4 8 1
173.46 1 8 1
173.46 3 8 1
173.46 4 8 1
173.746 1 8 1
173.746 2 8 1
173.746 4 8 1
174.031 4 8 1
174.031 1 8 1
174.031 2 8 1
174.031 3 8 1
174.317 2 8 1
174.317 3 8 1
174.514 1 8 1
174.603 2 8 1
174.603 3 8 1
174.603 4 8 1
174.889 1 8 1
174.889 2 8 1
175.085 3 8 1
175.085 4 8 1
175.174 1 8 1
175.174 2 8 1
175.174 4 8 1
175.371 1 8 1
175.371 2 8 1
175.46 3 8 1
175.46 4 8 1
175.746 2 8 1
175.746 3 8 1
175.746 4 8 1
176.031 1 8 1
176.031 3 8 1
176.317 1 8 1
176.317 3 8 1
176.317 4 8 1
176.603 2 8 1
176.799 3 8 1
176.799 4 8 1
176.888 1 8 1
176.888 2 8 1
176.888 3 8 1
177.174 1 8 1
177.174 3 8 1
177.371 1 8 1
177.371 2 8 1
177.46 2 8 1
177.46 3 8 1
177.46 4 8 1
177.656 4 8 1
177.746 1 8 1
177.746 3 8 1
178.031 1 8 1
178.031 2 8 1
178.031 4 8 1
178.317 1 8 1
178.317 2 8 1
178.317 3 8 1
178.603 1 8 1
178.603 2 8 1
178.603 4 8 1
178.888 2 8 1
179.085 3 8 1
179.085 1 8 1
179.174 2 8 1
179.174 4 8 1
179.353 1 8 1
179.371 2 8 1
179.46 3 8 1
179.46 4 8 1
179.638 2 8 1
179.656 1 8 1
179.746 2 8 1
179.746 3 8 1
179.746 4 8 1
180.031 3 8 1
180.031 4 8 1
180.317 2 8 1
180.317 3 8 1
180.317 4 8 1
180.496 3 8 1
180.496 4 8 1
180.603 2 8 1
180.799 1 8 1
180.888 2 8 1
180.888 3 8 1
180.888 4 8 1
181.174 1 8 1
181.174 4 8 1
181.174 3 8 1
181.46 1 8 1
181.46 3 8 1
181.46 4 8 1
181.746 3 8 1
181.746 4 8 1
181.746 2 8 1
182.031 2 8 1
182.031 3 8 1
182.031 4 8 1
