4.962 1 8 1
4.962 3 8 1
5.375 3 8 1
5.582 2 8 1
5.789 1 8 1
6.203 2 8 1
6.617 2 8 1
7.031 3 8 1
7.444 3 8 1
8.272 1 8 1
8.272 2 8 1
8.686 2 8 1
8.893 1 8 1
9.1 3 8 1
9.513 2 8 1
9.927 3 8 1
10.755 3 8 1
11.582 1 8 1
11.996 1 8 1
12.203 2 8 1
12.41 3 8 1
12.824 3 8 1
13.237 4 8 1
14.065 2 8 1
14.893 3 8 1
15.306 2 8 1
15.513 3 8 1
15.72 4 8 1
16.134 1 8 1
16.548 3 8 1
16.548 4 8 1
17.375 2 8 1
17.375 3 8 1
18.203 1 8 1
18.203 3 8 1
18.617 1 8 1
18.824 3 8 1
19.031 2 8 1
19.444 4 8 1
19.858 2 8 1
20.272 4 8 1
20.479 3 8 1
20.686 2 8 1
21.1 1 8 1
21.513 2 8 1
21.513 4 8 1
21.927 2 8 1
22.134 3 8 1
22.341 4 8 1
22.755 2 8 1
23.168 1 8 1
23.789 3 8 1
23.996 2 8 49.68
24.41 3 8 49.68
24.824 1 8 1
25.237 2 8 1
25.651 4 8 1
26.065 1 8 1
26.479 3 8 1
26.893 2 8 1
27.306 3 8 1
27.72 1 8 1
28.134 1 8 1
28.134 2 8 1
28.548 4 8 1
28.755 3 8 1
28.962 2 8 1
29.375 4 8 1
29.789 2 8 1
29.789 3 8 1
30.617 3 8 1
30.617 2 8 1
31.444 2 8 1
31.444 4 8 1
31.651 3 8 1
31.755 1 8 1
32.065 3 8 1
32.065 2 8 1
32.272 4 8 1
32.272 3 8 1
32.479 4 8 1
32.686 3 8 1
32.893 1 8 1
32.893 3 8 1
33.099 1 8 1
33.099 2 8 1
33.306 2 8 1
33.513 1 8 1
33.72 2 8 1
33.72 4 8 1
33.927 4 8 1
33.927 3 8 1
34.134 3 8 1
34.341 4 8 1
34.444 2 8 1
34.755 1 8 1
34.755 3 8 1
34.962 2 8 1
35.168 3 8 1
35.375 4 8 1
35.582 2 8 1
35.582 3 8 1
35.789 4 8 1
35.996 1 8 1
35.996 2 8 1
36.203 1 8 1
36.203 4 8 1
36.41 2 8 1
36.41 3 8 1
36.617 4 8 1
36.617 2 8 1
36.824 3 8 1
37.031 1 8 1
37.031 2 8 1
37.237 1 8 1
37.237 4 8 1
37.444 4 8 1
37.548 3 8 1
37.651 2 8 1
37.755 3 8 1
38.065 4 8 1
38.065 1 8 1
38.272 3 8 1
38.375 2 8 1
38.479 1 8 1
38.686 2 8 1
38.686 4 8 1
38.893 1 8 1
38.893 4 8 1
39.099 3 8 1
39.306 4 8 1
39.513 2 8 1
39.513 3 8 1
39.72 1 8 1
39.72 3 8 1
39.927 3 8 1
40.031 1 8 1
40.134 2 8 1
40.341 1 8 1
40.341 3 8 1
40.548 1 8 1
40.548 4 8 1
40.755 3 8 1
40.962 1 8 1
40.962 3 8 1
41.168 3 8 1
41.375 1 8 37.32
41.375 4 8 1
41.582 3 8 1
41.686 3 8 1
41.789 2 8 24.84
41.789 4 8 1
41.996 3 8 24.84
42.203 4 8 49.68
42.203 1 8 1
42.41 2 8 1
42.617 1 8 1
42.617 3 8 1
42.755 2 8 1
43.03 3 8 1
43.03 2 8 1
43.082 4 8 34.2
43.168 2 8 1
43.237 1 8 1
43.306 2 8 1
43.444 1 8 1
43.444 3 8 1
43.444 4 8 1
43.651 3 8 24.84
43.858 1 8 1
43.858 4 8 1
43.996 3 8 1
44.065 4 8 1
44.117 3 8 1
44.181 2 8 1
44.203 1 8 1
44.272 4 8 1
44.272 3 8 1
44.479 2 8 1
44.686 4 8 1
44.686 2 8 1
44.893 1 8 1
45.099 1 8 1
45.306 3 8 1
45.513 1 8 1
45.513 3 8 24.84
45.927 1 8 1
45.927 2 8 24.84
46.134 4 8 1
46.341 1 8 1
46.341 2 8 1
46.341 4 8 24.84
46.548 3 8 12.36
46.651 4 8 37.32
46.755 1 8 1
46.962 2 8 1
46.962 3 8 24.72
47.168 2 8 1
47.168 4 8 24.84
47.272 3 8 12.36
47.375 1 8 1
47.479 2 8 12.36
47.582 3 8 24.84
47.789 4 8 24.84
47.996 1 8 1
47.996 3 8 1
48.203 3 8 1
48.41 2 8 1
48.41 4 8 1
48.617 2 8 1
48.824 1 8 1
48.824 3 8 1
49.03 4 8 49.68
49.237 1 8 1
49.237 3 8 1
49.444 2 8 1
49.444 1 8 1
49.651 1 8 24.84
49.651 4 8 1
49.858 2 8 1
49.962 1 8 1
50.065 1 8 1
50.065 3 8 12.36
50.272 2 8 12.36
50.272 4 8 1
50.479 1 8 1
50.479 3 8 24.84
50.686 1 8 1
50.686 4 8 1
50.893 3 8 12.36
51.099 2 8 1
51.099 4 8 1
51.203 4 8 1
51.306 1 8 8.28
51.306 2 8 1
51.513 2 8 1
51.513 4 8 1
51.617 2 8 1
51.72 1 8 12.48
51.72 3 8 1
51.824 4 8 1
51.927 2 8 24.84
52.134 3 8 1
52.341 1 8 1
52.341 2 8 12.36
52.341 4 8 1
52.548 4 8 1
52.755 2 8 1
52.755 4 8 1
52.962 1 8 1
52.962 4 8 24.72
53.065 2 8 1
53.168 1 8 1
53.168 3 8 1
53.272 3 8 1
53.375 2 8 1
53.375 4 8 12.48
53.582 4 8 1
53.582 2 8 1
53.789 1 8 1
53.789 2 8 1
53.996 3 8 1
54.099 1 8 1
54.203 2 8 1
54.203 4 8 24.84
54.41 1 8 1
54.41 3 8 1
54.617 3 8 1
54.617 4 8 1
54.72 2 8 1
54.824 1 8 1
54.824 4 8 1
54.927 2 8 1
54.927 3 8 1
55.03 1 8 1
55.03 4 8 1
55.134 4 8 1
55.237 2 8 1
55.237 3 8 1
55.341 3 8 1
55.444 1 8 1
55.444 2 8 1
55.548 1 8 1
55.651 3 8 1
55.651 4 8 1
55.755 2 8 1
55.858 4 8 1
55.858 3 8 1
55.962 3 8 1
56.065 2 8 1
56.065 1 8 1
56.168 2 8 1
56.272 1 8 1
56.272 2 8 1
56.375 4 8 1
56.375 3 8 1
56.479 4 8 1
56.479 3 8 1
56.582 1 8 1
56.686 1 8 1
56.686 2 8 20.64
56.893 3 8 6.12
56.893 4 8 1
57.099 1 8 12.48
57.099 2 8 6.24
57.099 4 8 1
57.513 1 8 1
57.513 2 8 1
57.927 4 8 1
57.927 2 8 1
57.927 3 8 1
58.341 4 8 1
58.393 2 8 1
58.444 1 8 1
58.548 2 8 1
58.548 3 8 1
58.599 4 8 1
58.664 1 8 1
58.755 4 8 1
58.755 3 8 1
58.806 1 8 1
58.824 2 8 1
58.893 3 8 1
58.961 4 8 1
59.03 3 8 1
59.099 2 8 1
59.168 1 8 1
59.22 3 8 1
59.272 4 8 1
59.324 2 8 1
59.375 1 8 1
59.427 2 8 1
59.513 1 8 1
59.582 4 8 1
59.686 3 8 1
59.789 2 8 1
59.789 3 8 1
59.996 1 8 1
59.996 4 8 1
60.203 1 8 1
60.306 2 8 1
60.41 1 8 1
60.41 2 8 1
60.617 1 8 1
60.824 3 8 1
60.824 4 8 1
61.03 1 8 1
61.03 2 8 1
61.134 1 8 1
61.237 1 8 1
61.237 4 8 1
61.651 1 8 1
61.755 2 8 1
61.858 1 8 1
61.858 4 8 1
61.927 3 8 1
61.996 1 8 1
62.065 4 8 1
62.065 2 8 1
62.065 3 8 1
62.134 1 8 1
62.203 4 8 1
62.272 3 8 1
62.341 4 8 1
62.41 2 8 1
62.479 1 8 1
62.548 3 8 1
62.617 4 8 1
62.686 2 8 1
62.755 4 8 1
62.824 3 8 1
62.893 1 8 1
63.099 2 8 1
63.099 4 8 1
63.306 3 8 1
63.306 4 8 1
63.513 1 8 1
63.513 3 8 1
63.72 1 8 1
63.72 4 8 1
64.134 1 8 1
64.134 2 8 1
64.548 1 8 1
64.548 3 8 1
64.548 4 8 1
64.755 1 8 1
64.961 3 8 1
64.961 4 8 1
65.013 1 8 1
65.099 2 8 1
65.168 3 8 1
65.168 4 8 1
65.237 1 8 1
65.306 2 8 1
65.375 1 8 1
65.375 3 8 1
65.444 4 8 1
65.513 2 8 1
65.651 3 8 1
65.72 2 8 1
65.789 3 8 1
65.858 4 8 1
65.927 2 8 1
65.996 1 8 1
66.099 2 8 1
66.203 4 8 1
66.306 3 8 1
66.41 2 8 1
66.513 1 8 1
66.617 2 8 1
66.617 4 8 1
66.824 3 8 24.72
67.03 4 8 24.84
67.03 1 8 1
67.237 1 8 1
67.237 2 8 49.68
67.444 3 8 1
67.444 4 8 1
67.651 1 8 1
67.755 4 8 1
67.858 1 8 1
67.858 2 8 1
67.961 3 8 24.84
68.065 4 8 1
68.168 1 8 1
68.168 4 8 1
68.272 2 8 1
68.272 3 8 49.68
68.479 1 8 1
68.479 2 8 1
68.686 1 8 1
68.686 2 8 49.56
68.686 4 8 1
68.893 4 8 1
68.893 3 8 1
69.099 3 8 74.52
69.099 1 8 1
69.306 1 8 1
69.306 4 8 1
69.513 2 8 1
69.617 1 8 1
69.72 2 8 24.84
69.72 4 8 1
69.824 4 8 1
69.927 1 8 24.84
69.927 4 8 1
70.134 2 8 24.84
70.134 4 8 1
70.341 1 8 1
70.341 3 8 49.68
70.341 4 8 1
70.548 1 8 1
70.548 4 8 1
70.755 2 8 1
70.755 4 8 1
70.961 1 8 1
70.961 4 8 1
71.168 1 8 1
71.168 3 8 1
71.168 4 8 1
71.168 2 8 1
71.582 1 8 1
71.582 2 8 1
71.651 3 8 1
71.72 2 8 1
71.789 4 8 1
71.789 1 8 1
71.841 2 8 1
71.944 3 8 1
71.996 4 8 1
71.996 1 8 1
72.048 2 8 1
72.099 3 8 1
72.151 4 8 1
72.203 1 8 1
72.272 3 8 1
72.341 2 8 1
72.41 3 8 1
72.461 1 8 1
72.513 4 8 1
72.565 2 8 1
72.617 1 8 1
72.694 2 8 1
72.824 3 8 1
72.927 4 8 1
73.03 2 8 1
73.237 4 8 1
73.237 1 8 1
73.341 2 8 1
73.444 1 8 1
73.548 4 8 1
73.651 1 8 1
73.651 2 8 24.84
73.651 3 8 1
73.858 1 8 24.84
74.065 3 8 24.84
74.065 4 8 1
74.272 2 8 1
74.375 1 8 1
74.375 4 8 12.48
74.479 2 8 1
74.479 3 8 1
74.479 1 8 1
74.892 3 8 1
74.996 3 8 20.64
75.099 1 8 1
75.099 4 8 1
75.168 2 8 1
75.255 3 8 1
75.306 2 8 1
75.306 1 8 24.84
75.306 4 8 18.6
75.444 3 8 1
75.513 4 8 74.52
75.582 3 8 1
75.651 2 8 1
75.72 1 8 1
75.772 3 8 1
75.811 2 8 7.68
75.927 3 8 1
75.996 1 8 1
76.043 2 8 1
76.134 1 8 1
76.341 4 8 1
76.548 1 8 1
76.548 3 8 1
76.961 1 8 1
76.961 2 8 1
76.961 4 8 1
77.375 1 8 1
77.479 3 8 1
77.582 2 8 1
77.686 1 8 1
77.789 3 8 1
77.789 4 8 1
78.203 3 8 1
78.306 1 8 1
78.41 4 8 1
78.461 3 8 1
78.513 1 8 1
78.548 4 8 1
78.617 1 8 1
78.617 2 8 49.56
78.824 1 8 1
79.03 3 8 49.68
79.03 4 8 1
79.082 2 8 1
79.134 1 8 1
79.237 4 8 1
79.444 1 8 49.68
79.548 4 8 1
79.651 3 8 1
79.755 2 8 1
79.858 4 8 1
79.858 3 8 74.52
80.065 2 8 24.84
80.168 1 8 1
80.272 1 8 1
80.272 4 8 49.68
80.479 1 8 24.84
80.686 2 8 37.2
80.686 3 8 1
80.892 3 8 1
80.996 4 8 1
81.099 1 8 1
81.099 2 8 1
81.203 3 8 1
81.306 1 8 1
81.306 4 8 24.84
81.41 3 8 1
81.513 1 8 1
81.513 2 8 74.52
81.72 3 8 1
81.72 4 8 1
81.927 1 8 1
81.927 4 8 1
82.134 1 8 1
82.134 3 8 74.52
82.341 2 8 1
82.341 4 8 1
82.548 2 8 1
82.548 4 8 1
82.755 4 8 1
82.755 1 8 1
82.858 3 8 1
82.858 4 8 1
82.961 1 8 1
82.961 2 8 1
83.065 1 8 1
83.168 3 8 24.84
83.168 4 8 1
83.375 1 8 1
83.375 2 8 24.84
83.375 4 8 1
83.582 4 8 1
83.582 3 8 1
83.789 1 8 1
83.789 3 8 1
83.996 1 8 1
83.996 3 8 1
84.203 3 8 1
84.203 4 8 1
84.41 1 8 1
84.41 3 8 1
84.41 4 8 1
84.617 3 8 1
84.824 1 8 1
84.927 2 8 1
85.03 3 8 1
85.134 1 8 1
85.237 4 8 1
85.237 3 8 12.48
85.341 4 8 24.84
85.651 1 8 1
86.065 4 8 12.36
86.065 2 8 1
86.168 3 8 12.48
86.272 1 8 1
86.375 2 8 1
86.479 1 8 1
86.479 3 8 1
86.479 4 8 1
86.686 1 8 1
86.686 3 8 1
86.892 3 8 1
86.892 4 8 1
86.892 1 8 1
87.099 2 8 10.92
87.306 2 8 12.48
87.358 3 8 6.24
87.41 1 8 12.36
87.41 4 8 1
87.513 2 8 12.48
87.565 4 8 1
87.617 1 8 1
87.617 3 8 1
87.668 2 8 1
87.72 4 8 1
87.72 3 8 1
87.927 1 8 1
88.134 2 8 1
88.341 4 8 1
88.548 1 8 1
88.548 3 8 1
88.755 4 8 1
88.858 2 8 1
88.961 4 8 1
89.168 1 8 1
89.168 2 8 1
89.375 1 8 1
89.375 3 8 1
89.582 1 8 1
89.582 4 8 1
89.651 2 8 1
89.737 3 8 6.24
89.789 4 8 1
89.802 2 8 35.64
89.996 4 8 1
90.203 2 8 1
90.203 1 8 18.6
90.203 3 8 1
90.203 4 8 8.28
90.41 2 8 8.28
90.479 3 8 12.36
90.617 1 8 1
90.72 2 8 1
90.823 4 8 1
90.875 1 8 1
90.927 2 8 1
90.979 3 8 1
91.03 4 8 1
91.03 1 8 1
91.237 3 8 1
91.444 1 8 1
91.496 2 8 1
91.548 3 8 1
91.599 4 8 1
91.651 1 8 1
91.755 3 8 1
91.789 1 8 1
91.806 2 8 1
91.858 4 8 1
91.858 3 8 1
91.91 2 8 1
91.961 1 8 20.76
92.065 2 8 1
92.134 3 8 5.64
92.22 4 8 1
92.272 1 8 1
92.479 3 8 1
92.686 1 8 1
92.686 2 8 1
92.686 4 8 1
92.789 3 8 1
92.892 1 8 1
92.996 2 8 1
93.099 3 8 1
93.099 4 8 1
93.306 1 8 1
93.41 2 8 1
93.461 3 8 1
93.513 4 8 1
93.513 1 8 1
93.526 2 8 15
93.668 3 8 1
93.72 4 8 8.28
93.772 3 8 12.36
93.875 2 8 6.24
93.927 1 8 1
93.979 2 8 1
93.979 4 8 18.6
93.979 3 8 1
94.03 1 8 6.24
94.134 2 8 1
94.237 4 8 1
94.289 3 8 1
94.341 1 8 1
94.341 2 8 1
94.548 2 8 1
94.651 3 8 1
94.651 4 8 1
94.755 4 8 1
94.755 1 8 12.36
94.961 1 8 1
94.961 3 8 1
95.168 4 8 1
95.168 1 8 1
95.375 3 8 1
95.375 4 8 1
95.582 2 8 1
95.582 4 8 12.48
95.789 3 8 1
95.789 4 8 1
95.996 3 8 1
95.996 4 8 1
96.099 1 8 1
96.099 2 8 1
96.203 3 8 1
96.203 4 8 1
96.306 1 8 1
96.306 4 8 1
96.41 3 8 1
96.41 4 8 1
96.513 2 8 1
96.617 1 8 1
96.72 3 8 1
96.823 1 8 1
96.823 4 8 1
97.03 1 8 1
97.03 3 8 1
97.237 2 8 1
97.237 3 8 1
97.444 4 8 1
97.444 3 8 1
97.651 4 8 1
97.651 1 8 1
97.686 2 8 1
98.065 1 8 1
98.272 3 8 1
98.272 1 8 1
98.323 2 8 1
98.375 4 8 1
98.479 1 8 1
98.479 2 8 1
98.53 4 8 1
98.53 3 8 1
98.634 3 8 1
98.686 2 8 1
98.737 1 8 1
98.892 4 8 1
98.944 2 8 1
98.996 3 8 1
99.306 1 8 1
99.306 4 8 1
99.358 2 8 1
99.41 3 8 1
99.461 4 8 1
99.513 2 8 1
99.582 3 8 1
99.651 2 8 1
99.72 4 8 1
99.72 1 8 1
99.927 1 8 1
100.03 2 8 1
100.082 3 8 1
100.134 4 8 1
100.341 2 8 1
100.375 3 8 1
100.431 1 8 1
100.496 4 8 1
100.548 3 8 1
100.599 1 8 1
100.651 4 8 1
100.703 3 8 1
100.755 1 8 1
100.806 2 8 1
100.858 4 8 1
100.91 3 8 1
100.961 1 8 1
100.961 2 8 1
101.375 4 8 74.52
101.427 3 8 1
101.582 2 8 1
101.789 1 8 1
101.996 1 8 1
102.099 2 8 12.48
102.203 3 8 1
102.41 4 8 1
102.617 1 8 1
102.617 2 8 1
102.823 2 8 1
102.875 1 8 1
102.927 4 8 1
102.979 3 8 1
103.03 1 8 1
103.03 2 8 1
103.237 2 8 1
103.237 4 8 1
103.289 1 8 1
103.341 3 8 1
103.392 2 8 1
103.444 1 8 1
103.444 4 8 1
103.651 4 8 1
103.755 2 8 1
103.806 3 8 1
103.858 4 8 1
103.91 3 8 1
103.961 2 8 1
104.065 4 8 1
104.117 3 8 1
104.168 1 8 1
104.22 2 8 1
104.272 3 8 1
104.285 4 8 1
104.285 1 8 48.12
104.466 3 8 1
104.513 4 8 1
104.686 4 8 1
104.737 2 8 1
104.789 3 8 1
104.892 4 8 1
104.944 3 8 1
105.048 2 8 1
105.099 3 8 1
105.099 4 8 1
105.151 1 8 1
105.203 3 8 1
105.272 2 8 1
105.306 4 8 24.84
105.513 1 8 1
105.72 2 8 1
105.927 3 8 1
105.979 2 8 1
106.005 1 8 1
106.082 4 8 1
106.134 1 8 1
106.186 2 8 1
106.237 3 8 1
106.289 1 8 1
106.341 2 8 1
106.341 4 8 1
106.392 3 8 1
106.548 1 8 1
106.651 2 8 1
106.703 4 8 1
106.754 1 8 1
106.754 2 8 1
106.91 3 8 1
106.961 1 8 1
107.013 4 8 1
107.065 3 8 1
107.117 2 8 1
107.168 1 8 12.48
107.272 4 8 1
107.375 2 8 12.48
107.427 3 8 1
107.479 1 8 12.36
107.582 4 8 1
107.789 4 8 1
107.892 2 8 1
107.996 3 8 1
107.996 4 8 1
108.203 4 8 1
108.41 2 8 1
108.41 4 8 1
108.617 4 8 1
108.72 3 8 1
108.823 2 8 1
108.823 1 8 1
109.03 1 8 1
109.237 1 8 1
109.237 2 8 1
109.341 1 8 1
109.341 4 8 1
109.444 2 8 1
109.444 3 8 1
109.548 2 8 12.36
109.651 1 8 6.24
109.651 3 8 6.24
109.651 4 8 1
109.858 1 8 1
109.858 3 8 1
110.013 2 8 1
110.065 4 8 1
110.479 2 8 1
110.892 1 8 1
110.892 2 8 1
110.892 4 8 1
111.306 1 8 1
111.306 4 8 1
111.375 3 8 1
111.444 2 8 1
111.513 4 8 1
111.513 1 8 1
111.565 2 8 1
111.604 3 8 13.92
111.72 4 8 1
111.72 1 8 1
111.72 2 8 1
111.823 4 8 1
111.927 3 8 24.84
111.979 1 8 1
112.03 4 8 12.48
112.134 2 8 1
112.134 1 8 1
112.203 3 8 41.4
112.272 2 8 1
112.341 1 8 1
112.392 2 8 1
112.457 4 8 1
112.548 2 8 1
112.548 1 8 49.56
112.754 3 8 1
112.858 4 8 1
112.961 3 8 49.68
112.961 4 8 1
113.168 1 8 1
113.272 2 8 1
113.375 2 8 24.84
113.375 1 8 1
113.375 4 8 49.68
113.582 3 8 1
113.789 2 8 1
113.789 3 8 24.84
113.996 1 8 1
114.099 2 8 1
114.203 1 8 1
114.203 4 8 1
114.617 4 8 1
114.617 1 8 1
114.686 3 8 16.44
114.754 2 8 1
114.823 4 8 8.28
114.823 1 8 1
114.892 2 8 1
114.961 3 8 1
115.03 4 8 33.12
115.03 1 8 1
115.082 3 8 1
115.186 2 8 1
115.237 1 8 18.6
115.289 3 8 1
115.392 2 8 1
115.444 4 8 1
115.444 3 8 1
115.496 1 8 15.48
115.582 2 8 1
115.625 3 8 1
115.703 1 8 18.6
115.858 4 8 24.84
115.858 2 8 1
116.065 3 8 24.84
116.272 1 8 1
116.272 2 8 37.2
116.479 4 8 12.36
116.686 1 8 1
116.686 3 8 1
116.686 4 8 1
117.099 2 8 9.36
117.099 4 8 1
117.513 1 8 1
117.513 4 8 1
117.836 3 8 1
117.927 4 8 1
117.94 1 8 1
118.03 3 8 1
118.082 2 8 1
118.134 4 8 1
118.134 3 8 1
118.211 1 8 1
118.272 3 8 1
118.341 1 8 1
118.341 4 8 49.56
118.548 3 8 1
118.651 1 8 1
118.754 1 8 49.68
118.961 3 8 24.84
119.168 4 8 1
119.168 2 8 1
119.272 3 8 37.2
119.582 1 8 1
119.582 2 8 49.68
119.789 3 8 1
119.996 1 8 1
119.996 3 8 1
119.996 4 8 49.68
120.203 2 8 24.84
120.41 1 8 1
120.41 3 8 37.2
120.617 4 8 1
120.72 1 8 1
120.72 2 8 12.36
120.823 3 8 1
120.823 4 8 1
120.927 2 8 1
121.03 1 8 12.48
121.134 3 8 1
121.134 4 8 1
121.237 1 8 1
121.237 2 8 49.68
121.444 3 8 1
121.444 4 8 1
121.651 1 8 1
121.651 3 8 124.2
121.858 2 8 1
121.858 4 8 1
122.065 2 8 1
122.065 4 8 1
122.272 2 8 1
122.479 4 8 1
122.479 1 8 1
122.582 2 8 1
122.686 1 8 1
122.686 4 8 1
122.789 3 8 62.04
122.789 4 8 1
122.892 1 8 1
122.892 2 8 1
123.099 2 8 74.52
123.099 4 8 1
123.306 4 8 1
123.306 1 8 1
123.513 3 8 1
123.513 1 8 1
123.72 3 8 1
123.72 4 8 1
123.927 3 8 1
123.927 4 8 1
124.134 1 8 1
124.134 3 8 1
124.134 4 8 1
124.548 1 8 1
124.599 2 8 1
124.651 3 8 1
124.703 2 8 1
124.754 1 8 1
124.754 4 8 1
124.806 2 8 1
124.858 4 8 1
124.91 3 8 1
124.961 1 8 1
124.961 2 8 1
125.013 3 8 1
125.065 2 8 1
125.117 3 8 1
125.168 4 8 1
125.237 1 8 1
125.375 3 8 1
125.427 2 8 1
125.479 1 8 1
125.53 4 8 1
125.582 3 8 1
125.634 1 8 1
125.737 3 8 1
125.789 1 8 1
125.996 1 8 1
125.996 3 8 1
126.099 2 8 1
126.203 3 8 1
126.203 4 8 1
126.306 2 8 1
126.41 1 8 1
126.513 4 8 12.48
126.617 3 8 24.72
126.617 1 8 1
126.617 2 8 1
126.823 2 8 12.48
127.03 2 8 24.84
127.03 4 8 1
127.237 1 8 1
127.341 2 8 1
127.444 1 8 1
127.444 4 8 1
127.444 3 8 1
127.858 4 8 24.84
127.927 1 8 1
127.996 2 8 1
128.065 1 8 1
128.065 3 8 1
128.134 2 8 1
128.203 3 8 1
128.272 4 8 1
128.272 1 8 74.4
128.323 2 8 1
128.41 3 8 1
128.479 2 8 1
128.548 3 8 1
128.617 2 8 8.16
128.685 3 8 1
128.754 2 8 1
128.823 3 8 1
128.892 4 8 49.68
128.961 2 8 1
129.099 1 8 1
129.306 2 8 1
129.513 1 8 1
129.513 2 8 1
129.72 3 8 1
129.927 4 8 1
129.927 1 8 1
130.341 3 8 1
130.548 1 8 1
130.651 1 8 1
130.754 3 8 1
130.754 2 8 1
130.754 4 8 1
131.168 1 8 1
131.168 2 8 1
131.237 3 8 1
131.306 2 8 1
131.375 4 8 1
131.375 3 8 1
131.375 1 8 1
131.444 2 8 1
131.582 3 8 1
131.582 1 8 1
131.685 2 8 62.16
131.789 3 8 24.84
131.789 4 8 1
131.996 1 8 18.6
132.203 1 8 24.84
132.41 2 8 1
132.41 3 8 49.56
132.513 4 8 1
132.617 1 8 1
132.823 2 8 24.84
132.823 1 8 1
133.03 3 8 24.84
133.237 1 8 49.68
133.237 2 8 1
133.237 4 8 86.88
133.444 3 8 1
133.651 2 8 1
133.651 3 8 24.84
133.858 2 8 24.84
133.961 1 8 1
134.065 3 8 1
134.065 4 8 1
134.168 1 8 1
134.272 3 8 12.36
134.272 4 8 1
134.375 1 8 1
134.479 2 8 1
134.479 3 8 24.72
134.479 4 8 1
134.685 2 8 24.84
134.685 4 8 1
134.892 1 8 1
134.892 3 8 24.84
135.099 2 8 24.84
135.099 4 8 1
135.306 3 8 49.68
135.513 1 8 1
135.513 4 8 1
135.72 1 8 1
135.72 2 8 1
135.823 3 8 1
135.823 1 8 37.32
135.927 4 8 1
136.03 3 8 1
136.134 3 8 24.84
136.134 4 8 1
136.134 2 8 1
136.341 1 8 1
136.341 2 8 49.56
136.548 4 8 1
136.548 3 8 1
136.961 2 8 49.68
137.375 1 8 1
137.375 3 8 1
137.375 4 8 1
137.789 4 8 1
137.996 1 8 1
138.203 4 8 1
138.617 2 8 1
139.03 1 8 1
139.03 4 8 1
139.444 4 8 1
139.651 2 8 6.24
139.651 4 8 1
139.858 1 8 10.8
140.065 3 8 1
140.272 4 8 1
140.375 3 8 12.48
140.479 2 8 1
140.685 1 8 1
140.685 2 8 1
140.685 4 8 1
140.892 3 8 1
141.099 1 8 1
141.306 3 8 1
141.513 4 8 1
141.927 1 8 1
142.341 4 8 1
142.341 1 8 1
142.754 1 8 1
142.961 2 8 6.24
142.961 4 8 1
143.168 1 8 1
143.168 3 8 1
143.272 2 8 1
143.479 4 8 1
143.582 1 8 6.24
143.789 3 8 1
143.892 2 8 1
143.996 1 8 1
143.996 4 8 1
144.203 3 8 1
144.41 2 8 1
144.616 1 8 1
144.823 4 8 1
145.237 2 8 1
145.651 3 8 1
145.651 4 8 1
146.065 1 8 1
146.272 4 8 1
146.479 4 8 1
146.479 1 8 8.28
146.685 2 8 1
146.892 1 8 1
146.892 4 8 1
147.203 2 8 1
147.306 1 8 1
147.306 4 8 1
147.72 4 8 1
147.927 2 8 1
148.134 4 8 1
148.548 1 8 1
148.961 2 8 1
149.375 3 8 1
149.789 2 8 1
150.203 1 8 1
150.616 4 8 1
150.616 1 8 1
150.616 2 8 1
151.03 4 8 1
151.444 2 8 1
151.858 4 8 1
152.272 2 8 1
152.272 1 8 1
152.272 4 8 1
152.685 1 8 1
152.685 4 8 1
152.892 2 8 1
152.892 4 8 1
153.099 1 8 1
153.099 3 8 1
153.306 3 8 1
153.513 4 8 1
153.513 1 8 1
153.927 1 8 1
153.927 2 8 1
153.927 4 8 1
154.341 4 8 1
154.548 2 8 1
154.754 4 8 1
155.168 4 8 1
155.582 1 8 1
155.582 4 8 1
155.996 2 8 1
155.996 4 8 1
156.203 1 8 1
156.41 3 8 1
156.41 4 8 1
156.823 1 8 1
156.823 4 8 1
157.237 1 8 1
157.237 3 8 1
157.237 4 8 1
157.651 1 8 1
158.065 1 8 1
158.479 3 8 1
158.892 1 8 1
158.892 3 8 1
158.892 4 8 1
159.306 1 8 1
159.306 4 8 1
159.513 2 8 1
159.513 4 8 1
159.72 2 8 1
159.72 4 8 1
160.134 1 8 1
160.134 4 8 1
160.547 1 8 1
160.547 4 8 223.56
160.547 3 8 198.72
160.961 1 8 1
161.375 1 8 1
161.789 1 8 1
162.203 1 8 1
162.41 3 8 1
162.513 2 8 1
162.616 1 8 1
162.616 4 8 1
162.72 3 8 1
162.823 4 8 1
162.927 2 8 1
162.979 3 8 1
163.03 1 8 1
163.082 3 8 1
163.134 4 8 1
163.185 3 8 1
163.237 2 8 1
163.341 3 8 1
163.392 2 8 1
163.444 1 8 1
163.496 4 8 1
163.599 2 8 1
163.754 1 8 1
163.858 3 8 1
163.858 2 8 1
163.858 4 8 1
164.168 1 8 1
164.168 3 8 1
164.272 4 8 1
164.479 2 8 1
164.685 1 8 1
164.685 4 8 1
164.892 2 8 1
165.099 2 8 1
165.306 2 8 1
165.513 1 8 1
165.513 2 8 1
165.513 4 8 1
165.789 4 8 1
165.927 2 8 1
166.134 4 8 1
166.341 2 8 1
166.341 3 8 1
166.547 4 8 1
166.754 2 8 1
167.168 1 8 1
167.168 3 8 1
167.375 1 8 1
167.375 4 8 1
167.582 3 8 1
167.582 1 8 1
167.789 1 8 1
167.996 2 8 1
167.996 4 8 1
168.203 1 8 1
168.203 3 8 1
168.41 4 8 1
168.616 2 8 1
168.616 4 8 1
168.823 4 8 1
168.823 3 8 1
169.082 4 8 1
169.237 2 8 1
169.237 4 8 1
169.444 2 8 1
169.651 1 8 1
169.651 4 8 1
169.858 2 8 1
169.961 1 8 1
170.065 3 8 1
170.065 4 8 1
170.479 2 8 1
170.479 4 8 1
170.685 3 8 1
170.789 1 8 1
170.892 2 8 1
171.099 1 8 1
171.099 4 8 1
171.306 1 8 1
171.306 2 8 1
171.513 1 8 1
171.616 4 8 1
171.72 3 8 1
171.927 2 8 1
171.927 3 8 1
172.134 3 8 1
172.134 4 8 1
172.237 3 8 1
172.444 4 8 1
172.754 1 8 1
172.961 4 8 1
173.065 2 8 1
173.168 3 8 1
173.375 4 8 1
173.789 1 8 1
173.789 2 8 1
173.789 4 8 1
173.996 1 8 1
174.203 1 8 1
174.203 3 8 49.56
174.41 2 8 1
174.616 2 8 24.84
174.616 4 8 1
174.823 3 8 24.84
174.823 1 8 1
175.03 1 8 24.84
175.03 4 8 1
175.237 2 8 24.84
175.444 4 8 48.12
175.444 1 8 1
175.444 3 8 1
175.582 2 8 1
175.651 3 8 1
175.703 1 8 1
175.789 3 8 1
175.845 2 8 26.4
176.065 3 8 24.84
176.272 2 8 1
176.272 4 8 1
176.41 1 8 57.84
176.478 2 8 1
176.547 3 8 1
176.685 2 8 1
176.685 4 8 1
176.892 3 8 1
177.099 1 8 1
177.099 3 8 1
177.306 1 8 1
177.513 2 8 1
177.513 4 8 1
177.72 1 8 1
177.927 1 8 24.84
177.927 3 8 1
178.134 2 8 1
178.341 1 8 24.72
178.341 4 8 1
178.547 3 8 1
178.754 2 8 1
178.754 1 8 37.32
178.754 3 8 1
178.961 4 8 1
179.065 3 8 1
179.168 1 8 1
179.375 1 8 24.84
179.582 2 8 12.36
179.582 4 8 1
179.789 1 8 49.68
179.892 3 8 1
179.996 2 8 1
179.996 4 8 1
180.203 3 8 1
180.41 1 8 1
180.41 2 8 1
180.616 4 8 24.84
180.823 2 8 1
180.823 3 8 1
181.03 2 8 1
181.237 1 8 24.84
181.237 2 8 1
181.237 4 8 1
181.444 4 8 1
181.651 2 8 1
181.651 3 8 24.84
181.858 1 8 1
181.858 2 8 1
182.065 3 8 24.84
182.065 4 8 1
182.272 1 8 24.72
182.375 3 8 1
182.478 2 8 24.84
182.478 4 8 1
182.685 1 8 1
182.685 3 8 1
182.892 2 8 24.84
182.892 3 8 1
183.099 1 8 1
183.099 4 8 1
183.306 1 8 1
183.306 3 8 1
183.513 4 8 1
183.565 3 8 1
183.616 2 8 1
183.72 1 8 1
183.72 3 8 1
183.72 4 8 1
183.927 2 8 1
183.927 3 8 1
184.03 1 8 1
184.134 2 8 1
184.134 4 8 1
184.237 3 8 1
184.341 3 8 1
184.341 4 8 1
184.547 4 8 1
184.547 1 8 1
184.754 1 8 1
184.754 2 8 1
184.858 3 8 1
184.961 2 8 1
184.961 4 8 1
185.168 1 8 1
185.168 3 8 1
185.375 3 8 1
185.375 4 8 1
185.478 1 8 1
185.582 2 8 1
185.582 4 8 1
185.685 1 8 1
185.685 3 8 1
185.789 2 8 1
185.789 4 8 1
185.892 3 8 1
185.996 1 8 1
185.996 2 8 1
186.203 4 8 1
186.203 2 8 1
186.41 2 8 1
186.41 1 8 1
186.513 4 8 1
186.616 1 8 1
186.616 3 8 1
186.823 3 8 1
186.823 4 8 1
187.03 1 8 1
187.03 4 8 1
187.134 3 8 1
187.134 4 8 1
187.237 1 8 1
187.237 2 8 1
187.237 4 8 1
187.341 3 8 1
187.444 2 8 1
187.444 1 8 1
187.547 2 8 1
187.547 1 8 1
187.651 4 8 1
187.651 3 8 1
187.754 3 8 1
187.754 4 8 1
187.858 1 8 1
187.858 2 8 1
187.961 1 8 1
187.961 2 8 1
188.065 2 8 1
188.065 3 8 1
188.168 3 8 1
188.168 4 8 1
188.272 1 8 1
188.272 4 8 1
188.375 1 8 1
188.375 2 8 1
188.478 4 8 1
188.478 3 8 1
188.582 4 8 1
188.685 1 8 1
188.685 2 8 1
188.789 4 8 1
188.789 3 8 1
188.892 3 8 1
188.892 4 8 1
188.996 1 8 1
188.996 2 8 1
189.099 3 8 1
189.099 4 8 1
189.203 3 8 1
189.306 2 8 1
189.306 1 8 1
189.513 2 8 4.08
189.513 4 8 4.08
189.927 1 8 4.08
189.927 3 8 1
190.341 3 8 1
190.341 1 8 1
190.341 4 8 1
190.547 1 8 1
190.754 4 8 1
190.754 1 8 1
190.806 3 8 1
190.909 2 8 1
190.961 1 8 1
190.961 3 8 1
190.961 4 8 1
191.013 2 8 1
191.116 3 8 1
191.168 4 8 1
191.168 2 8 1
191.194 1 8 1
191.272 4 8 1
191.323 3 8 1
191.375 1 8 1
191.375 2 8 1
191.478 1 8 1
191.582 4 8 1
191.634 2 8 1
191.685 3 8 1
191.737 1 8 1
191.789 4 8 1
191.841 2 8 1
191.892 1 8 1
191.996 3 8 1
191.996 4 8 1
192.203 2 8 1
192.203 1 8 1
192.409 4 8 1
192.409 3 8 1
192.616 1 8 1
192.616 2 8 1
192.72 3 8 1
192.823 1 8 1
192.823 4 8 1
193.03 1 8 1
193.237 2 8 1
193.237 4 8 1
193.444 1 8 1
193.444 2 8 1
193.547 1 8 1
193.651 2 8 1
193.651 3 8 1
193.651 4 8 1
194.065 1 8 1
194.065 4 8 1
194.134 3 8 1
194.203 2 8 1
194.272 3 8 1
194.272 4 8 1
194.341 1 8 1
194.409 2 8 1
194.478 4 8 1
194.478 1 8 1
194.547 3 8 1
194.616 2 8 1
194.685 4 8 1
194.754 3 8 1
194.823 2 8 1
194.892 1 8 1
194.961 4 8 1
195.03 3 8 1
195.099 2 8 1
195.151 3 8 1
195.203 1 8 1
195.306 2 8 1
195.306 4 8 1
195.409 4 8 1
195.513 1 8 1
195.616 1 8 1
195.72 2 8 1
195.72 3 8 1
195.927 2 8 1
195.927 3 8 1
196.134 2 8 1
196.134 1 8 1
196.134 4 8 1
196.547 2 8 1
196.547 3 8 1
196.754 1 8 1
196.754 2 8 1
196.961 1 8 1
196.961 2 8 1
196.961 4 8 1
197.323 3 8 1
197.323 4 8 1
197.375 2 8 1
197.444 1 8 1
197.53 3 8 1
197.582 4 8 1
197.582 2 8 1
197.651 3 8 1
197.737 2 8 1
197.789 1 8 1
197.789 4 8 1
197.858 3 8 1
197.927 2 8 1
197.996 4 8 1
197.996 3 8 1
198.065 1 8 1
198.134 2 8 1
198.203 4 8 1
198.272 3 8 1
198.341 1 8 1
198.409 2 8 1
198.478 3 8 1
198.547 2 8 1
198.616 3 8 1
198.616 4 8 1
198.668 2 8 1
198.72 1 8 1
198.823 3 8 1
198.927 2 8 1
199.03 1 8 1
199.03 3 8 1
199.237 2 8 1
199.444 1 8 1
199.444 3 8 1
199.444 4 8 49.68
199.651 1 8 1
199.858 3 8 1
199.858 2 8 49.68
200.065 1 8 6.12
200.168 4 8 1
200.272 3 8 1
200.272 4 8 1
200.375 2 8 1
200.478 1 8 1
200.478 3 8 1
200.582 3 8 1
200.685 1 8 1
200.685 2 8 49.68
200.685 4 8 1
200.892 4 8 1
200.892 3 8 1
201.099 3 8 49.68
201.099 4 8 1
201.099 1 8 1
201.306 1 8 1
201.306 2 8 1
201.513 2 8 148.92
201.513 4 8 1
201.72 3 8 1
201.72 4 8 1
201.927 3 8 1
201.927 1 8 1
202.03 3 8 1
202.03 4 8 1
202.134 1 8 1
202.134 4 8 1
202.237 3 8 1
202.341 3 8 1
202.341 4 8 1
202.547 3 8 1
202.547 4 8 1
202.754 3 8 1
202.754 4 8 1
202.806 1 8 1
202.961 1 8 1
202.961 2 8 1
203.168 1 8 1
203.168 4 8 1
203.375 1 8 1
203.375 4 8 1
203.582 3 8 1
203.582 4 8 1
203.582 2 8 1
203.672 3 8 1
203.996 2 8 1
203.996 4 8 1
204.047 3 8 1
204.099 4 8 1
204.151 2 8 1
204.151 1 8 1
204.203 3 8 1
204.203 4 8 1
204.306 2 8 1
204.397 1 8 1
204.409 3 8 1
204.444 2 8 1
204.478 4 8 1
204.547 1 8 1
204.616 2 8 1
204.616 3 8 1
204.72 4 8 1
204.772 2 8 1
204.823 1 8 1
204.892 3 8 1
204.961 2 8 1
205.03 1 8 1
205.082 2 8 1
205.168 3 8 1
205.237 1 8 1
205.34 4 8 1
205.444 2 8 1
205.444 3 8 1
205.651 1 8 1
205.651 3 8 1
205.754 2 8 1
205.858 3 8 1
205.961 3 8 12.48
206.065 1 8 49.56
206.065 2 8 1
206.065 4 8 1
206.272 2 8 1
206.478 3 8 1
206.478 4 8 37.32
206.685 1 8 1
206.789 3 8 1
206.892 1 8 1
206.892 2 8 1
207.306 3 8 24.84
207.397 2 8 1
207.513 1 8 8.28
207.513 4 8 1
207.565 2 8 6.12
207.72 3 8 1
207.72 1 8 1
207.72 4 8 1
207.789 2 8 1
207.858 3 8 1
207.927 4 8 1
207.996 1 8 1
208.065 2 8 1
208.134 4 8 1
208.185 2 8 1
208.263 4 8 1
208.34 3 8 1
208.409 1 8 1
208.478 2 8 1
208.547 3 8 1
208.754 1 8 1
208.961 2 8 1
208.961 4 8 1
209.168 3 8 1
209.375 2 8 1
209.375 1 8 1
209.789 2 8 1
209.892 4 8 1
209.996 1 8 1
210.203 2 8 1
210.203 3 8 1
210.203 4 8 1
210.616 4 8 1
210.668 1 8 1
210.72 2 8 1
210.772 3 8 1
210.823 4 8 1
210.823 1 8 1
210.875 2 8 1
210.927 3 8 1
211.03 2 8 1
211.03 1 8 24.84
211.03 4 8 1
211.134 4 8 1
211.185 3 8 1
211.237 4 8 24.84
211.289 2 8 1
211.366 1 8 1
211.444 2 8 1
211.513 3 8 41.4
211.651 4 8 1
211.651 1 8 1
211.858 2 8 1
211.961 3 8 37.32
212.065 1 8 1
212.168 4 8 1
212.272 1 8 1
212.272 2 8 1
212.478 2 8 24.84
212.685 1 8 24.84
212.685 3 8 1
212.685 4 8 74.52
212.892 2 8 1
213.099 1 8 1
213.099 3 8 49.68
213.306 2 8 1
213.409 4 8 1
213.513 1 8 1
213.616 2 8 1
213.72 3 8 1
213.823 4 8 1
213.927 1 8 1
213.927 2 8 74.4
214.134 1 8 1
214.134 4 8 1
214.34 1 8 1
214.34 3 8 1
214.547 1 8 1
214.547 3 8 74.52
214.754 2 8 1
214.754 4 8 1
214.961 1 8 1
214.961 2 8 1
215.168 1 8 1
215.168 4 8 1
215.272 4 8 1
215.272 3 8 1
215.375 1 8 1
215.375 2 8 12.36
215.478 3 8 12.48
215.478 4 8 1
215.582 1 8 1
215.582 2 8 49.68
215.789 4 8 1
215.789 1 8 1
215.996 3 8 1
215.996 4 8 1
216.203 3 8 1
216.203 4 8 1
216.409 3 8 1
216.409 4 8 1
216.616 4 8 1
216.616 1 8 1
216.823 3 8 1
216.823 4 8 1
217.237 1 8 1
217.444 2 8 1
217.444 4 8 1
217.651 2 8 1
217.651 4 8 24.84
217.858 1 8 24.84
218.065 4 8 18.6
218.22 2 8 1
218.323 2 8 1
218.323 1 8 1
218.375 4 8 1
218.478 1 8 1
218.789 2 8 1
218.892 1 8 1
218.892 3 8 1
219.099 3 8 12.48
219.306 1 8 1
219.306 4 8 1
219.513 2 8 24.84
220.134 1 8 1
220.134 3 8 1
220.754 1 8 1
220.754 4 8 1
220.961 1 8 12.48
221.168 1 8 24.84
221.375 2 8 24.84
221.478 1 8 1
221.582 4 8 1
221.685 4 8 1
221.789 1 8 1
221.892 2 8 1
221.996 2 8 1
222.099 4 8 1
222.203 1 8 1
222.203 2 8 1
222.409 3 8 1
222.616 1 8 1
222.823 2 8 24.84
223.03 3 8 1
223.444 4 8 1
223.444 1 8 1
224.065 1 8 1
224.065 4 8 1
224.271 4 8 24.84
224.478 3 8 1
224.685 4 8 24.84
224.892 1 8 6.24
225.099 1 8 1
225.358 3 8 1
225.409 2 8 1
225.513 1 8 1
225.513 4 8 1
225.72 3 8 24.84
225.927 1 8 1
226.134 1 8 24.72
226.754 1 8 1
226.754 2 8 1
226.754 4 8 1
227.375 1 8 1
227.375 4 8 1
227.582 2 8 1
227.582 3 8 1
228.823 1 8 1
228.823 2 8 1
228.823 4 8 1
